5.302991
0.576501
0.087294
0.077602
0.126582
0.143530
0.161581
0.128779
0.153701
0.147638
0.172578
0.129394
0.113700
0.102049
0.057028
0.079120
0.067757
0.076766
0.075892
0.096547
0.184423
0.113398
0.109093
0.077414
0.081931
0.088447
0.098135
0.096411
0.088726
0.117138
0.121932
0.095961
0.087720
0.093124
0.114552
0.117722
0.095300
0.144075
0.146287
0.125488
0.119171
0.122948
0.127349
0.113089
0.130091
0.093612
0.101789
0.108465
0.106830
0.096970
0.105879
0.179616
0.046842
0.107683
0.101494
0.147198
0.116187
0.141172
0.076866
0.093501
0.117865
0.094114
0.128926
0.132756
0.156231
0.101923
0.136422
0.118393
0.235830
0.108768
0.128904
0.071974
0.128048
0.130009
0.115418
0.068679
0.135015
0.106559
0.106590
0.114582
0.125741
0.105557
0.104284
0.112089
0.115984
0.107946
0.120974
0.111114
0.104357
0.114605
0.142533
0.155583
0.161311
0.167492
0.180026
0.127940
0.109756
0.105352
0.095972
0.121624
0.126816
0.106368
0.155271
0.117726
0.122051
0.162800
0.196839
0.161047
0.125439
0.101701
0.130845
0.126292
0.121058
0.121122
0.138920
0.056845
0.104329
0.097610
0.135675
0.094834
0.090826
0.067555
0.109342
0.120945
0.131568
0.155178
0.084558
0.141070
0.129071
0.119218
0.120991
0.090168
0.130298
0.141996
0.134882
0.083594
0.099494
0.117689
0.113643
0.091177
0.108779
0.106172
0.103364
0.109087
0.113448
0.109608
0.106331
0.087592
0.115314
0.132527
0.126195
0.118401
0.085342
0.139529
0.147678
0.155274
0.194026
0.161300
0.173817
0.169950
0.166807
0.086434
0.108267
0.124387
0.154025
0.181083
0.097670
0.107852
0.064631
0.096897
0.118203
0.122573
0.152032
0.137306
0.107533
0.149632
0.117789
0.123787
0.132554
0.146005
0.152202
0.142732
0.142327
0.078336
0.095849
0.096515
0.106037
0.100378
0.090050
0.104442
0.121052
0.107682
0.103718
0.107451
0.117297
0.151404
0.113261
0.159088
0.132511
0.072131
0.135387
0.112623
0.156994
0.127769
0.063401
0.146225
0.104200
0.095362
0.089663
0.081942
0.126166
0.102363
0.136817
0.055845
0.083665
0.076722
0.075354
0.075075
0.102981
0.111945
0.127279
0.106355
0.158936
0.116058
0.108776
0.098329
0.071778
0.085110
0.138918
0.087352
0.169127
0.122017
0.171601
0.128058
0.125430
0.122498
0.152069
0.162415
0.101834
0.126161
0.119445
0.106087
0.106467
0.105345
0.123549
0.137351
0.111333
0.171952
0.116875
0.111851
0.122929
0.142033
0.160764
0.163245
0.136135
0.137494
0.136952
0.138463
0.136220
0.134412
0.184774
0.133301
0.147056
0.137145
0.138972
0.138963
0.138293
0.115430
0.131478
0.124964
0.149945
0.103058
0.104963
0.115088
0.103570
0.113856
0.108392
0.098077
0.065936
0.106718
0.114748
0.121300
0.096640
0.091609
0.092644
0.099582
0.115514
0.101327
0.092893
0.104464
0.120267
0.110469
0.115436
0.104283
0.117812
0.089255
0.141381
0.123338
0.092720
0.090980
0.105960
0.093176
0.047241
0.090017
0.108827
0.102476
0.079267
0.115860
0.148977
0.045308
0.115270
0.128162
0.094161
0.087360
0.125643
0.126987
0.118910
0.126136
0.119477
0.082418
0.095515
0.087124
0.092083
0.093587
0.095670
0.095474
0.127417
0.128943
0.119112
0.120150
0.150404
0.037470
0.093292
0.089736
0.087907
0.086990
0.085620
0.103992
0.085322
0.050655
0.107167
0.130113
0.126796
0.125009
0.216963
0.141034
0.072081
0.091838
0.138587
0.150327
0.205081
0.119682
0.171538
0.128826
0.133240
0.135457
0.106777
0.113240
0.121834
0.107089
0.120507
0.103693
0.114050
0.097997
0.121284
0.151223
0.103782
0.104259
0.120409
0.105855
0.142710
0.103043
0.066932
0.126625
0.114980
0.117834
0.132746
0.194099
0.104266
0.105001
0.126627
0.148922
0.141413
0.102355
0.109802
0.109899
0.112480
0.122135
0.118621
0.133947
0.145152
0.128366
