2.539731
0.365686
0.050413
0.050443
0.074344
0.057517
0.060921
0.051681
0.100295
0.056046
0.080782
0.052543
0.098799
0.075795
0.097949
0.090720
0.097771
0.089612
0.086597
0.067179
0.065931
0.072961
0.071508
0.078834
0.092663
0.082198
0.105780
0.072909
0.076214
0.101510
0.078912
0.038914
0.044440
0.035561
0.044851
0.061369
0.081428
0.068685
0.071019
0.068385
0.085777
0.064628
0.061442
0.074568
0.078037
0.070837
0.071910
0.047313
0.060915
0.034732
0.071866
0.079532
0.038758
0.094124
0.102219
0.068691
0.073535
0.088347
0.069133
0.060905
0.094411
0.064234
0.076660
0.062638
0.073538
0.068806
0.089371
0.092242
0.061805
0.073213
0.108745
0.081081
0.080385
0.093969
0.097853
0.118628
0.074819
0.108821
0.092671
0.088862
0.094079
0.070095
0.071558
0.061325
0.076755
0.058557
0.079495
0.065618
0.074910
0.119286
0.105430
0.094552
0.088268
0.076942
0.074509
0.072137
0.099951
0.071595
0.110500
0.104786
0.095295
0.077021
0.122627
0.099400
0.121730
0.092436
0.104338
0.063238
0.116863
0.083620
0.091872
0.072147
0.077278
0.092904
0.105047
0.103813
0.124488
0.100106
0.074857
0.073052
0.107629
0.079417
0.092461
0.101375
0.060607
0.105015
0.103386
0.060341
0.089148
0.077010
0.097392
0.079588
0.057440
0.073418
0.106662
0.099954
0.110544
0.104551
0.093095
0.118346
0.100314
0.072294
0.073570
0.081793
0.074884
0.115448
0.102470
0.089833
0.125605
0.095871
0.071353
0.089125
0.075712
0.077428
0.103194
0.087813
0.091540
0.113918
0.099679
0.093539
0.125530
0.102489
0.103601
0.105992
0.108898
0.088562
0.092970
0.082388
0.079589
0.077682
0.084133
0.064184
0.076697
0.079895
0.083272
0.079491
0.118798
0.074733
0.087092
0.069627
0.110839
0.102863
0.092289
0.075154
0.067079
0.096555
0.085266
0.086574
0.081553
0.067492
0.111930
0.073570
0.073007
0.071068
0.074533
0.094960
0.093817
0.055806
0.060521
0.077214
0.081517
0.067124
0.078403
0.093831
0.095624
0.081697
0.085201
0.080654
0.095024
0.074172
0.104255
0.059149
0.069835
0.078870
0.075340
0.086390
0.100518
0.110940
0.099510
0.109833
0.136867
0.107753
0.083804
0.087053
0.104756
0.098565
0.078271
0.082431
0.050775
0.081999
0.100999
0.091429
0.071598
0.096768
0.087139
0.098590
0.117379
0.085001
0.081341
0.082773
0.106213
0.106015
0.122350
0.107061
0.092675
0.092328
0.091345
0.080292
0.077458
0.073529
0.098409
0.094467
0.093669
0.069903
0.060182
0.067859
0.078314
0.063067
0.068405
0.108171
0.098735
0.099296
0.081644
0.067557
0.095114
0.062259
0.094145
0.098457
0.047717
0.063731
0.102858
0.075958
0.093079
0.092184
0.115803
0.079443
0.084666
0.081095
0.080221
0.103990
0.085194
0.102773
0.081858
0.077517
0.071899
0.086621
0.058274
0.067979
0.095939
0.084060
0.062481
0.067732
0.087099
0.116277
0.064648
0.062630
0.065531
0.104285
0.091965
0.089658
0.107904
0.079323
0.081513
0.080945
0.102064
0.051184
0.063776
0.086450
0.087948
0.104182
0.122116
0.093915
0.099067
0.091268
0.087866
0.094992
0.099884
0.108918
0.091315
0.141341
0.148177
0.097360
0.103665
0.106979
0.098241
0.097665
0.054414
0.060823
0.061206
0.087717
0.102307
0.076128
0.085794
0.072993
0.062229
0.060803
0.069732
0.065726
0.049729
0.064174
0.110677
0.106838
0.082492
0.069292
0.058248
0.082641
0.085073
0.056286
0.056980
0.068211
0.077214
0.087472
0.077153
0.092895
0.083498
0.093350
0.093689
0.077286
0.094359
0.122439
0.120659
0.105840
0.106405
0.065522
0.112242
0.085247
0.076605
0.088712
0.080859
0.082428
0.117713
0.075728
0.056589
0.071918
0.061674
0.101323
0.065588
0.087271
0.064299
0.055341
0.107238
0.055546
0.061737
0.070847
0.068285
0.054410
0.058769
0.082868
0.065387
0.067971
0.061726
0.063370
0.052040
0.066394
0.063929
0.082752
0.108956
0.094742
0.106649
0.078737
0.130897
0.094709
0.094420
0.078959
0.085976
0.078281
0.094706
0.083024
0.093827
0.081978
0.081590
0.098057
0.080010
0.094732
0.080075
0.076165
0.114716
0.096243
0.084379
0.112102
0.095761
0.101413
0.061483
0.100344
0.091646
0.105174
0.088082
0.075372
0.055200
0.093431
0.117515
0.078896
0.074399
0.067606
0.107138
0.066279
0.090442
0.092193
0.098045
0.075275
0.095555
0.077875
0.063538
0.061075
0.070585
0.057014
0.077887
0.057634
0.103467
0.086470
0.111632
0.091303
0.095851
0.046877
0.049300
0.062999
0.060862
0.070392
0.079559
0.083157
0.079864
0.084510
0.058789
0.057219
0.081082
0.100046
0.119693
0.112589
0.075004
0.070458
0.105170
0.083244
0.081267
0.080309
0.072158
0.098153
0.082097
0.085508
0.082455
0.099172
0.108890
0.063254
0.085930
0.082739
0.071154
0.073478
0.085514
0.092793
0.099781
0.089818
0.062549
0.058864
0.062316
0.101331
0.049412
0.103935
0.075616
0.066255
0.050269
0.038279
0.075064
0.116663
0.111633
0.095206
0.050832
0.081630
0.075932
0.068929
0.070451
0.086202
0.115262
0.068727
0.077661
0.060374
0.080809
0.061455
0.065574
0.065742
0.069321
0.088534
0.110263
0.095830
0.057962
0.062618
0.093962
0.079718
0.052466
0.079328
0.073761
0.077608
0.090733
0.087315
0.074638
0.095932
0.064128
0.103052
0.087194
0.100010
0.081463
0.101010
0.087549
0.070889
0.080589
0.106815
0.077616
0.107206
0.082813
0.091190
0.077777
0.086308
0.096252
0.037002
0.105422
0.100215
0.067082
0.084704
0.078169
0.094157
0.088487
0.098689
0.096566
0.073657
0.088266
0.082311
0.092027
0.088939
0.088201
0.102002
0.118396
0.059620
0.095852
0.063511
0.081604
0.095175
0.073531
0.095345
0.101740
0.110942
0.089407
0.069812
0.092088
0.122076
0.102072
0.100199
0.115966
0.121215
0.092436
0.107974
0.115046
0.121248
0.121596
0.092760
0.099408
0.072644
0.070208
0.081656
0.105677
0.106987
0.086298
0.106561
0.101927
0.074913
0.099247
0.086880
0.082531
0.092443
0.106525
0.101997
0.084974
0.106777
0.096462
0.091149
0.092907
0.087739
0.120362
0.062706
0.095816
0.094720
0.094258
0.107938
0.088247
0.089682
0.124265
0.080690
0.139297
0.081073
0.081708
0.091681
0.117418
0.081106
0.107714
0.077685
0.109434
0.081239
0.066727
0.070055
0.090503
0.070590
0.064554
0.047401
0.114426
0.091345
0.093835
0.084263
0.059494
0.074083
0.049049
0.052571
0.071137
0.069678
0.077983
0.080573
0.083114
0.089180
0.082809
0.093270
0.090260
0.097059
0.092254
0.094792
0.119859
0.091624
0.081955
0.063549
0.083067
0.056063
0.038814
0.054251
0.080950
0.075893
0.086996
0.070961
0.101684
0.065490
0.104856
0.092332
0.096928
0.056134
0.048362
0.073539
0.101555
0.075853
0.086406
0.105284
0.081181
0.068902
0.065689
0.063032
0.070932
0.072084
0.082459
0.088626
0.075511
0.086839
0.089061
0.084486
0.075863
0.115239
0.110607
0.102351
0.090887
0.083007
0.056376
0.072549
0.074317
0.088983
0.106663
0.118854
0.093148
0.113650
0.112653
0.074713
0.075775
0.109591
0.102997
0.084671
0.080581
0.087260
0.084872
0.073922
0.080342
0.055932
0.063250
0.083501
0.052579
