1.935996
0.075454
0.094137
0.094912
0.073073
0.071997
0.072751
0.055849
0.123121
0.068756
0.060295
0.053138
0.069663
0.081407
0.084438
0.093661
0.080860
0.082790
0.068702
0.093171
0.089922
0.098149
0.095961
0.049493
0.071087
0.083205
0.103032
0.071691
0.070261
0.082691
0.100257
0.079846
0.077628
0.062843
0.074883
0.067986
0.065281
0.060004
0.063978
0.071264
0.106331
0.087309
0.090535
0.084821
0.074156
0.083005
0.084607
0.076278
0.084838
0.073775
0.093701
0.071945
0.080276
0.067291
0.081134
0.077246
0.069663
0.077060
0.086254
0.087279
0.100128
0.052915
0.053511
0.056918
0.056359
0.048753
0.041687
0.063482
0.064967
0.079580
0.092422
0.088235
0.059772
0.066344
0.067862
0.078814
0.060868
0.091767
0.071672
0.105865
0.095208
0.072631
0.075946
0.078795
0.095627
0.097966
0.077289
0.084943
0.066209
0.081194
0.097458
0.102041
0.073181
0.076101
0.080682
0.069376
0.073613
0.066707
0.072562
0.062915
0.091428
0.069392
0.055895
0.045679
0.037837
0.077195
0.084892
0.068768
0.049466
0.051690
0.086987
0.063965
0.072333
0.070197
0.050310
0.082933
0.090254
0.082451
0.083987
0.083906
0.093699
0.068968
0.064990
0.073194
0.085594
0.086344
0.059987
0.083992
0.073036
0.066334
0.074165
0.074774
0.072790
0.063679
0.078552
0.058293
0.045720
0.053920
0.067707
0.097945
0.101835
0.048356
