1.758965
0.066942
0.075756
0.062215
0.061794
0.081850
0.084872
0.097699
0.106094
0.100004
0.086259
0.090399
0.094313
0.071754
0.082048
0.072340
0.085461
0.049024
0.046686
0.051414
0.079780
0.106041
0.088710
0.075513
0.080198
0.122890
0.047045
0.071221
0.094094
0.086121
0.078284
0.068276
0.073470
0.058342
0.084371
0.075533
0.091473
0.062373
0.075755
0.096360
0.073719
0.075650
0.080306
0.055688
0.056004
0.100579
0.069176
0.092858
0.090237
0.083919
0.095637
0.091667
0.080227
0.073025
0.054423
0.073184
0.081405
0.064814
0.061896
0.105310
0.091827
0.053168
0.092326
0.097698
0.079385
0.070417
0.089009
0.091055
0.092008
0.072865
0.110204
0.077016
0.072828
0.064675
0.076126
0.076477
0.095136
0.073367
0.103174
0.083173
0.110959
0.077259
0.077900
0.070344
0.061053
0.054731
0.060964
0.093063
0.059357
0.084716
0.083158
0.085793
0.067637
0.070842
0.089123
0.104929
0.081368
0.102329
0.083156
0.068762
0.098493
0.081768
0.092463
0.099593
0.105944
0.122200
0.087618
0.082862
0.070436
0.082989
0.088420
0.064727
0.073022
0.099445
0.071704
0.084578
0.076065
0.071382
0.067758
0.087251
0.100789
0.112492
0.079248
0.083506
0.090556
0.089990
0.092618
0.081083
0.087153
0.078630
0.103802
0.060716
0.063358
0.060659
0.072676
0.062176
0.090094
0.090029
0.070561
0.079200
0.086783
0.060423
0.039892
0.034333
0.051743
0.035907
0.088755
0.051276
0.042005
0.029893
0.051141
0.053765
0.015646
0.033746
0.062377
0.023411
0.022056
0.041027
0.045912
0.034536
0.032556
0.112449
0.035328
0.061945
0.037984
0.070597
0.098556
0.116237
0.034399
0.128890
0.128537
0.106844
0.112138
0.098484
0.091431
0.092566
0.115019
0.079752
0.106285
0.096049
0.084232
0.103218
0.065235
0.106262
0.032963
0.092443
0.072982
0.059947
0.077852
0.049599
0.098190
0.070124
0.091595
0.083857
0.092933
0.071436
0.080095
0.074121
0.112137
0.109193
0.111587
0.097079
0.078823
0.086707
0.091789
0.090124
0.065604
0.094313
0.089801
0.078895
0.089167
0.086099
0.063452
0.081407
0.074031
0.069378
0.066781
0.084791
0.097079
0.100697
0.082388
0.088367
0.081890
0.085436
0.091473
0.070009
0.072911
0.065671
0.067083
0.070047
0.107535
0.077990
0.059856
0.068804
0.092970
0.082005
0.084737
0.087237
0.080319
0.056138
0.099111
0.094784
0.072214
0.072041
0.070768
0.061387
0.062932
0.094033
0.057026
0.073412
0.100251
0.063703
0.056380
0.064765
0.071258
0.112799
0.081164
0.082853
0.064173
0.080362
0.058409
0.084297
0.071489
0.052583
0.080303
0.072486
0.102524
0.092656
0.070103
0.091832
0.114543
0.082926
0.070366
0.101764
0.058702
0.076741
0.085611
0.105862
0.108529
0.067660
0.072095
0.064552
0.063549
0.054278
0.077067
0.071482
0.069324
0.077948
0.072258
0.075401
0.092820
0.092181
0.084777
0.096452
0.081856
0.076996
0.072473
0.055082
0.065969
0.053362
0.089983
0.074368
0.086516
0.055585
0.083389
0.073729
0.067545
0.081936
0.073549
0.084000
0.098602
0.086741
0.089354
0.069492
0.072993
0.069694
0.074169
0.078092
0.072884
0.078639
0.079982
0.077141
0.075794
0.085662
0.091529
0.086070
0.096421
0.094710
0.063222
0.083197
0.074095
0.078333
0.078417
0.099828
0.069010
0.063404
0.089967
0.054208
0.116874
0.072766
0.078266
0.083478
0.089009
0.094171
0.088075
0.073230
0.083194
0.066019
0.078737
0.070587
0.108633
0.085427
0.079031
0.070765
0.076717
0.089452
0.080045
0.065830
0.070469
0.103326
0.109085
0.088643
0.071011
0.067988
0.058456
0.070768
0.050966
0.065643
0.083316
0.097483
0.070019
0.051136
0.076223
0.075865
0.069522
0.088112
0.082476
0.059497
0.063937
0.068708
0.055790
0.078599
0.079746
0.087621
0.079712
0.083614
0.085344
0.102541
0.133963
0.097946
0.100612
0.078932
0.097532
0.086505
0.080585
0.083498
0.096397
0.092769
0.100120
0.102224
0.037767
0.029809
0.129837
0.048180
0.087240
0.089929
0.087319
0.044892
