1.788344
0.086956
0.080209
0.090497
0.096043
0.093358
0.110081
0.065747
0.088253
0.063017
0.111834
0.068319
0.064279
0.060125
0.084414
0.074166
0.080529
0.073039
0.069189
0.075810
0.091344
0.072449
0.049866
0.072884
0.078387
0.055295
0.057010
0.079101
0.084104
0.068626
0.098787
0.068784
0.080940
0.052786
0.057001
0.069862
0.061415
0.071421
0.067262
0.070253
0.090561
0.075831
0.094554
0.090221
0.093603
0.097201
0.078533
0.087413
0.066220
0.079016
0.082387
0.077250
0.076620
0.081455
0.104352
0.112983
0.116651
0.112808
0.088936
0.088023
0.106720
0.092835
0.078495
0.074969
0.053638
0.058835
0.084430
0.078694
0.071062
0.067763
0.092505
0.091956
0.065505
0.100211
0.078190
0.055147
0.072333
0.079830
0.063291
0.062362
0.090903
0.059912
0.066813
0.083400
0.063169
0.088456
0.065022
0.057980
0.067367
0.074458
0.088067
0.086361
0.093182
0.067854
0.071253
0.082099
0.100078
0.089817
0.077299
