1.815142
0.065628
0.069164
0.059183
0.071078
0.067143
0.061926
0.075489
0.086694
0.069522
0.078302
0.063773
0.062103
0.054260
0.096837
0.072923
0.065533
0.060874
0.064013
0.076643
0.074520
0.058895
0.064679
0.058767
0.092217
0.068357
0.069148
0.070856
0.076450
0.076128
0.096203
0.068758
0.062375
0.048805
0.059638
0.070261
0.067119
0.072169
0.066255
0.077250
0.069288
0.069223
0.057096
0.063352
0.066473
0.041957
0.046648
0.050591
0.050979
0.059835
0.093682
0.068104
0.099824
0.046286
0.058320
0.054867
0.077844
0.075415
0.068088
0.070121
0.085154
0.074028
0.068939
0.071705
0.070660
0.112309
0.072379
0.086957
0.086903
0.074803
0.083057
0.050057
0.069803
0.048427
0.054913
0.061610
0.087929
0.055904
0.064735
0.067243
0.085350
0.067879
0.073690
0.067828
0.075652
0.084987
0.083980
0.070764
0.084767
0.058324
0.081264
0.047420
0.094316
0.066863
0.048299
0.072116
0.060188
0.065218
0.057826
0.068172
0.071376
0.048411
0.067577
0.058413
0.070870
0.067150
0.064114
0.068564
0.111062
0.065197
0.081144
0.070867
0.063576
0.061895
0.060195
0.094979
0.077391
0.064965
0.065874
0.083184
0.081243
0.074172
0.058513
0.064414
0.054541
0.053631
0.050605
0.074852
0.114608
0.077723
0.080937
0.048318
0.075940
0.070581
0.060952
0.061044
0.054305
0.060061
0.083426
0.074462
0.088111
0.076534
0.086431
0.059920
0.071053
0.087431
0.088618
0.101729
0.069368
0.047586
0.095055
0.068840
0.062205
0.073077
0.062270
0.049470
0.068048
0.061647
0.067872
0.052338
0.069638
0.064296
0.061980
0.081411
0.085728
0.061234
0.056279
0.060454
0.071764
0.082145
0.084813
0.068132
0.066974
0.057606
0.067764
0.080665
0.055784
0.057984
0.077370
0.072042
0.076244
0.061467
0.061041
0.058526
0.053509
0.082821
0.059663
0.064367
0.086892
0.064526
0.084618
0.059731
0.062363
0.089858
0.058498
0.051094
0.080375
0.062584
0.078295
0.073586
0.079159
0.078528
0.083687
0.061835
0.088397
0.058361
0.075210
0.078172
0.071928
0.082332
0.077246
0.062203
0.069330
0.061297
0.076928
0.063063
0.068959
0.059047
0.050034
0.057164
0.102683
0.060883
0.075343
0.082824
0.101251
0.065546
0.065268
0.072432
0.073260
0.070412
0.116589
0.057311
0.052788
0.056772
0.076200
0.061696
0.059991
0.058501
0.085855
0.090146
0.080698
0.067705
0.051826
0.062210
0.054957
0.043963
0.068123
0.057491
0.063128
0.064164
0.094260
0.075741
0.110649
0.067803
0.058284
0.056526
0.052028
0.083811
0.060473
0.065510
0.073374
0.066411
0.057406
0.062153
0.060698
0.098153
0.063068
0.090309
0.067682
0.059802
0.058217
0.057246
0.071101
0.058663
0.077700
0.064043
0.063869
0.102760
0.064378
0.085674
0.083440
0.047543
0.060706
0.066295
0.066158
0.062698
0.075508
0.061646
0.065469
0.058926
0.085995
0.074640
0.063712
0.060823
0.054389
0.069244
0.059192
0.057024
0.063023
0.056651
0.065112
0.055480
0.054148
0.066005
0.097420
0.067384
0.080242
0.070143
0.057290
0.072585
0.091527
0.070495
0.073690
0.058250
0.055379
0.078565
0.056429
0.051489
0.066207
0.083044
0.096323
0.054332
0.055353
0.079345
0.054636
0.076971
0.086591
0.084800
0.068472
0.048246
0.094600
0.074818
0.059254
0.053165
0.059114
0.077144
0.086752
0.077333
0.049496
0.085597
0.080549
0.054712
0.070854
0.052643
0.060802
0.051739
0.061154
0.048644
0.068145
0.054462
0.090820
0.075186
0.049105
0.069221
0.066999
0.057187
0.068156
0.058774
0.063419
0.058387
0.085778
0.057273
0.089295
0.065295
0.097185
0.091994
0.080656
0.059722
0.077202
0.056993
0.071581
0.058301
0.052541
0.054942
0.084963
0.058173
0.091511
0.072329
0.083228
0.077157
