1.787022
0.052798
0.056728
0.064342
0.073618
0.063379
0.075964
0.053091
0.066324
0.066253
0.083660
0.062322
0.060383
0.093531
0.090832
0.056555
0.060238
0.056236
0.059845
0.104209
0.132248
0.058174
0.060076
0.050233
0.049653
0.061079
0.085024
0.072678
0.095132
0.064843
0.080441
0.061938
0.051178
0.049082
0.059747
0.102800
0.060145
0.056435
0.067418
0.078141
0.080114
0.063349
0.054937
0.071704
0.053519
0.043086
0.061401
0.044317
0.070268
0.055272
0.092538
0.053259
0.071368
0.059510
0.057342
0.060179
0.052193
0.063051
0.050448
0.056022
0.085406
0.092048
0.079771
0.048772
0.060231
0.067147
0.101525
0.070181
0.065217
0.074528
0.088626
0.105443
0.068765
0.062628
0.049880
0.060831
0.070328
0.065854
0.058139
0.063543
0.070426
0.044077
0.075511
0.071163
0.053623
0.044057
0.066175
0.067397
0.072862
0.058212
0.073634
0.064827
0.066545
0.042573
0.061869
0.056161
0.056301
0.058739
0.079618
0.068826
0.079823
0.053392
0.056171
0.065814
0.057060
0.071431
0.059311
0.058584
0.098837
0.085284
0.062678
0.056592
0.066607
0.053317
0.088534
0.073779
0.068891
0.082904
0.073932
0.059824
0.079729
0.056921
0.070133
0.054266
0.066990
0.075407
0.051974
0.057703
0.049963
0.089680
0.082251
0.051632
0.064677
0.070721
0.063261
0.079948
0.069796
0.044333
0.054957
0.065709
0.071425
0.050046
0.056115
0.054395
0.058803
0.052273
0.089990
0.079187
0.059306
0.080319
0.072301
0.045947
0.056884
0.071439
0.060286
0.059930
0.066034
0.052204
0.047950
0.047601
0.068587
0.049176
0.066019
0.072188
0.072000
0.076425
0.074093
0.072438
0.065710
0.069621
0.096951
0.071894
0.083045
0.067046
0.065956
0.076151
0.052267
0.067726
0.065352
0.050159
0.076921
0.058729
0.052291
0.105414
0.068506
0.068561
0.074103
0.061831
0.092620
0.067343
0.069356
0.062534
0.048191
0.048706
0.048193
0.063004
0.062452
0.051273
0.055771
0.068885
0.080053
0.070701
0.064875
0.065099
0.063449
0.062816
0.061964
0.073773
0.058657
0.064447
0.083306
0.076225
0.086150
0.078102
0.065668
0.063733
0.070457
0.055305
0.060857
0.076087
0.077141
0.056284
0.063989
0.058944
0.066952
0.055803
0.070558
0.064727
0.074551
0.078903
0.098470
0.072607
0.091780
0.058281
0.080057
0.056176
0.068360
0.068212
0.069499
0.047965
0.071346
0.065098
0.062963
0.055975
0.063276
0.072889
0.061887
0.074692
0.062282
0.057079
0.101891
0.075093
0.062209
0.064680
0.059609
0.084854
0.059082
0.049687
0.089291
0.083887
0.084360
0.076246
0.075968
0.060890
0.062732
0.058523
0.051689
0.058018
0.052660
0.079395
0.084567
0.048161
0.062336
0.053017
0.061717
0.074754
0.062319
0.053011
0.082691
0.050236
0.079224
0.069028
0.047321
0.069379
0.068448
0.059974
0.068940
0.071865
0.065864
0.074151
0.110451
0.070496
0.069912
0.070122
0.063550
0.054887
0.062665
0.066701
0.071239
0.080002
0.087679
0.085083
0.065445
0.061643
0.072850
0.070300
0.058653
0.069764
0.074527
0.052933
0.085606
0.058910
0.067136
0.060446
0.056604
0.066541
0.066152
0.058357
0.060814
0.059823
0.085748
0.063822
0.057446
0.061833
0.060501
0.077783
0.048560
0.074511
0.080587
0.050010
0.104601
0.072689
0.055993
0.074385
0.053158
0.086021
0.108204
0.069204
0.046541
0.054927
0.083617
0.078675
0.059304
0.055526
0.048283
0.067976
0.071481
0.062062
0.076002
0.059205
0.106083
0.068031
0.066423
0.066705
0.070461
0.076833
0.061971
0.051585
0.050821
0.062881
0.076513
0.063676
0.062567
0.072580
0.056000
0.065455
0.082340
0.088070
0.113967
0.089711
0.090417
0.055898
0.085743
0.063662
0.094186
0.086685
0.087829
0.055018
0.052606
0.082664
0.124207
0.072804
0.099304
0.064851
0.120191
0.073520
0.048117
0.066131
0.071708
0.102771
0.087774
0.048141
0.053693
0.069881
0.063119
0.061069
0.058047
0.077759
0.051084
0.050145
0.082393
0.070536
0.056317
0.043659
0.045048
0.060194
0.071529
0.059908
0.061764
0.052856
0.083401
0.054455
0.057792
0.057678
0.053963
0.061214
0.055062
0.060253
0.059711
0.088657
0.115392
0.071256
0.085658
0.059465
0.073621
0.057492
0.090132
0.059798
0.075222
0.068055
0.070508
0.055803
0.068681
0.060087
0.071224
0.052308
0.056788
0.067495
0.062122
0.070743
0.090569
0.070650
0.075280
0.057361
0.058313
0.059201
0.066107
0.066081
0.057436
0.064452
0.071823
0.068823
0.056882
0.068431
0.082985
0.053498
0.061040
0.072097
0.058415
0.078424
0.118584
0.072202
0.084095
0.056061
0.060150
0.051141
0.054017
0.072216
0.057372
0.056645
0.081827
0.057775
0.051454
0.053369
0.060468
0.057899
0.061734
0.056083
0.054953
0.058915
0.078105
0.059155
0.057039
0.070182
0.067552
0.075107
0.065635
0.056332
0.067803
0.070725
0.084881
0.064607
0.056666
0.073735
0.052302
0.080987
0.059662
0.070032
0.064316
0.057124
0.088805
0.055607
0.063599
0.060139
0.053037
0.055169
0.053490
0.060153
0.048180
0.044544
0.080185
0.054108
0.064162
0.054286
0.056014
0.055772
0.057604
0.076404
0.057645
0.066055
0.103197
0.099663
0.073528
0.068735
0.076324
0.060952
0.081145
0.067754
0.073516
0.081276
0.091337
0.087544
0.056939
0.092820
0.084591
0.065838
0.077533
0.078427
0.059774
0.053300
0.098342
0.075546
0.057891
0.070063
0.065802
0.063372
0.083811
0.076223
0.067328
0.066096
0.090654
0.062065
0.068797
0.081446
0.067498
0.066678
0.085632
0.087295
0.093566
0.064116
0.087662
0.071573
0.061731
0.056599
0.084916
0.082996
0.112133
0.083426
0.058718
0.091637
0.084724
0.072043
0.079853
0.085422
0.064683
0.060177
0.065879
0.058117
0.079796
0.055243
0.070898
0.076258
0.067447
0.055230
0.056945
