1.851605
0.071222
0.057620
0.072834
0.071814
0.069162
0.081119
0.079037
0.073078
0.056648
0.091029
0.066571
0.061125
0.097917
0.054155
0.070329
0.052197
0.054860
0.072639
0.063558
0.106688
0.052415
0.069073
0.067902
0.081988
0.049608
0.065511
0.059211
0.062345
0.060509
0.068442
0.083906
0.070607
0.057063
0.062847
0.080581
0.059291
0.060327
0.064767
0.056573
0.079792
0.053184
0.049058
0.057073
0.066978
0.070261
0.067548
0.062538
0.062892
0.058515
0.067138
0.050719
0.058415
0.060073
0.055524
0.051358
0.051497
0.052733
0.072646
0.042667
0.085791
0.069909
0.076515
0.083853
0.058170
0.047132
0.088518
0.059165
0.067915
0.054137
0.072956
0.049953
0.074158
0.047724
0.048495
0.046716
0.061500
0.071105
0.051774
0.068077
0.064396
0.056346
0.059225
0.052215
0.076168
0.051979
0.057081
0.056552
0.052310
0.067500
0.082314
0.042362
0.061836
0.051819
0.087523
0.057648
0.052246
0.047851
0.075338
0.055840
0.061350
0.058222
0.051988
0.049699
0.057369
0.063414
0.058279
0.066070
0.057491
0.078432
0.096355
0.076375
0.087495
0.073428
0.077120
0.098691
0.074612
0.068099
0.070913
0.083304
0.102424
0.075040
0.063785
0.059194
0.059567
0.048630
0.053171
0.065341
0.069453
0.057662
0.097435
0.067334
0.056181
0.067849
0.061490
0.075241
0.058872
0.078431
0.069718
0.082103
0.071220
0.056789
0.059463
0.102942
0.080048
0.062996
0.068466
0.065153
0.072666
0.074331
0.085042
0.065531
0.047944
0.063072
0.059965
0.055950
0.073723
0.071161
0.064288
0.091732
0.087146
0.080611
0.060838
0.071961
0.059211
0.062517
0.056443
0.062303
0.051158
0.070567
0.080493
0.086226
0.061688
0.138627
0.075554
0.086762
0.068888
0.047397
0.080443
0.069413
0.075937
0.067521
0.090566
0.090765
0.078546
0.066290
0.078645
0.064947
0.066734
0.067554
0.087276
0.040757
0.068652
0.077507
0.061234
0.048244
0.056909
0.058484
0.048951
0.089986
0.093547
0.047011
0.045825
0.057166
0.052580
0.062886
0.071689
0.073835
0.067102
0.066141
0.116937
0.082817
0.090140
0.110820
0.095188
0.050656
0.085645
0.091286
0.072473
0.113689
0.082402
0.071157
0.087499
0.057320
0.064138
0.059092
0.069612
0.090972
0.061118
0.110019
0.146323
0.055293
0.083780
0.075761
0.063392
0.092473
0.054332
0.073766
0.112869
0.072837
0.087283
0.078861
0.067528
0.086479
0.075946
0.081065
0.089707
0.058695
0.055905
0.055812
0.090190
0.074751
0.087950
0.088748
0.101129
0.085836
0.074044
0.078204
0.075591
0.106282
0.089407
0.068136
0.052827
0.078238
0.089645
0.069754
0.108757
0.084967
0.087923
0.070443
0.131764
0.123487
0.090894
0.101565
0.076496
0.067754
0.090158
0.107553
0.115940
0.103544
0.095933
0.061845
0.074083
0.071721
0.082867
0.086123
0.071858
0.077040
0.094744
0.096183
0.077065
0.088446
0.072567
0.068949
0.081208
0.079427
0.083375
0.082609
0.100759
0.091529
0.098163
0.077241
0.114174
0.116540
0.059091
0.050863
0.063676
0.078945
0.076566
0.064908
0.104639
0.069680
0.070907
0.058372
0.058502
0.052183
0.056089
0.076326
0.095381
0.079361
0.087464
0.051451
0.078661
0.075214
0.092048
0.093086
0.048154
0.072387
0.069080
0.071620
0.101836
0.076079
0.073104
0.065308
0.069199
0.094977
0.063745
0.049541
0.071184
0.088343
0.096075
0.077156
0.078550
0.081667
0.071171
0.054211
0.048232
0.062660
0.074475
0.058497
0.088159
0.072367
0.065515
0.071137
0.062118
0.087609
0.118392
0.079317
0.071633
0.061504
0.079104
0.075191
0.058612
0.052710
0.070835
0.065683
0.088746
0.078068
0.080402
0.088933
0.092063
0.063571
0.065441
0.076154
0.065992
0.048397
0.107885
0.088661
0.064666
0.075918
0.087661
0.061468
0.048135
0.076986
0.068221
0.079885
0.062402
0.077521
0.070403
0.062124
0.074291
0.058172
0.044828
0.081161
0.076046
0.067461
0.070332
0.052969
0.052295
0.051601
0.079753
0.049260
0.057533
0.064803
0.065675
0.071887
0.060613
0.077215
0.068749
0.090580
0.093855
0.062039
0.067725
0.078693
0.092338
0.063170
0.078584
0.072805
0.075215
0.069361
0.086160
0.056972
0.076123
0.058524
0.066981
0.071110
0.076113
0.061989
0.070200
0.084512
0.074182
0.067885
0.066194
0.083238
0.087609
0.066105
0.088198
0.084267
0.086186
0.092536
0.097710
0.052234
0.062432
0.071402
0.062116
0.066105
0.072440
0.076343
0.056494
0.065830
0.077204
0.068965
0.070988
0.061070
0.077248
0.065137
0.051128
0.088092
0.055142
0.062234
0.093477
0.082819
0.088199
0.094720
0.100794
0.060493
0.042964
0.053288
0.081755
0.104371
0.127148
0.109392
0.087590
0.078335
0.078228
0.092496
0.129715
0.072049
0.101272
0.068321
0.088305
0.062402
0.105665
0.088717
0.088717
0.078986
0.078599
0.099174
0.106643
0.085010
0.113587
0.076419
0.060427
