1.793912
0.079821
0.067876
0.073129
0.071435
0.070837
0.080454
0.066255
0.051413
0.055016
0.082253
0.072015
0.078607
0.067569
0.092312
0.085052
0.094914
0.084802
0.069965
0.065765
0.084848
0.075721
0.073126
0.077242
0.081092
0.079636
0.069312
0.068889
0.070643
0.077192
0.118585
0.074748
0.072831
0.070825
0.067017
0.057325
0.070374
0.065977
0.071694
0.112828
0.087359
0.064006
0.058352
0.060781
0.054077
0.079261
0.072641
0.072305
0.111739
0.060301
0.087302
0.062150
0.073975
0.097816
0.083930
0.074688
0.086617
0.100560
0.051800
0.062573
0.130666
0.054142
0.060356
0.078952
0.085242
0.074566
0.064082
0.085117
0.075627
0.078698
0.105530
0.113273
0.102610
0.108374
0.080200
0.057100
0.058247
0.068496
0.091415
0.072695
0.104697
0.078114
0.065348
0.100773
0.063076
0.073419
0.065841
0.071253
0.076008
0.073956
0.081392
0.081112
0.091223
0.074684
0.081207
0.073289
0.107785
0.064358
0.099488
0.072845
0.078626
0.076903
0.069350
0.089304
0.094534
0.061241
0.106617
0.104693
0.079946
0.085083
0.076105
0.090027
0.069890
0.088143
0.086630
0.062706
0.076090
0.086452
0.079267
0.091597
0.133924
0.068146
0.085371
0.110015
0.101590
0.090059
0.074804
0.065420
0.072773
0.081042
0.090086
0.073760
0.042433
0.092624
0.066379
0.050769
0.065192
0.061822
0.053113
0.062635
0.085407
0.073517
0.064195
0.052230
0.069478
0.090452
0.095655
0.087052
0.077920
0.082539
0.097853
0.105025
0.073486
0.060389
0.066579
0.065625
0.081647
0.063543
0.068786
0.080172
0.104003
0.089280
0.089729
0.081209
0.073387
0.067097
0.069541
0.114990
0.072937
0.071828
0.077966
0.068933
0.063208
0.089917
0.067934
0.080901
0.071093
0.091495
0.090989
0.079807
0.100113
0.104529
0.066107
0.093529
0.087878
0.078153
0.093260
0.076401
0.080791
0.078402
0.095911
0.097463
0.072315
0.101760
0.065085
0.059356
0.063148
0.069415
0.079002
0.065238
0.120081
0.081972
0.096018
0.068348
0.094619
0.076218
0.070383
0.087598
0.059541
0.059534
0.114504
0.102843
0.067287
0.062769
0.091882
0.071871
0.050610
0.077801
0.106198
0.100276
0.120352
0.096608
0.103657
0.070565
0.093422
0.089304
0.081260
0.080704
0.075634
0.057664
0.093846
0.088563
0.068951
0.090845
0.096750
0.072032
0.096225
0.093050
0.085107
0.077484
0.121543
0.121336
0.093817
0.077517
0.090570
0.065945
0.049126
0.057658
0.072295
0.083953
0.090010
0.088703
0.085432
0.084202
0.056211
0.071149
0.106044
0.085134
0.106967
0.079301
0.098190
0.080981
0.087913
0.066354
0.054719
0.067244
0.068687
0.101988
0.077947
0.091230
0.098043
0.052816
0.071254
0.074517
0.059653
0.062404
0.062639
0.085198
0.068891
0.104072
0.088091
0.094815
0.080197
0.052254
0.088109
0.070506
0.078309
0.046136
0.071032
0.053867
0.089925
0.069396
0.094472
0.076612
0.062001
0.092577
0.069968
0.070193
0.082492
0.079884
0.103112
0.074235
0.067196
0.087212
0.082800
0.054995
0.080111
0.066898
0.064695
0.062452
0.086123
0.078149
0.105480
0.087343
0.073913
0.081470
0.088229
0.104398
0.080283
0.098564
0.072173
0.059386
0.076029
0.081097
0.062899
0.076649
0.071482
0.056619
0.069827
0.082165
0.114331
0.071738
0.047390
0.084490
0.069158
0.069919
0.066107
0.064861
0.068710
0.075097
0.109545
0.086580
0.064881
0.082544
0.096531
0.077145
0.081256
0.085475
0.083577
0.079291
0.099310
0.071710
0.088123
0.086533
0.089957
0.064458
0.076266
0.086898
0.079350
0.066323
0.079277
0.073487
0.061848
0.071332
0.058306
0.068887
0.089404
0.068886
0.077082
0.060294
0.074120
0.086393
0.077909
0.073860
0.070769
0.060023
0.065480
0.060432
0.087715
0.064616
0.100293
0.089240
0.061056
0.057752
0.093118
0.086802
0.056622
0.105472
0.090437
0.089572
0.094178
0.065675
0.073882
0.087372
0.093995
0.119468
0.113336
0.058823
0.071755
0.075242
0.097651
0.112538
0.096535
0.051001
0.057570
0.069803
0.099729
0.122809
0.102113
0.076846
0.116282
0.083617
0.055461
0.107715
0.066826
0.073423
0.081815
0.055890
0.079118
0.054602
0.084258
0.058924
0.063700
0.082458
0.061788
0.056118
0.073632
0.065708
0.048714
0.077543
0.098539
0.076492
0.068015
0.107096
0.100022
0.073104
0.071246
0.093033
0.087356
0.098511
0.092449
0.094808
0.085979
0.084493
0.090022
0.090845
0.072132
0.108705
0.087530
0.074780
0.088959
0.066389
0.062520
0.062167
0.090694
0.077398
0.055609
0.061009
0.068044
0.074515
0.103652
0.064673
0.071442
0.060663
0.078816
0.058539
0.077615
0.081431
0.085549
0.095441
0.082624
0.077221
0.068369
0.062716
0.061564
0.078891
0.059895
0.073540
0.101932
0.067876
0.102498
0.074853
0.077365
0.075501
0.066310
0.067977
0.089030
0.066998
0.067153
0.073756
0.097981
0.063952
0.047433
0.083426
0.077501
0.087265
0.083940
0.075275
0.078902
0.090998
0.113024
0.078973
0.127388
0.087069
0.085502
0.086950
0.052550
0.067954
0.060572
0.077756
0.129572
0.071518
0.073326
0.075322
0.078308
0.064256
0.076474
0.070784
0.079488
0.074981
0.101024
0.086913
0.084773
0.079439
0.061287
0.050597
0.067323
0.056399
0.095273
0.075999
0.072803
0.062906
0.108190
0.125962
0.090195
0.070776
0.075369
0.076052
0.085119
0.070660
0.100761
0.079456
0.083969
0.077070
0.087420
0.088081
0.075291
0.058249
0.081665
0.081190
0.082522
0.075914
0.056714
0.068158
0.065042
0.064131
0.064579
0.054570
0.080279
0.069110
0.107178
0.075213
0.065251
0.078173
0.070523
0.102092
0.070049
0.064549
0.068700
0.070771
0.119109
0.067986
0.081109
0.070752
0.058073
0.073714
0.062056
0.089273
0.064435
0.077817
0.096026
0.098722
0.072582
0.071514
0.075899
0.068800
0.057682
0.078600
0.079076
0.071532
0.069221
0.061130
0.080680
0.060948
0.065743
0.085145
0.077786
0.077892
0.080217
0.080320
0.102280
0.063239
0.071275
0.068857
0.071421
0.047712
0.069160
0.066139
0.068269
0.091186
0.112419
0.078346
0.074430
0.083899
0.098047
0.064703
0.057879
0.069546
0.102224
0.083334
0.094808
0.065920
0.089614
0.124609
0.065515
0.074959
0.069237
0.086145
0.060631
0.093452
0.113839
