1.775575
0.086472
0.065762
0.080953
0.075424
0.064447
0.063404
0.081819
0.050063
0.070530
0.068053
0.062046
0.083890
0.102693
0.072824
0.074338
0.069990
0.091833
0.070889
0.075550
0.084630
0.079221
0.081932
0.080350
0.075638
0.073181
0.081366
0.065537
0.101057
0.086318
0.074249
0.100786
0.083664
0.091237
0.064643
0.051930
0.060175
0.079171
0.082550
0.066826
0.101526
0.062765
0.089095
0.061549
0.050586
0.068589
0.057722
0.069714
0.066663
0.057617
0.088205
0.091729
0.055279
0.056741
0.066814
0.091044
0.065369
0.057857
0.084250
0.077830
0.090541
0.077111
0.069181
0.093605
0.104593
0.069998
0.088990
0.079201
0.096224
0.094051
0.098879
0.096291
0.084579
0.076918
0.090584
0.109344
0.105563
0.065515
0.084309
0.073952
0.103191
0.085794
0.095005
0.073437
0.078954
0.108492
0.084901
0.070629
0.074795
0.100275
0.085033
0.080097
0.104262
0.088399
0.088321
0.058597
0.094639
0.078285
0.095685
0.109349
0.132612
0.053000
0.100853
0.066218
0.081152
0.092604
0.100189
0.070318
0.087705
0.118915
0.104058
0.082605
0.075911
0.071480
0.075968
0.080840
0.090701
0.094228
0.083539
0.062541
0.100638
0.068299
0.086309
0.081451
0.079882
0.077799
0.095126
0.063357
0.090500
0.078963
0.106764
0.099573
0.073878
0.084337
0.067854
0.080929
0.077666
0.076270
0.089913
0.050747
0.069315
0.065360
0.053936
0.077072
0.072413
0.082117
0.081576
0.087611
0.066238
0.081388
0.108834
0.076586
0.076866
0.087144
0.070077
0.063742
0.079399
0.071532
0.059896
0.095606
0.095499
0.078824
0.063912
0.055707
0.078203
0.095854
0.089683
0.065640
0.088955
0.063733
0.109431
0.091392
0.059647
0.057931
0.066594
0.091451
0.056576
0.078536
0.089395
0.074758
0.078233
0.081331
0.058079
0.085076
0.107865
0.063268
0.084752
0.072299
0.088410
0.070373
0.093381
0.073391
0.069357
0.074445
0.081061
0.087589
0.056582
0.083686
0.078552
0.084414
0.102124
0.064548
0.063876
0.078481
0.072495
0.093961
0.091304
0.074470
0.068971
0.083067
0.084091
0.062889
0.068376
0.070816
0.084707
0.072299
0.086182
0.098218
0.065536
0.078114
0.101528
0.080684
0.060192
0.089028
0.090011
0.075862
0.076923
0.096064
0.078272
0.082666
0.072052
0.073187
0.081758
0.068010
0.077605
0.088732
0.081327
0.072623
0.062495
0.079169
0.100549
0.088299
0.096609
0.066217
0.054377
0.086972
0.055886
0.085135
0.089461
0.087800
0.099593
0.068014
0.063994
0.071841
0.061982
0.083924
0.088389
0.064292
0.061943
0.082768
0.086045
0.088089
0.092278
0.097321
0.120351
0.057389
0.091775
0.052834
0.065341
0.088998
0.101687
0.060004
0.068505
0.069005
0.081461
0.059170
0.082022
0.096752
0.106138
0.078969
0.122422
0.075930
0.090083
0.090378
0.079350
0.072310
0.075397
0.072346
0.074869
0.073068
0.092605
0.069390
0.102121
0.072044
0.076043
0.054847
0.076133
0.118312
0.062505
0.067249
0.088969
0.078030
0.058114
0.061492
0.057317
0.065288
0.061886
0.078775
0.068248
0.067173
0.090740
0.092503
0.060705
0.059708
0.060699
0.077532
0.100096
0.085571
0.073405
0.062702
0.102813
0.077087
0.055809
0.072893
0.083810
0.080529
0.077230
0.075991
0.105384
0.119849
0.096230
0.084854
0.090213
0.096332
0.056067
0.122175
0.111579
0.062040
0.066372
0.099157
0.098758
0.071823
0.067685
0.071805
0.078613
0.068256
0.074709
0.064045
0.079553
0.078027
0.095034
0.091700
0.083500
0.081010
0.146528
0.082406
0.086567
0.075508
0.068321
0.099889
0.115203
0.119185
0.061852
0.058087
0.069157
0.065028
0.067359
0.057308
0.054042
0.062198
0.085409
0.080112
0.065600
0.056001
0.068326
0.079879
0.063723
0.085891
0.066650
0.082259
0.100422
0.094949
0.085928
0.071175
0.081965
0.087469
0.052788
0.078298
0.084409
0.081125
0.105856
0.086368
0.073614
0.125701
0.083507
0.056422
0.090795
0.086798
0.075243
0.050666
0.085200
0.081009
0.077099
0.061378
0.105634
0.065069
0.066011
0.091596
0.080560
0.059495
0.104229
0.059731
0.055404
0.055510
0.078675
0.077170
0.081501
0.087754
0.099024
0.071777
0.078634
0.066819
0.075581
0.059846
0.064898
0.074712
0.081610
0.065231
0.058973
0.061276
0.080698
0.073378
0.061873
0.063719
0.061993
0.064043
0.075557
0.078045
0.065478
0.074613
0.079618
0.087286
0.081388
0.101878
0.085163
0.073186
0.076749
0.068390
0.060219
0.085115
0.102608
0.085327
0.067542
0.068719
0.088541
0.094597
0.077184
0.079432
0.064239
0.116058
0.138836
0.062029
0.083249
0.098589
0.096323
0.075134
0.100290
0.099701
0.075132
0.095426
0.088209
0.062904
0.074320
0.098504
0.073675
0.077029
0.087419
0.094985
0.066055
0.079345
0.103435
0.071347
0.052201
0.065794
0.071222
0.089843
0.106980
0.099568
0.103021
0.100154
0.102004
0.065801
0.086669
0.109720
0.076045
0.097726
0.068367
0.068736
0.079310
0.069147
0.123026
0.080162
0.098663
0.080766
0.086563
0.075414
0.059623
0.069828
0.059614
0.074283
0.072177
0.063123
0.057957
0.067146
0.053490
0.053104
0.053690
0.070880
0.056165
0.057747
0.067226
0.055637
0.058400
0.059038
0.080914
0.063697
0.057342
0.050946
0.056832
0.072232
0.081764
0.086882
0.092390
0.067924
0.051536
0.078218
0.048643
0.058692
0.056040
0.055570
0.080743
0.067266
0.054080
0.072746
0.055095
0.059696
0.051105
0.061698
0.060076
0.087266
0.074225
0.066684
0.073335
0.058062
0.051216
0.075459
0.059856
0.058440
0.058137
0.077599
0.081349
0.089117
0.048548
0.072110
0.058318
0.050014
0.057318
0.058645
0.050095
0.057724
0.078580
0.049445
0.063077
0.079005
0.054307
0.119464
0.069232
0.071774
0.071217
0.079971
0.082350
0.089031
0.081052
0.066516
0.059816
0.059736
0.072689
0.079655
0.056064
0.062603
0.075336
0.066398
0.069370
0.065757
0.061956
0.060661
0.063141
0.058963
0.055771
0.050854
0.069805
0.051117
0.071671
0.062451
0.060072
0.055173
0.053401
0.057527
0.061172
0.074443
0.095142
0.062930
0.071966
0.070559
0.063939
0.059291
0.059080
0.072618
0.079252
0.077938
0.080441
0.073033
0.056364
0.065917
0.080062
0.074986
0.083033
0.068902
0.069250
0.060780
0.089304
0.056645
0.062915
0.055832
0.067000
0.052218
0.085394
0.067261
0.050650
0.067928
0.088757
0.058794
0.050014
0.047310
0.066346
0.059918
0.056894
0.052580
0.072994
0.067159
0.076022
0.057225
0.060934
0.057063
0.069481
0.069988
0.063630
0.068372
0.053546
0.051719
0.076549
0.072837
0.077800
0.084709
0.081395
0.086460
0.076420
0.066284
0.096400
0.068610
0.073310
0.068907
0.073247
0.057753
0.071999
0.079025
0.089899
0.058347
0.056817
0.057867
0.069488
0.067368
0.051057
0.061309
0.058154
0.060335
0.063564
0.078476
0.103956
0.054539
0.068265
0.057431
0.055615
0.053986
0.082028
0.074378
0.063684
0.063643
0.064363
0.067180
0.095919
0.074465
0.075665
0.085234
0.052628
0.068006
0.041497
0.047385
0.058252
0.050977
0.080001
0.069592
0.076209
0.056251
0.082268
0.053894
0.048609
0.056214
0.051605
0.051801
0.077894
0.069256
0.061326
0.056372
0.052992
0.050964
0.089156
0.057474
0.054989
0.055301
0.081189
0.059272
0.053242
0.042437
0.090975
0.063836
0.088436
0.078229
0.089621
0.050581
0.090001
0.080463
