1.898314
0.068235
0.076661
0.079506
0.056626
0.078625
0.088573
0.055318
0.057763
0.074142
0.095808
0.056315
0.063725
0.065465
0.080232
0.059161
0.087867
0.081079
0.050674
0.085578
0.086531
0.061450
0.061326
0.059232
0.053513
0.057742
0.064585
0.087563
0.059767
0.069166
0.094597
0.085778
0.073445
0.057477
0.074476
0.074927
0.073018
0.073117
0.062752
0.077639
0.091330
0.103143
0.065947
0.064254
0.086718
0.069824
0.070798
0.078759
0.093781
0.080841
0.087474
0.057306
0.063140
0.056734
0.090440
0.096235
0.061942
0.069247
0.062613
0.075173
0.103593
0.083940
0.070566
0.087965
0.047194
0.076239
0.085319
0.085706
0.111432
0.063488
0.097596
0.064368
0.060398
0.066570
0.079568
0.053963
0.069338
0.069811
0.052057
0.064900
0.071423
0.049943
0.061654
0.068281
0.079261
0.069647
0.084349
0.048597
0.058542
0.070219
0.068848
0.052260
0.076425
0.067858
0.075457
0.080730
0.072994
0.055126
0.059004
0.071409
0.092798
0.071435
0.077729
0.079986
0.093018
0.066099
0.071983
0.059909
0.058501
0.066190
0.082509
0.067229
0.087720
0.095309
0.096375
0.081310
0.082816
0.065787
0.063759
0.077115
0.114000
0.062919
0.058603
0.072566
0.075009
0.060255
0.075722
0.083990
0.082530
0.078077
0.080271
0.060368
0.060452
0.083843
0.062010
0.079569
0.103876
0.053926
0.058533
0.040344
0.057827
0.058910
0.076976
0.068715
0.061671
0.095783
0.087024
0.090136
0.075065
0.095879
0.094587
0.084082
0.070349
0.074994
0.101044
0.081749
0.066655
0.058431
0.060040
0.087498
0.107095
0.072508
0.057436
0.049667
0.044649
0.055594
0.054324
0.059966
0.076578
0.081103
0.102874
0.062094
0.070793
0.060881
0.061156
0.067734
0.075545
0.054888
0.056875
0.089126
0.077757
0.085101
0.079366
0.071880
0.062266
0.070478
0.064424
0.082514
0.066446
0.081878
0.096808
0.064470
0.056960
0.042567
0.077612
0.060215
0.090046
0.073230
0.067247
0.061963
0.084314
0.076051
0.059728
0.081589
0.073254
0.069597
0.074786
0.095668
0.086226
0.060165
0.085072
0.082461
0.058823
0.065900
0.079433
0.093376
0.073611
0.067150
0.075066
0.067258
0.079827
0.060716
0.069497
0.076227
0.066031
0.064569
0.054502
0.073301
0.082366
0.092416
0.093401
0.063889
0.082257
0.062579
0.073557
0.078361
0.073551
0.061207
0.039831
0.065006
0.101470
0.083558
0.067817
0.048136
0.064765
0.080736
0.086347
0.089876
0.077077
0.068237
0.119517
0.074626
0.070668
0.072855
0.071896
0.071912
0.062995
0.077980
0.109833
0.087234
0.097743
0.073905
0.071126
0.094630
0.112118
0.071424
0.055212
0.082602
0.081082
0.086018
0.079089
0.064382
0.071483
0.060856
0.065538
0.060577
0.073938
0.064968
0.079102
0.083824
0.099111
0.054261
0.070762
0.087682
0.067992
0.073678
0.063097
0.073995
0.080468
0.070478
0.077462
0.049071
0.047205
0.082593
0.056024
0.052754
0.055566
0.063354
0.053494
0.079436
0.088793
0.067063
0.063868
0.056270
0.067508
0.058099
0.054281
0.046284
0.056386
0.070151
0.081082
0.071597
0.075962
0.067201
0.052912
0.054597
0.055364
0.062496
0.055035
0.091790
0.070333
0.051257
0.078670
0.059536
0.082111
0.063769
0.074165
0.075929
0.045182
0.082850
0.081881
0.064789
0.067226
0.054867
0.087302
0.085129
0.086864
0.077753
0.089998
0.072192
0.090690
0.052258
0.067611
0.061361
0.065684
0.065859
0.066404
0.055224
0.070348
0.096214
0.072882
0.096640
0.076363
0.075536
0.061894
0.070664
0.066718
