1.874588
0.093150
0.064888
0.073579
0.092307
0.107947
0.067929
0.062717
0.092417
0.089314
0.066301
0.065065
0.061694
0.074299
0.070148
0.066930
0.058986
0.049016
0.064514
0.065347
0.071423
0.076632
0.048226
0.063544
0.062885
0.078919
0.069735
0.061232
0.064003
0.108538
0.101810
0.070906
0.083290
0.062048
0.083390
0.075156
0.068431
0.084336
0.082479
0.081350
0.101277
0.086201
0.074218
0.079918
0.087553
0.067159
0.089630
0.089322
0.068977
0.094842
0.097243
0.061712
0.073301
0.074284
0.076349
0.107607
0.074885
0.057333
0.075732
0.065680
0.092669
0.084537
0.077408
0.067439
0.092677
0.063991
0.096871
0.078353
0.102354
0.073374
0.086902
0.068077
0.077773
0.111260
0.078543
0.066673
0.065507
0.058014
0.076969
0.079865
0.081719
0.068503
0.090296
0.079171
0.070410
0.080789
0.072656
0.083618
0.072107
0.081533
0.088448
0.074261
0.067635
0.074800
0.071415
0.065892
0.070926
0.066621
0.073493
0.098294
0.130213
0.094455
0.087930
0.081007
0.101304
0.085407
0.097365
0.082517
0.078645
0.098617
0.102262
0.092754
0.065654
0.100887
0.103760
0.085987
0.101416
0.109234
0.094404
0.065964
0.087808
0.058695
0.064158
0.060486
0.090808
0.089180
0.078642
0.066562
0.091006
0.099560
0.105008
0.084736
0.075808
0.095302
0.059511
0.066749
0.087703
0.102144
0.073607
0.068558
0.101748
0.083370
0.077920
0.067598
0.100553
0.103964
0.095466
0.086669
0.104545
0.067254
0.070705
0.076041
0.052302
0.084088
0.067549
0.076695
0.067148
0.066790
0.063953
0.087123
0.117095
0.095124
0.106918
0.068944
0.079719
0.084975
0.109091
0.098085
0.065803
0.070520
0.122536
0.077832
0.091474
0.083258
0.076167
0.081101
0.093458
0.089017
0.118927
0.095886
0.102334
0.057821
0.062608
0.067876
0.101336
0.080599
0.084132
0.085843
0.048559
0.061928
0.098138
0.062841
0.078397
0.073698
0.095556
0.083180
0.067067
0.074177
0.078278
0.081726
0.088456
0.067717
0.079071
0.100238
0.087248
0.081378
0.068157
0.078442
0.106221
0.080604
0.105316
0.075303
0.065603
0.057648
0.075837
0.069356
0.115376
0.070556
0.070878
0.091379
0.114709
0.083906
0.060070
0.083138
0.079534
0.069422
0.099790
0.074925
0.078082
0.093188
0.093457
0.078769
0.064555
0.067807
0.078820
0.086103
0.061262
0.115488
0.088095
0.076282
0.110862
0.081237
0.063408
0.070901
0.060418
0.076740
0.088546
0.078414
0.068558
0.074839
0.071929
0.071785
0.051236
0.050630
0.095271
0.066961
0.059023
0.068387
0.080332
0.059814
0.076385
0.056165
0.074838
0.078171
0.076811
0.059362
0.070563
0.088711
0.080808
0.069535
0.076811
0.071467
0.069972
0.081100
0.092011
0.067747
0.071716
0.075535
0.087611
0.060204
0.099834
0.061494
0.081110
0.086999
0.078197
0.063748
0.065373
0.076212
0.097955
0.102111
0.091438
0.067309
0.077458
0.067471
0.063634
0.063611
0.063725
0.071082
0.085417
0.074165
0.092422
0.111879
0.055537
0.070327
0.073367
0.095459
0.067595
0.093852
0.090031
0.057919
0.098763
0.060799
0.083899
0.077066
0.078908
0.066598
0.066617
0.065010
0.069712
0.073184
0.080703
0.080424
0.062754
0.089217
0.082804
0.080963
0.073145
0.058934
0.089032
0.065315
0.079658
0.051383
0.074882
0.050755
