1.866523
0.076711
0.083191
0.076522
0.087176
0.125860
0.076078
0.056363
0.074957
0.069193
0.105394
0.064689
0.108686
0.075091
0.083119
0.080970
0.092670
0.079050
0.100831
0.059934
0.099306
0.048394
0.059106
0.054617
0.072953
0.080691
0.073082
0.061600
0.053439
0.082820
0.128165
0.065816
0.067693
0.060080
0.069131
0.067745
0.079365
0.086344
0.065508
0.071808
0.069085
0.075588
0.084315
0.097298
0.091090
0.105854
0.074249
0.065918
0.090775
0.076470
0.086554
0.083004
0.090017
0.094248
0.105537
0.049064
0.087448
0.084131
0.079256
0.096537
0.083116
0.070585
0.059911
0.072716
0.077465
0.073403
0.094664
0.075651
0.064688
0.067073
0.092657
0.100420
0.075878
0.073736
0.085051
0.053506
0.063895
0.095910
0.083568
0.055289
0.096467
0.086906
0.051687
0.071311
0.038656
0.079166
0.053137
0.073044
0.062873
0.070860
0.083441
0.074934
0.101592
0.079691
0.070352
0.078372
0.078333
0.120409
0.070054
0.072934
0.128651
0.084005
0.072803
0.055736
0.069328
0.098217
0.081380
0.084567
0.080504
0.062554
0.083987
0.072710
0.099611
0.064332
0.086393
0.081374
0.090122
0.050094
0.099472
0.071230
0.082533
0.078547
0.084073
0.086600
0.098584
0.081311
0.084045
0.042058
0.086238
0.078886
0.103389
0.076492
0.094174
0.094367
0.100635
0.109510
0.091333
0.078445
0.097504
0.057718
0.085834
0.096779
0.125552
0.106503
0.072855
0.084371
0.059093
0.092934
0.097920
0.075832
0.094365
0.058791
0.085608
0.080879
0.048156
0.083352
0.080170
0.079805
0.101449
0.090332
0.113748
0.108492
0.090670
0.070287
0.072533
0.074242
0.086014
0.054140
0.072570
0.102389
0.111379
0.071568
0.061943
0.077344
0.075603
0.099299
0.071870
0.084997
0.066710
0.053265
0.124314
0.090071
0.116956
0.088193
0.092921
0.054712
0.102811
0.113278
0.129237
0.084304
0.105598
0.086028
0.069573
0.062725
0.069788
0.072071
0.061563
0.082783
0.065554
0.071867
0.106781
0.092772
0.078618
0.078522
0.082474
0.071877
0.069741
0.076759
0.094297
0.080219
0.096324
0.099682
0.078218
0.070628
0.068966
0.071552
0.089504
0.061763
0.055854
0.062025
0.128325
0.096705
0.108813
0.061256
0.066224
0.078071
0.083859
0.099959
0.070386
0.097105
0.078455
0.062500
0.073163
0.082799
0.064969
0.067278
0.082500
0.096417
0.080331
0.115809
0.072263
0.118435
0.099920
0.068721
0.106476
0.119023
0.079023
0.125830
0.075116
0.077945
0.098556
0.070309
0.083092
0.071491
0.103313
0.091825
0.077382
0.075244
0.093874
0.065205
0.093492
0.098323
0.062879
0.061197
0.058782
0.078769
0.059490
0.057164
0.075391
0.101147
0.097254
0.077657
0.064466
0.085291
0.058481
0.061704
0.064775
0.066693
0.091701
0.088058
0.116981
0.100932
0.083197
0.075206
0.079934
0.091198
0.073380
0.096047
0.076571
0.096242
0.108333
0.088162
0.088917
0.054769
0.078689
0.074258
0.083364
0.100754
0.101613
0.074205
0.116733
0.090260
0.070745
0.071926
0.099221
0.100296
0.101090
0.101686
0.110068
0.073898
0.091992
0.084714
0.065289
0.053829
0.081929
0.074235
0.085810
0.073006
0.077042
0.084995
0.117560
0.085461
0.082747
0.073562
0.097327
0.063405
0.094490
0.087075
0.052757
0.072641
0.081791
0.061217
0.062963
0.051475
0.058773
0.063699
0.071120
0.071489
0.082733
0.084711
0.109107
0.051222
0.079153
0.071616
0.088896
0.070852
0.070460
0.069635
0.055953
0.091457
0.106312
0.070331
0.057042
0.070225
0.079319
0.086942
0.087404
0.092420
0.063893
0.080506
0.110953
0.063134
0.068910
0.064923
0.066494
0.104092
0.074189
0.090453
0.068331
0.059486
0.081757
0.094455
0.090154
0.060364
0.062867
0.057658
0.091697
0.084579
0.081444
0.082178
0.127828
0.100613
0.049866
0.061492
0.088432
0.086839
0.085801
0.061749
0.088899
0.089344
0.086790
0.076521
0.062083
0.067049
0.070043
0.091002
0.050305
0.070911
0.069166
0.093645
0.096728
0.076429
0.092146
0.093775
0.070664
0.052108
0.077909
0.073807
0.076483
0.065290
0.111461
0.096532
0.066892
0.125525
0.110131
0.096744
0.094044
0.097751
0.077347
0.053882
0.101167
0.117054
0.101789
0.125811
0.084164
0.086519
0.084193
0.076117
0.044385
0.065077
0.092314
0.055743
0.118688
0.079551
0.087298
0.088966
0.066675
0.072226
0.093757
0.093136
0.135747
0.092166
0.091550
0.069722
0.083824
0.082995
0.073053
0.070710
0.072354
0.066753
0.080490
0.076959
0.081529
0.067503
0.096123
0.068281
0.085302
0.093505
0.088089
0.080533
0.092623
0.062594
0.058267
0.060778
0.073855
0.054249
0.098941
0.087088
0.096777
0.106994
0.114036
0.083475
0.071198
0.091344
0.058639
0.075435
0.094059
0.084007
0.068665
0.074721
0.107711
0.092906
0.065671
0.078857
0.066080
0.077119
0.078703
0.075952
0.065960
0.109465
0.098287
0.061342
0.082119
0.071350
0.077310
0.079355
0.070633
0.069271
0.076041
0.082949
0.106977
0.065335
0.073349
0.055549
0.070014
0.080393
0.049416
0.061763
0.072520
0.095309
0.079012
0.066993
0.051348
0.076253
0.081370
0.078886
0.074317
0.084660
0.067450
0.082842
0.115500
0.115917
0.112047
0.077004
0.064154
0.077436
0.090969
0.070243
0.080255
0.087571
0.082184
0.083616
0.083955
0.081400
0.084189
0.102958
0.089508
0.055428
0.092605
0.061023
0.086257
0.057520
0.094480
0.070248
0.072511
0.072093
0.057751
0.082232
0.075818
0.057479
0.090472
0.074529
0.057460
0.093002
0.085889
0.086830
0.070539
0.068966
0.069889
0.084784
0.088162
0.064282
0.059098
0.072515
0.071162
0.058203
0.085671
0.071605
0.061105
0.061141
0.096758
0.066732
0.055444
0.067215
0.053902
0.065481
0.068084
0.110151
0.075877
0.074611
0.093796
0.076594
0.070081
0.066565
0.061970
0.061825
0.071296
0.077489
0.091704
0.097509
0.097204
0.084324
0.061614
0.068795
0.111569
0.063392
0.056159
0.058078
0.078630
0.088120
0.111250
0.099315
0.055738
0.082108
0.083298
0.070462
0.054556
0.057554
0.054842
0.068672
0.076955
0.077037
0.076077
0.082896
0.091199
0.090592
0.081214
0.091450
0.076616
0.089818
0.106893
0.088248
0.076365
0.090740
0.090169
0.074230
0.075305
0.094565
0.077921
0.088941
0.082983
0.087292
0.091028
0.093848
0.093060
0.113071
0.071668
0.105522
0.089856
0.105998
0.104659
0.073340
0.085478
0.123554
0.068503
0.086783
0.064931
0.089723
0.088524
0.101924
0.120807
0.066065
0.081261
0.052765
0.074293
0.080625
0.066403
0.075370
0.103469
0.085156
0.096752
0.062464
0.089447
0.101828
0.080010
0.077120
0.096894
0.090565
0.068434
0.088798
0.110079
0.067859
0.049549
0.068419
0.052636
0.076449
0.081218
0.063408
0.086868
0.074003
0.069247
0.073752
0.100411
0.066348
0.086428
0.086866
0.076664
0.080359
0.071208
0.075445
0.102466
0.079481
0.057600
0.090286
0.099490
0.076002
0.065874
0.075799
