1.735095
0.055262
0.052014
0.082740
0.092686
0.075599
0.049127
0.108790
0.080899
0.094394
0.086761
0.109165
0.054991
0.051819
0.074447
0.072432
0.063193
0.104304
0.069318
0.048222
0.085583
0.083585
0.086445
0.068362
0.101454
0.070347
0.068372
0.070002
0.104451
0.070172
0.094020
0.092263
0.113398
0.114687
0.092458
0.073117
0.081243
0.083271
0.092777
0.077468
0.071050
0.076924
0.063344
0.070678
0.065625
0.056151
0.073118
0.080356
0.061310
0.084753
0.085495
0.091184
0.045869
0.058707
0.059496
0.077371
0.078616
0.106894
0.067708
0.087637
0.110944
0.087361
0.064013
0.082744
0.049770
0.080702
0.080243
0.086485
0.081049
0.091187
0.101332
0.079233
0.084823
0.090480
0.079416
0.060776
0.057089
0.055082
0.053686
0.083588
0.089469
0.070471
0.053594
0.076488
0.055845
0.069016
0.084556
0.059084
0.055301
0.075632
0.101319
0.099355
0.069653
0.067590
0.072060
0.087940
0.103262
0.067925
0.096543
0.079336
0.119998
0.073400
0.092558
0.063024
0.085851
0.040745
0.092342
0.057503
0.061761
0.071154
0.077733
0.079460
0.057392
0.064411
0.094213
0.083018
0.074555
0.061710
0.068568
0.045495
0.102694
0.076441
0.056985
0.080390
0.091702
0.081122
0.060133
0.059885
0.080699
0.070418
0.097716
0.079593
0.098881
0.083579
0.097405
0.087030
0.081404
0.080362
0.080931
0.060204
0.100495
0.073338
0.088530
0.060989
0.069190
0.058170
0.061671
0.066111
0.064155
0.076973
0.098272
0.082963
0.067552
0.067294
0.096226
0.072066
0.091760
0.074687
0.071537
0.057442
0.081973
0.095485
0.064652
0.056762
0.054441
0.060802
0.050502
0.065670
0.063124
0.060583
0.071713
0.118938
0.085231
0.073215
0.066767
0.053715
0.086123
0.092498
0.071693
0.094667
0.097368
0.075408
0.058718
0.074916
0.046002
0.071138
0.052926
0.067717
0.050108
0.068975
0.076138
0.062846
0.083372
0.085787
0.057908
0.049483
0.076946
0.085996
0.109441
0.086956
0.093989
0.067034
0.061915
0.054635
0.070722
0.069795
0.064523
0.072217
0.080096
0.078983
0.093442
0.076312
0.079400
0.058552
0.086203
0.057327
0.065444
0.054958
0.080463
0.082880
0.072155
0.090696
0.063191
0.077641
0.069269
0.065569
0.055304
0.104789
0.117484
0.095342
0.113513
0.085158
0.103730
0.081019
0.064382
0.070122
0.057567
0.090701
0.085767
0.072819
0.099472
0.067233
0.057921
0.079222
0.060089
0.058067
0.061054
0.072611
0.057787
0.051197
0.073563
0.081636
0.064311
0.047228
0.067582
0.047616
0.067526
0.065284
0.061162
0.059044
0.094475
0.075981
0.082750
0.080594
0.060956
0.066494
0.062882
0.045131
0.069376
0.067705
0.076545
0.058297
0.068773
0.078898
0.082273
0.053496
0.067490
0.068150
0.059171
0.051078
0.077540
0.076000
0.062320
0.084430
0.067372
0.070430
0.059436
0.082739
0.097503
0.080734
0.080616
0.065437
0.060675
