1.740535
0.065638
0.066712
0.082706
0.069060
0.106858
0.093093
0.078450
0.091697
0.079285
0.101165
0.110162
0.107510
0.081883
0.065828
0.049939
0.056061
0.067522
0.077037
0.087548
0.098745
0.070801
0.086983
0.087178
0.073777
0.093909
0.080089
0.067088
0.079162
0.096137
0.113769
0.087141
0.082545
0.058805
0.089257
0.071952
0.068270
0.078146
0.084445
0.075038
0.075728
0.066669
0.081525
0.082944
0.075902
0.066064
0.082918
0.110743
0.082571
0.078723
0.093072
0.086678
0.066185
0.098121
0.082350
0.055659
0.054555
0.072127
0.060761
0.085234
0.069420
0.068067
0.097333
0.091000
0.084719
0.056112
0.054969
0.052503
0.115085
0.113505
0.071853
0.068565
0.111075
0.082857
0.086023
0.081333
0.106827
0.077610
0.076332
0.067321
0.066105
0.071925
0.067623
0.080355
0.075716
0.080813
0.071072
0.055238
0.085625
0.088174
0.116408
0.078897
0.065557
0.082177
0.077997
0.071403
0.103842
0.063892
0.053497
0.083847
0.082818
0.085457
0.080720
0.070880
0.088985
0.091089
0.075313
0.081541
0.095071
0.087547
0.087779
0.072826
0.066783
0.061302
0.108627
0.063993
0.062280
0.092077
0.077304
0.077320
0.091818
0.081018
0.068722
0.095980
0.075238
0.107412
0.070342
0.095398
0.077424
0.080848
0.128445
0.054277
0.053058
0.068341
0.090273
0.095148
0.098070
0.083933
0.071945
0.067022
0.078593
0.077386
0.103570
0.082522
0.067992
0.081943
0.067084
0.058226
0.089260
0.077668
0.066531
0.084034
0.081438
0.082797
0.105627
0.056837
0.070251
0.054225
0.069670
0.080146
0.082545
0.078518
0.068687
0.072800
0.111571
0.078875
0.069422
0.079232
0.081290
0.062586
0.092155
0.062671
0.058285
0.075156
0.080582
0.084390
0.056733
0.063848
0.095748
0.079673
0.089494
0.083240
0.068154
0.090454
0.079885
0.069771
0.076952
0.074853
0.063143
0.086613
0.094367
0.065687
0.065722
0.086446
0.083020
0.116780
0.075706
0.105955
0.113228
0.081713
0.126887
0.057757
0.070225
0.108664
0.076311
0.069017
0.083193
0.069556
0.090749
0.086807
0.105795
0.087741
0.073781
0.070106
0.095475
0.066965
0.077904
0.076597
0.067095
0.081228
0.084248
0.055411
0.058433
0.080812
0.082516
0.087749
0.084754
0.062660
0.071944
0.104480
0.088928
0.062499
0.058364
0.078334
0.101506
0.097928
0.117377
0.085238
0.069729
0.103189
0.124832
0.069648
0.071123
0.085127
0.063848
0.052314
0.063919
0.090183
0.070417
0.090262
0.091259
0.104439
0.080022
0.074306
0.077088
0.077821
0.080387
0.064480
0.074500
0.054090
0.094134
0.080967
0.060487
0.067933
0.092580
0.091099
0.093092
0.062527
0.077420
0.071293
0.078998
0.077716
0.057211
0.065350
0.072807
0.049735
0.053575
0.083696
0.093393
0.085917
0.100971
0.105609
0.089782
0.088268
0.085414
0.068102
0.085105
0.089128
0.082008
0.064308
0.075892
0.089721
0.080813
0.089926
0.075780
0.073224
0.046874
0.047627
0.064545
0.069000
0.077736
0.080671
0.068736
0.055755
0.063283
0.070423
0.076007
0.065229
0.068444
0.060838
0.084722
0.081419
0.058076
0.048430
0.073209
0.058679
0.052985
0.095200
0.075958
0.063464
0.087621
0.071686
0.049097
0.068905
0.076998
0.068740
0.063364
0.071635
0.061422
0.053369
0.075537
0.077954
0.075168
0.078852
0.074686
0.081138
0.077768
0.087881
0.070267
0.059915
0.090122
0.048146
0.083371
0.083735
0.066320
0.088891
0.094718
0.084601
0.101562
0.088006
