1.731663
0.075046
0.059827
0.050170
0.063933
0.058476
0.070415
0.069137
0.065351
0.063917
0.134978
0.104774
0.078394
0.056906
0.076154
0.083899
0.073040
0.063413
0.057550
0.067099
0.110148
0.080296
0.063325
0.069078
0.072063
0.067528
0.071214
0.082618
0.075467
0.053137
0.076234
0.059469
0.050876
0.077649
0.057100
0.077670
0.092843
0.079280
0.076689
0.086234
0.085537
0.052892
0.095015
0.107850
0.074199
0.080040
0.064288
0.104049
0.070866
0.060669
0.064718
0.066270
0.061617
0.055415
0.068939
0.063288
0.059705
0.083968
0.049488
0.058511
0.094966
0.052707
0.073326
0.090617
0.062669
0.084254
0.082110
0.066984
0.096630
0.093723
0.099669
0.088638
0.076794
0.061599
0.094577
0.081950
0.075114
0.089587
0.064949
0.072945
0.073717
0.083339
0.066835
0.065745
0.070291
0.061080
0.083729
0.075111
0.095432
0.098414
0.114781
0.091101
0.042640
0.054365
0.059459
0.080772
0.077013
0.078015
0.083119
0.094399
0.083484
0.080735
0.061261
0.070583
0.065361
0.070599
0.059125
0.059313
0.066349
0.054752
0.095509
0.094364
0.088589
0.092014
0.061901
0.072429
0.081804
0.076620
0.053941
0.066122
0.118234
0.073023
0.086298
0.068650
0.083486
0.088173
0.059174
0.087763
0.090368
0.049682
0.075539
0.066257
0.093130
0.080543
0.068367
0.084232
0.076511
0.074306
0.076885
0.086405
0.113721
0.074389
0.071559
0.085147
0.087548
0.057803
0.091558
0.078120
0.078882
0.068408
0.085601
0.072058
0.094097
0.106881
0.070349
0.084828
0.090850
0.081650
0.084416
0.103442
0.078423
0.064461
0.065749
0.063260
0.045478
0.050344
0.071073
0.064105
0.062169
0.062493
0.086586
0.052451
0.066665
0.058291
0.087689
0.066314
0.061643
0.058397
0.060556
0.055100
0.099697
0.091914
0.070002
0.058899
0.056514
0.056627
0.078504
0.066124
0.080489
0.098651
0.124933
0.056722
0.077904
0.061525
0.097904
0.069061
0.078701
0.081843
0.098281
0.057660
0.116032
0.083339
0.083868
0.085523
0.063982
0.083924
0.103493
0.101638
0.095663
0.063791
0.080472
0.087382
0.080566
0.071476
0.077948
0.099433
0.098246
0.080109
0.109256
0.077038
0.106527
0.071494
0.062759
0.096235
0.068788
0.089468
0.087732
0.053242
0.074903
0.066890
0.080991
0.058475
0.066647
0.089823
0.071247
0.073151
0.069948
0.081970
0.071700
0.077389
0.102547
0.053554
0.071959
0.101188
0.054903
0.076191
0.086408
0.097594
0.072736
0.077157
0.091682
0.107778
0.073210
0.053197
0.064202
0.063443
0.082138
0.071338
0.056858
0.063793
0.095075
0.083290
0.112284
0.078767
0.078304
0.070400
0.063116
0.075091
0.067593
0.061112
0.108318
0.056414
0.065773
0.059309
0.054809
0.085971
0.091682
0.059997
0.076363
0.072304
0.108564
0.075620
0.086786
0.082849
0.068292
0.067891
0.064614
0.069596
0.085910
0.061892
0.087525
0.067689
0.057118
0.077320
0.087122
0.099914
0.094090
0.071832
0.075174
0.060577
0.085828
0.072536
0.070159
0.086740
0.083762
0.058877
0.059980
0.081659
0.058362
0.062886
0.093824
0.062464
0.074154
0.066950
0.073547
0.067177
0.065850
0.056323
0.071324
0.078596
0.097883
0.070307
0.058905
0.089542
0.051558
0.071000
0.084681
0.057523
0.102713
0.075429
0.078913
0.071661
0.065161
0.076113
0.078969
0.066686
0.071003
0.096735
0.069066
0.050610
0.109112
0.090219
0.149520
0.078991
0.071123
0.068025
0.056240
0.066240
0.089760
0.089810
0.082703
0.077652
0.072711
0.074745
0.107316
0.086435
0.088158
0.077336
0.105286
0.087446
0.123693
0.082786
0.072483
0.085196
0.054002
0.063114
0.100535
0.094041
0.075453
0.070225
0.109995
0.070293
0.072316
0.086129
0.086023
0.086761
0.074126
0.065910
0.062035
0.076634
0.081696
0.069469
0.084604
0.070045
0.109090
0.110895
0.104778
0.090276
0.112617
0.079934
0.108694
0.097615
0.062609
0.089805
0.067839
0.079620
0.125730
0.096143
0.087222
0.068397
0.108745
0.088256
0.089525
0.081794
0.099886
0.093701
0.086259
0.090618
0.084746
0.059343
0.087739
0.052959
0.070124
0.080511
0.076860
0.079059
0.089426
0.092940
0.068193
0.085116
0.094055
0.061133
0.075113
0.056704
0.051372
0.056094
0.094863
0.076941
0.057861
0.061489
0.083387
0.070711
0.073798
0.067844
0.083826
0.089147
0.070774
0.074728
0.062513
0.090836
0.105415
0.111733
0.081603
0.066133
0.049209
0.090060
0.067703
0.077107
0.077517
0.067999
0.085622
0.064215
0.086167
0.086473
0.110087
0.073923
0.050803
0.082802
0.055905
0.058392
0.086946
0.085365
0.085413
0.083405
0.075657
0.082189
0.102014
0.079528
0.103572
0.092153
0.084733
0.064931
0.086010
0.094361
0.080260
0.073890
0.078321
0.082746
0.064981
0.085254
0.111721
0.064312
0.081835
0.079077
0.069867
0.078088
0.071456
0.106545
0.109744
0.092619
0.090122
0.094015
0.082303
0.058597
0.073523
0.092765
0.076049
0.069332
0.075677
0.085006
0.107200
0.083588
0.060966
0.077578
0.062364
0.067246
0.055498
0.067995
0.072379
0.064023
0.078216
0.068542
0.054398
0.053437
0.055709
0.079431
0.052281
0.054715
0.072672
0.065587
0.084613
0.076607
0.096774
0.075149
0.082973
0.070465
0.092525
0.062662
0.078300
0.070649
0.108119
0.090148
0.081544
0.093205
0.097017
0.074163
0.072939
0.052125
0.053276
0.111842
0.107823
0.090199
0.084373
0.068237
0.066748
0.075491
0.071480
0.068681
0.070304
0.073956
0.076706
0.087344
0.057016
0.065510
0.065804
0.086357
0.064305
0.075668
0.059360
0.072796
0.077024
0.076115
0.060477
0.057919
0.075135
0.064685
0.071805
0.049657
0.072415
0.067481
0.111347
0.068223
0.097009
0.060423
0.060598
0.061773
0.069381
0.086283
0.076141
0.070404
0.117018
0.087534
0.109621
0.081169
0.081908
0.073299
0.078233
0.079312
0.071443
0.065460
0.078586
0.082685
0.045317
0.072464
0.057085
0.063308
0.060719
0.073935
0.062996
0.066667
0.087255
0.063924
0.073282
0.078216
0.069856
0.055694
0.065575
0.075033
0.083635
0.077857
0.111870
0.070343
0.066805
0.096108
0.090837
0.065479
0.079152
0.056051
0.077629
0.090429
0.078808
0.071542
0.093414
0.080230
0.062800
0.101204
0.078218
0.085287
0.077672
0.081582
0.081996
0.103456
0.088500
0.079714
0.097377
0.067075
0.087365
0.091441
0.092410
0.084951
0.108147
0.101749
0.100386
0.068248
0.080548
0.092201
0.111685
0.080328
0.081291
0.079635
0.098308
0.066859
0.063844
0.061305
0.103786
0.082775
0.058068
0.103019
0.088281
0.064398
0.088021
0.086683
0.067276
0.059270
0.076213
0.081375
0.075820
0.059623
0.082300
0.072676
0.088880
0.061332
0.064461
0.083689
0.080127
0.076742
0.107988
0.089842
0.058150
0.066199
0.087105
0.082465
0.087193
0.092969
0.078707
0.076521
0.097255
0.112278
0.079567
0.074147
0.116732
0.057988
0.115662
0.072678
0.135391
0.108742
0.102112
0.071387
0.074968
0.072876
0.108447
0.095310
0.088643
0.090908
0.092474
0.105848
0.089148
0.073844
0.056466
0.062219
0.065818
0.055459
0.074143
0.064183
0.064718
0.085911
0.074782
0.086472
0.089287
0.080584
0.108387
0.073200
0.078744
0.088677
0.076846
0.102116
0.069468
0.112583
0.082757
0.066080
0.076026
0.081521
0.112784
0.065885
0.106821
0.100630
0.087100
0.079914
0.088414
0.088576
0.094770
0.089544
0.081707
0.099523
0.108453
0.057589
0.085720
0.067800
0.079201
0.054660
0.105550
0.068448
0.082015
0.100284
0.087940
0.087175
0.106467
0.069757
0.096803
0.084792
0.084360
0.069205
0.089766
0.078717
0.080048
0.074383
0.064035
0.064548
0.058914
0.087647
0.100289
0.071159
0.068209
0.056656
0.072523
0.067932
0.065559
0.057235
0.075864
0.073832
0.086648
0.054491
0.075088
0.068360
0.067810
0.082022
0.086251
0.081371
0.085575
0.081952
0.078602
0.071480
0.073398
0.089308
0.084576
0.083262
0.102261
0.078460
0.095327
0.102503
0.081953
0.085044
0.085605
0.087245
0.101505
0.095238
0.096116
0.089521
0.083888
0.070884
0.072521
0.081701
0.070265
0.086412
0.063431
0.080596
0.088921
0.057758
0.064971
0.076056
0.098425
0.064376
0.086866
0.080870
0.072333
0.053843
0.052989
0.058604
0.074754
0.053241
0.080990
0.059196
0.094623
0.070000
0.076372
0.071983
0.089012
0.090072
0.094585
0.080116
0.101650
0.075848
0.090503
0.097196
0.116799
0.068624
0.107447
0.096134
0.083745
0.105694
0.120827
0.104352
0.077008
0.065466
0.069967
0.085622
0.106577
0.082045
0.075720
0.069494
0.107827
0.084128
0.079407
0.097080
0.075888
0.079805
0.065778
0.077578
0.093251
0.085333
0.077290
0.081196
0.095362
0.095684
0.097665
0.087507
0.052604
0.070533
0.083700
0.074349
0.081244
0.070363
0.073254
0.061127
0.083805
0.063009
0.071527
0.096488
0.066407
0.087157
0.092426
0.054707
0.060612
0.061889
0.089432
0.060067
0.100624
0.074667
0.066264
0.088092
0.097959
0.082848
0.086662
0.115032
0.094948
0.072673
0.073998
0.070901
0.081190
0.071070
0.096213
0.069354
0.057483
0.084285
0.074416
0.054446
0.062833
0.070366
0.064893
0.092892
0.108062
0.085281
0.058052
0.066889
0.076689
0.085227
0.048263
0.052943
0.081126
0.094022
0.113473
0.058912
0.051727
0.059916
0.066988
0.081574
0.070903
0.081940
0.067597
0.090509
0.122703
0.081791
0.056197
0.065274
0.085983
0.063255
0.095078
0.093187
0.069791
0.072949
0.073399
0.104309
0.077052
0.068850
0.067052
0.065786
0.078442
0.074951
0.055605
0.077337
0.095693
0.061556
0.076802
0.060950
0.061618
0.094713
0.087279
0.071139
0.078917
0.081124
0.102317
0.056206
0.071298
0.101184
0.073584
0.051817
0.058996
0.086486
0.062821
0.090695
0.110088
0.066063
0.078242
0.070376
0.085248
0.067402
0.059727
0.072240
0.059585
0.069770
0.072525
0.053451
0.060089
0.049982
0.050563
0.060284
0.072107
0.059093
0.071266
0.059762
0.106625
0.083322
0.079479
0.088974
0.071415
0.068028
0.073729
0.116027
0.083422
0.056639
0.093120
0.086524
0.111207
0.074034
0.070823
0.060811
0.101752
0.077136
0.092375
0.080848
0.072812
0.086160
0.057823
0.077653
0.075026
0.068683
0.059755
0.062636
0.070399
0.055479
0.097184
0.074475
0.063399
0.056017
0.067434
0.076924
0.070148
0.060469
0.067553
0.072536
0.067758
0.069817
0.074490
0.071836
0.110096
0.095087
0.076009
0.051673
0.067742
0.064101
0.088974
0.093111
0.085486
0.064736
0.066634
0.058920
0.072973
0.053250
0.080281
0.078550
0.120475
0.079207
0.085539
0.081969
0.066967
0.072612
0.074064
0.083055
0.080473
0.073594
0.095659
0.064740
0.078957
0.109004
0.085475
0.063289
0.065484
0.088421
0.056335
0.068792
0.097307
0.072671
0.074369
0.069207
0.076856
0.080605
0.101327
0.078507
0.071598
0.071495
0.094430
0.068198
0.099577
0.089908
0.073497
0.085946
0.083442
0.072119
0.071233
0.079454
0.092404
0.078322
0.079691
0.087456
0.079677
0.078221
0.072202
0.065416
0.059533
0.071229
0.118778
0.097489
0.093216
0.076320
0.059905
0.058104
0.078493
0.080127
0.102118
0.072995
0.099937
0.061372
0.058704
0.051619
0.049904
0.050208
0.072041
0.070907
0.074609
0.053000
0.111133
0.055312
0.061046
0.071134
0.077940
0.055597
0.082403
0.087373
0.069104
0.059443
0.067479
0.045778
0.080002
0.061032
0.061398
0.071666
0.096337
0.066187
0.057105
0.064629
0.095086
0.059634
0.057029
0.060926
0.090401
0.067040
0.052911
0.081546
0.079681
0.055396
0.134072
