1.746516
0.066757
0.074327
0.059269
0.079641
0.065846
0.058718
0.069702
0.067552
0.064592
0.094851
0.089336
0.087258
0.073441
0.078776
0.082703
0.083166
0.101957
0.074604
0.070107
0.089984
0.088319
0.089599
0.083817
0.074571
0.071136
0.061472
0.066438
0.059480
0.062341
0.082037
0.064017
0.076723
0.096533
0.067487
0.082120
0.088360
0.073648
0.068814
0.075468
0.124455
0.121558
0.068802
0.059016
0.079529
0.070919
0.082914
0.046546
0.062383
0.074996
0.082163
0.058565
0.077944
0.073724
0.060266
0.055614
0.079862
0.079418
0.081704
0.072769
0.100771
0.062883
0.061015
0.091818
0.054147
0.107351
0.104892
0.091605
0.082820
0.072426
0.109815
0.063920
0.075804
0.090462
0.074385
0.071223
0.078441
0.060306
0.085618
0.071114
0.085425
0.062198
0.069205
0.070797
0.077500
0.047867
0.058885
0.068178
0.077023
0.080844
0.089755
0.066722
0.078504
0.054628
0.067634
0.092382
0.073516
0.055160
0.059335
0.064171
0.084151
0.079734
0.064512
0.055259
0.062000
0.067205
0.071426
0.100214
0.100545
0.089725
0.092223
0.072438
0.080369
0.045687
0.079514
0.082898
0.059664
0.074911
0.055874
0.068987
0.079719
0.080337
0.052976
0.074066
0.054608
0.077738
0.054076
0.091870
0.075871
0.065146
0.088759
0.089804
0.055799
0.054565
0.071926
0.072509
0.071996
0.077503
0.081290
0.091871
0.074700
0.108079
0.086286
0.071375
0.080134
0.098921
0.065941
0.056046
0.070525
0.070655
0.121798
0.051542
0.047108
0.088614
0.071376
0.068479
0.083753
0.047568
0.062695
0.062263
0.088757
0.098039
0.087042
0.061207
0.068068
0.089496
0.044749
0.043437
0.059414
0.053901
0.087316
0.075930
0.071030
0.097293
0.076816
0.070461
0.092850
0.079754
0.082692
0.091002
0.073482
0.062801
0.092402
0.059266
0.083630
0.079801
0.064460
0.068805
0.076314
0.061698
0.084185
0.051128
0.053165
0.053619
0.058864
0.057249
0.073908
0.064784
0.060599
0.074056
0.073919
0.061856
0.079576
0.072485
0.059117
0.066381
0.071955
0.065127
0.095155
0.054017
0.085793
0.065027
0.059871
0.056580
0.061672
0.075376
0.067440
0.061125
0.084252
0.107217
0.105126
0.101223
0.072979
0.077145
0.082543
0.088252
0.067993
0.070751
0.053006
0.067728
0.067578
0.061545
0.064665
0.083520
0.069186
0.061708
0.081712
0.076378
0.082530
0.086697
0.086071
0.064019
0.053152
0.061085
0.068324
0.090003
0.076699
0.062899
0.062195
0.050719
0.069466
0.065001
0.069564
0.070438
0.092423
0.061545
0.065530
0.091437
0.057222
0.048147
0.080538
0.066928
0.058020
0.060833
0.084879
0.080510
0.059182
0.063873
0.081481
0.067346
0.132533
0.092652
0.089924
0.094241
0.062511
0.056487
0.065829
0.056783
0.068129
0.061561
0.089413
0.070548
0.084456
0.089854
0.091236
0.078690
0.047137
0.047427
0.054253
0.054234
0.089532
0.078836
0.059127
0.056162
0.055254
0.056088
0.059494
0.083547
0.066680
0.114759
0.088426
0.087988
0.077961
0.072868
0.067246
0.060500
0.055806
0.078669
0.052832
0.066155
0.097265
0.064124
0.067651
0.069432
0.094380
0.124038
0.104004
0.049419
0.069390
0.103090
0.110929
0.068232
0.069824
0.058664
0.067502
0.085936
0.059907
0.062021
0.056538
0.071989
0.087701
0.095827
0.071474
0.073022
0.055486
0.080197
0.056862
0.058111
0.068779
0.089398
0.074464
0.070210
0.077533
0.067347
0.076774
0.083386
0.078389
0.087755
0.076653
0.065906
0.130560
0.094925
0.072463
0.073920
0.086755
0.084289
0.080599
0.062173
0.084369
0.061476
0.084236
0.068455
0.092397
0.086130
0.095826
0.078098
0.066861
0.086771
0.084142
0.059357
0.087052
0.095222
0.071811
0.110728
0.069820
0.065597
0.062419
0.054476
0.056933
0.053081
0.078058
0.059886
0.045159
0.060322
0.077400
0.052177
0.064272
0.066869
0.062897
0.057212
0.078858
0.085441
0.082927
0.058390
0.069896
0.061435
0.068860
0.087039
0.070655
0.062017
0.072095
0.072250
0.081635
0.095306
0.069295
0.070878
0.091339
0.064115
0.081135
0.073125
0.116437
0.086546
0.073108
0.057167
0.085922
0.097111
0.104033
0.071944
0.072347
0.070681
0.096554
0.053360
0.059236
0.058995
0.061328
0.089597
0.080698
0.066040
0.081727
0.060290
0.085716
0.080278
0.069469
0.051208
0.045881
0.054754
0.074937
0.089336
0.068780
0.086815
0.082244
0.085244
0.073475
0.084437
0.090874
0.067839
0.062798
0.060655
0.078001
0.086798
0.093518
0.057086
0.070573
0.058605
0.070196
0.063616
0.076190
0.065987
0.082808
0.058671
0.062885
0.105952
0.063418
0.096118
0.078950
0.078369
0.073382
0.058215
0.073135
0.073031
0.117019
0.082908
0.059816
0.055228
0.048536
0.059905
0.061314
0.068466
0.055043
0.060874
0.096888
0.103891
0.051052
0.053970
0.066355
0.080947
0.060719
0.094864
0.084897
0.062829
0.104328
0.089543
0.078663
0.118160
0.112540
0.103057
0.064811
0.063760
0.081754
0.065048
0.094068
0.067020
0.074708
0.067816
0.090320
0.110333
0.116975
0.095788
0.119960
0.096221
0.068551
0.085671
0.058605
0.072111
0.074883
0.075331
0.055976
0.065023
0.055505
0.079904
0.084013
0.062480
0.072207
0.076486
0.072259
0.088718
0.061771
0.081355
0.073227
0.054761
0.096658
0.066464
0.066036
0.061795
0.057432
0.055709
0.066651
0.082316
0.071846
0.069000
0.073263
0.084901
0.094247
0.076786
0.093227
0.082939
0.062171
0.070875
0.078395
0.061960
0.079711
0.079827
0.078865
0.066421
0.039513
0.065072
0.060516
0.077230
0.049827
0.073778
0.076177
0.057575
0.063803
0.091609
0.060343
0.062652
0.059283
0.054048
0.055649
0.061239
0.089742
0.055273
0.069996
0.073552
0.054965
0.060094
0.082903
0.086597
0.053829
0.084254
0.104098
0.081409
0.072195
0.061466
0.080216
0.066221
0.072385
0.077608
0.077871
0.063207
0.079640
0.056330
0.065866
0.072113
0.070922
0.073586
0.084961
0.054064
0.065401
0.073105
0.107131
0.091706
