1.766362
0.069885
0.079976
0.081800
0.105529
0.058891
0.049953
0.060038
0.057361
0.069911
0.081964
0.085444
0.057098
0.045271
0.075579
0.043383
0.055649
0.068542
0.089991
0.049864
0.081076
0.092299
0.072938
0.052281
0.062577
0.060655
0.076167
0.108027
0.053129
0.042389
0.133288
0.084656
0.066852
0.064929
0.090491
0.068200
0.060945
0.061584
0.054253
0.057200
0.090337
0.052784
0.049431
0.067823
0.062407
0.061326
0.080353
0.097039
0.066702
0.076092
0.114674
0.072855
0.058831
0.050069
0.054692
0.049047
0.065313
0.070187
0.068360
0.081687
0.100274
0.041368
0.054051
0.071708
0.085575
0.061649
0.082571
0.081442
0.082938
0.058348
0.080855
0.055453
0.076705
0.055243
0.077772
0.059507
0.094607
0.063145
0.059230
0.059200
0.086181
0.085572
0.066911
0.076747
0.074529
0.060775
0.060054
0.048717
0.075914
0.045984
0.083538
0.072163
0.050219
0.054093
0.036236
0.049970
0.047860
0.082577
0.054089
0.073878
0.090797
0.062041
0.049948
0.061022
0.062312
0.056363
0.074323
0.090953
0.057322
0.044060
0.077461
0.054419
0.078973
0.055533
0.085068
0.092477
0.094750
0.091453
0.080384
0.092729
0.067788
0.065228
0.057953
0.084697
0.057165
0.107810
0.072971
0.055357
0.064712
0.063650
0.067192
0.061248
0.083186
0.067389
0.075347
0.101068
0.092281
0.071277
0.087888
0.056937
0.077765
0.055140
0.043133
0.063003
0.071754
0.037910
0.061865
0.081984
0.047562
0.052315
0.116035
0.065342
0.070774
0.090796
0.100805
0.060928
0.057498
0.104647
0.062195
0.081964
0.081853
0.085783
0.091609
0.063753
0.074872
0.083037
0.120156
0.047880
0.052823
0.059051
0.092015
0.058271
0.093624
0.064971
0.062111
0.055810
0.067548
0.064338
0.071874
0.061889
0.082884
0.097676
0.075906
0.066876
0.092214
0.071271
0.085584
0.102434
0.054156
0.055226
0.084257
0.082605
0.058904
0.059082
0.059654
0.086818
0.061854
0.052474
0.043640
0.082693
0.072834
0.064148
0.076559
0.060811
0.053580
0.052426
0.087831
0.096644
0.082020
0.075802
0.109102
0.092103
0.093599
0.078551
0.073158
0.077758
0.063234
0.054954
0.061072
0.066571
0.103434
0.050768
0.059994
0.087747
0.063948
0.065244
0.081794
0.069985
0.062946
0.045424
0.080049
0.060281
0.110624
0.093891
0.102809
0.056882
0.094783
0.072949
0.064795
0.085371
0.090197
0.066895
0.049266
0.061889
0.060062
0.062011
0.058742
0.065377
0.062551
0.062643
0.108907
0.063250
0.066672
0.086570
0.054560
0.050993
0.071575
0.046141
0.076432
0.066940
0.093892
0.068165
0.075887
0.084678
0.060049
0.062135
0.082734
0.105785
0.129496
0.115006
0.131603
0.073998
0.095706
0.063915
0.076739
0.052980
0.073681
0.059254
0.073341
0.070403
0.081934
0.059262
0.088364
0.057126
0.069620
0.081723
0.055894
0.066947
0.082174
0.108164
0.115102
0.105585
0.094304
0.081309
0.087584
0.054205
0.075645
0.079861
0.069147
0.066155
0.083055
0.061563
0.066455
0.067627
0.069085
0.090810
0.075149
0.093489
0.068249
0.078230
0.091386
0.051828
0.055633
0.067566
0.084147
0.077242
0.057808
0.054643
0.039566
0.049935
0.079221
0.060887
0.068619
0.074584
0.082110
0.067818
0.073485
0.082133
0.066858
0.055482
0.065639
0.055085
0.057835
0.060937
0.094863
0.098742
0.090788
0.087183
0.080236
0.094927
0.139785
0.101661
0.060026
0.063052
0.059997
0.080034
0.088491
0.075588
0.065797
0.069613
0.105228
0.043051
0.059983
0.059168
0.094824
0.065215
0.048152
0.053324
0.101677
0.063082
0.084854
0.090173
0.054049
0.086718
0.064442
0.088606
0.089051
0.076789
0.043727
0.068915
0.069334
0.054394
0.098908
0.071046
0.055104
0.057400
0.106856
0.065442
0.050697
0.041830
0.068654
0.065211
0.056749
0.057565
0.065464
0.060898
0.056833
0.035255
0.065663
0.085279
0.088142
0.060588
0.077052
0.070145
0.045211
0.058819
0.057123
0.057195
0.058921
0.047146
0.089031
0.057433
0.059695
0.101572
0.055623
0.060457
0.048317
0.057536
0.071106
0.054078
0.062242
0.066470
0.037602
0.048533
0.050392
0.053989
0.083419
0.060870
0.076217
0.077868
0.062114
0.054469
0.064740
0.081291
0.060557
0.081713
0.086658
0.078810
0.061129
0.093778
0.098595
0.067233
0.087033
0.090426
0.064057
0.073497
0.052342
0.060916
0.073602
0.067030
0.128701
0.078304
0.057085
0.059550
0.054007
0.061210
0.085245
0.062129
0.062351
0.085788
0.102651
0.075763
0.062520
0.075879
0.119405
0.087298
0.071680
0.065971
0.081015
0.070116
0.106286
0.079849
0.109899
0.078644
0.092504
0.097615
0.106115
0.098241
0.098572
0.073925
0.097813
0.088027
0.075486
0.068534
0.063327
0.066483
0.065119
0.053844
0.065049
0.075023
0.088610
0.075008
0.070564
0.096780
0.091787
0.081813
0.054101
0.082864
0.081911
0.085473
0.099119
0.058054
0.043479
0.045530
0.054790
0.053304
0.070920
0.079217
0.067999
0.047013
0.089938
0.060474
0.078705
0.080127
0.061065
0.056101
0.091564
0.059773
0.049644
0.076902
0.079201
0.055548
0.067640
0.085549
0.050282
0.059067
0.057787
0.061211
0.099145
0.083034
0.081511
0.073335
0.054305
0.064178
0.063678
0.102050
0.088909
0.063061
0.079035
0.074408
0.095436
0.070196
0.075222
0.120166
0.098732
0.070855
0.087460
0.051120
0.089592
0.056507
0.098769
0.052253
0.072876
0.048510
0.063362
0.079164
0.065070
0.067979
0.058853
0.106261
0.093269
0.065907
0.088973
0.106908
0.092390
0.130441
0.122735
0.090202
0.070810
0.091881
0.093363
0.063020
0.073410
0.144928
0.078241
0.082690
0.082462
0.103674
0.065690
0.066813
0.080652
0.062035
0.066856
0.063679
0.055648
0.059447
0.045818
0.052729
0.039549
0.085397
0.090236
0.065073
0.091612
0.054338
0.067579
0.075076
0.071726
0.059716
0.089812
0.056349
0.064578
0.081709
0.103762
0.084522
0.101316
0.084023
0.074219
0.075317
0.063202
0.055012
0.078379
0.069367
0.068741
0.072107
0.063515
0.067010
0.098897
0.081857
0.058552
0.112806
0.099814
0.069387
0.078178
0.074330
0.067498
0.093007
0.066932
0.102691
0.092705
0.060443
0.101729
0.061411
0.093014
0.087784
0.080880
0.057071
0.062005
0.092834
0.066828
0.084036
0.091635
0.074248
0.070069
0.070551
0.049278
0.070579
0.085970
0.061301
0.059737
0.060596
0.078309
0.069251
0.067685
0.091490
0.079911
0.083127
0.049721
0.061566
0.081815
0.069312
0.092035
0.046351
0.051827
0.058413
0.064759
0.037793
0.070388
0.064528
0.069296
0.073922
0.078429
0.061797
0.083566
0.074179
0.069246
0.098094
0.076415
0.104601
0.053277
0.094352
0.095287
0.105376
0.096339
0.054204
0.100374
0.063378
0.077714
0.060088
0.074839
0.043189
0.093241
0.071197
0.068541
0.061404
0.097908
0.053885
0.081088
0.091121
0.067749
0.076512
0.068677
0.068077
0.055773
0.102437
0.070221
0.057361
0.074977
0.066417
0.087365
0.057739
0.081985
0.080190
0.070453
0.097520
0.079954
0.068474
0.056628
0.066358
0.048234
0.060167
0.065814
0.060778
0.050953
0.050150
0.042765
0.046050
0.050760
0.058691
0.053597
0.056416
0.061552
0.050399
0.081032
0.065017
0.078178
0.088515
0.056003
0.044561
0.070078
0.069900
0.099608
0.091686
0.049429
0.062392
0.093228
0.063304
0.081859
0.059958
0.069077
0.066925
0.088853
0.055824
0.076265
0.080857
0.064368
0.073785
0.088458
0.065595
0.066036
0.072076
0.090966
0.067942
0.066418
0.066714
0.057221
0.054093
0.053822
0.059501
0.082871
0.081893
0.073023
0.084053
0.072500
0.069188
0.076863
0.082514
0.086706
0.072123
0.077973
0.076243
0.098508
0.084739
0.053403
0.079052
0.061200
0.084138
0.060375
0.045621
0.074752
0.076472
0.118600
0.093283
0.078658
0.106066
0.108053
0.085543
0.060256
0.072840
0.048347
0.079065
0.084518
0.069402
0.089692
0.070006
0.106140
0.073513
0.096294
0.070390
0.083322
0.075630
0.100857
0.056122
0.094565
0.051889
0.048922
0.056818
0.055218
0.049813
0.060801
0.062390
0.067409
0.066351
0.084437
0.095721
0.105325
0.057846
0.066760
0.066253
0.055589
0.064377
0.107897
0.081329
0.116033
0.089513
0.122380
0.069216
0.090066
0.050972
0.071976
0.057522
0.097135
0.048206
0.065077
0.058413
0.089600
0.079675
0.048145
0.073143
0.053031
0.051170
0.094457
0.088799
0.076988
0.075324
0.084731
0.085421
0.075123
0.064465
0.069616
0.086117
0.066721
0.079710
0.051982
0.078536
0.046072
0.045388
0.062828
0.053642
0.052153
0.059247
0.066127
0.057774
0.072709
0.073846
0.061732
0.070288
0.064620
0.068944
0.072070
0.066803
0.104512
0.080710
0.058525
0.052675
0.061712
0.051463
0.060722
0.078027
0.059390
0.059064
0.068663
0.084633
0.057113
0.074883
0.050733
0.051576
0.065370
0.053672
0.062398
0.086306
0.120451
0.094356
0.079908
0.097142
0.062783
0.101812
0.084639
0.080376
0.059334
0.064609
0.069623
0.054263
0.061743
0.079072
0.075227
0.097860
0.079283
0.080001
0.069212
0.078757
0.101781
0.121309
0.063850
0.090142
0.085468
0.048015
0.053237
0.055902
0.056350
0.060758
0.093666
0.075511
0.072105
0.064208
0.077425
0.048940
0.076670
0.089088
0.054768
0.052238
0.081550
0.062732
0.086666
0.055460
0.050363
0.068492
0.046458
0.067891
0.053570
0.087841
0.089206
0.093771
0.071585
0.085200
0.089509
0.069543
0.065926
0.124742
0.106135
0.072590
0.099533
0.063032
0.074234
0.077117
0.127290
0.131135
0.128593
0.096455
0.062395
0.078797
0.102592
0.090470
0.060393
0.088871
0.089091
0.126436
0.100910
0.078081
0.059101
0.064998
0.130054
0.085602
0.083553
0.080182
0.056261
0.054816
0.058587
0.073129
0.046979
0.063703
0.083811
0.071782
0.079817
0.085084
0.068585
0.072674
0.078354
0.077075
0.091939
0.073190
0.132464
0.061014
0.062769
0.061377
0.063560
0.060766
0.064526
0.052119
0.054119
0.075811
0.101556
0.071675
0.063313
0.068928
0.081288
0.107801
0.072131
0.072009
0.067662
0.056358
0.065148
0.043315
0.059197
0.061230
0.084535
0.053545
0.052841
0.091190
0.060677
0.090057
