1.835482
0.108759
0.090282
0.066792
0.055931
0.042395
0.084501
0.125665
0.070536
0.070723
0.067835
0.054750
0.068034
0.066607
0.090102
0.078331
0.058029
0.077746
0.068231
0.082525
0.103835
0.081873
0.085093
0.078522
0.097372
0.080924
0.086728
0.080210
0.058444
0.077709
0.076632
0.051120
0.077090
0.055735
0.062224
0.080367
0.062912
0.093005
0.092478
0.078412
0.092315
0.100819
0.089608
0.075993
0.076227
0.056561
0.067106
0.071994
0.068845
0.089519
0.103487
0.095321
0.108311
0.113101
0.118032
0.099240
0.089109
0.072965
0.069508
0.096644
0.093604
0.050515
0.076474
0.072209
0.043499
0.056373
0.071005
0.062896
0.067626
0.066071
0.095547
0.055789
0.047571
0.067527
0.096202
0.084772
0.059435
0.069596
0.065392
0.059152
0.100174
0.075986
0.037380
0.067415
0.081550
0.055530
0.088700
0.082833
0.098570
0.071700
0.117182
0.057108
0.076159
0.066707
0.087556
0.081438
0.066135
0.071386
0.059794
0.071816
0.109105
0.056023
0.058211
0.082196
0.083046
0.060958
0.061006
0.054681
0.046685
0.057622
0.078704
0.057198
0.065078
0.053452
0.078510
0.056644
0.082019
0.077524
0.077906
0.063526
0.088016
0.087152
0.051115
0.052646
0.068146
0.051732
0.078887
0.097291
0.059422
0.071251
0.093953
0.081668
0.091248
0.083217
0.097968
0.085264
0.094422
0.116033
0.046939
0.063685
0.106400
0.075211
0.088547
0.091770
0.079257
0.048992
0.105620
0.061897
0.065369
0.066099
0.064193
0.077452
0.069203
0.047915
0.059560
0.062569
0.073635
0.058994
0.062709
0.078209
0.104573
0.069317
0.063374
0.077917
0.080153
0.100141
0.060395
0.081151
0.095540
0.074969
0.117675
0.116516
0.080839
0.114311
0.075488
0.075987
0.079482
0.096666
0.070819
0.081879
0.129951
0.061377
0.101932
0.077152
0.071707
0.067965
0.073767
0.055482
0.061467
0.071953
0.087387
0.089395
0.055188
0.085141
0.072632
0.070928
0.085081
0.078059
0.076269
0.065706
0.098789
0.089275
0.105690
0.065300
0.070462
0.072630
0.076524
0.046212
0.062602
0.056037
0.071142
0.050082
0.080152
0.058048
0.067619
0.088188
0.067052
0.052067
0.045823
0.064358
0.097293
0.080190
0.080321
0.066010
0.076238
0.068864
0.063493
0.063274
0.077257
0.068563
0.076072
0.075576
0.059292
0.073949
0.077306
0.095650
0.057870
0.053470
0.046535
0.044162
0.099381
0.082440
0.062359
0.065420
0.076735
0.103979
0.078534
0.046241
0.056752
0.053818
0.067254
0.097047
0.061586
0.050972
0.069633
0.059908
0.069824
0.067141
0.068844
0.079928
0.073589
0.057929
0.072481
0.055515
0.071381
0.067919
0.098053
0.089719
0.059419
0.053730
0.103477
0.057628
0.117603
0.073277
0.067118
0.066850
0.084508
0.068479
0.051066
0.055990
0.064278
0.085295
0.098634
0.081855
0.101631
0.074752
0.051177
0.037361
0.079878
0.066350
0.061371
0.058908
0.063541
0.082344
0.065232
0.078782
0.056412
0.081270
0.060555
0.069656
0.105225
0.084000
0.043740
0.050296
0.066666
0.064130
0.065229
0.086788
0.094651
0.048789
0.111460
0.079523
0.051971
0.060179
0.065804
0.085836
0.065953
0.064337
0.063250
0.080153
0.075485
0.054474
0.093920
0.078147
0.044962
0.059091
0.061362
0.068099
0.074009
0.077857
0.092204
0.124107
0.110297
0.080652
0.053898
0.057147
0.080870
0.076325
0.051833
0.071944
0.081153
0.067386
0.048594
0.070295
0.092569
0.089830
0.073657
0.084080
0.076604
0.076988
0.096178
0.067281
0.075181
0.072937
0.077461
0.053128
0.058003
0.039287
0.066463
0.045407
0.061338
0.051881
0.051140
0.078344
0.080931
0.061803
0.060353
0.078126
0.079706
0.066337
0.094195
0.064810
0.083845
0.070766
0.051962
0.059352
0.070294
0.082019
0.060956
0.044205
0.103341
0.086581
0.048332
0.069205
0.050503
0.041041
0.064648
0.058872
0.064812
0.054506
0.069240
0.067114
0.060335
0.091298
0.048819
0.094853
0.095997
0.104306
0.066708
0.056628
0.081629
0.065873
0.074404
0.081013
0.079304
0.058248
0.062292
0.056185
0.070604
0.069785
0.076459
0.052450
0.076296
0.069916
0.063286
0.083840
0.090095
0.068902
0.065205
0.060019
0.113632
0.068437
0.083792
0.071810
0.086931
0.096698
0.079822
0.108916
0.063412
0.066243
0.077945
0.105235
0.064215
0.085021
0.084055
0.066999
0.065111
0.053123
0.056568
0.056705
0.109941
0.070531
0.045150
0.052747
0.039900
0.038017
0.054375
0.047413
0.055385
0.073581
0.068357
0.053709
0.039517
0.058433
0.069313
0.073838
0.055054
0.070447
0.067958
0.098281
0.087964
0.093930
0.078101
0.064641
0.092457
0.094386
0.096777
0.111305
0.078076
0.082687
0.091215
0.099325
0.085913
0.052595
0.065269
0.059948
0.058061
0.075258
0.083147
0.083859
0.077731
0.080758
0.067990
0.072398
0.073594
0.064560
0.056295
0.061790
0.063117
0.064183
0.076847
0.071383
0.070201
0.062058
0.059413
0.060113
0.070025
0.084255
0.087097
0.104323
0.083453
0.093437
0.104487
0.088792
0.060129
0.074251
0.072177
0.090094
0.072376
0.063360
0.088309
0.058969
0.069832
0.068614
0.060957
0.066889
0.094352
0.076193
0.057440
0.069907
0.088423
0.071195
0.094844
0.082244
0.091505
0.097059
0.074436
0.071957
0.084450
0.075134
0.083903
0.053444
0.057003
0.064146
0.073792
0.060789
0.072994
0.064305
0.068381
0.067802
0.074375
0.052487
0.055414
0.094796
0.092604
0.079021
0.085865
0.066324
0.054564
0.074664
0.075555
0.058861
0.059417
0.063378
0.068896
0.060578
0.074225
0.073094
0.097451
0.070001
0.110926
0.076398
0.052645
0.061065
0.041896
0.053411
0.064385
0.066170
0.080998
0.073488
0.095935
0.075189
0.058142
0.072771
0.064893
0.073256
0.049582
0.064222
0.055919
0.045442
0.069140
0.059072
0.063394
0.073867
0.058432
0.052332
0.063604
0.071369
0.081791
0.073813
0.064415
0.066861
0.075085
0.064121
0.102939
0.093432
0.071415
0.079136
0.051612
0.087034
0.076202
0.093447
0.078604
0.080298
0.055102
0.052471
0.070846
0.073619
0.045449
0.059822
0.083308
0.085292
0.064981
0.054505
0.072716
0.099175
0.052051
0.066685
0.058905
0.046897
0.071759
0.073841
0.050828
0.072217
0.071673
0.059780
0.074388
0.089233
0.073453
0.066895
0.071012
0.058000
0.072491
0.090420
0.092692
0.084861
0.060805
0.060025
0.067011
0.109682
0.114084
0.088583
0.072989
0.107263
0.100813
0.091187
0.072259
0.057289
0.065684
0.086544
0.111685
0.107139
0.079200
0.039885
0.074613
0.059452
0.073020
0.059106
0.069601
0.048755
0.068952
0.071570
0.051999
0.061258
0.060201
0.089765
0.057679
0.062837
0.076599
0.047789
0.082720
0.078932
0.061237
0.050478
0.077934
0.086837
0.091088
0.082301
0.100262
0.063297
0.116816
0.094288
0.095036
0.089011
0.099976
0.096078
0.089896
0.077246
0.077270
0.072584
0.096465
0.077053
0.068558
0.068558
0.073248
0.072462
0.065120
0.083787
0.058471
0.065049
0.088462
0.061086
0.054846
0.044400
0.045642
0.061161
0.055562
0.059468
0.082886
0.084558
0.099596
0.055942
0.080296
0.075977
0.070893
0.074272
0.069979
0.080833
0.062458
0.051458
0.095411
0.074972
0.064536
0.066719
0.100789
0.048480
0.090343
0.061700
0.095090
0.060895
0.082907
0.072288
0.101938
0.059149
0.063854
0.099256
0.054644
0.101742
0.076350
0.084937
0.091391
0.091704
0.047953
0.073181
0.077044
0.102962
0.072802
0.058399
0.069815
0.063877
0.074315
0.073125
0.094223
0.071908
0.058738
0.060610
0.093491
0.093393
0.074055
0.094059
0.105191
0.069402
0.065642
0.082559
0.089480
0.071095
0.103061
0.074622
0.070191
0.059725
0.103404
0.063432
0.065486
0.089339
0.101424
0.074783
0.065983
0.086783
0.071150
0.069816
0.097091
0.083716
0.067097
0.065405
0.075588
0.088916
0.054489
0.079297
0.058533
0.056235
0.079755
0.095016
0.041656
0.079628
0.078753
0.057663
0.069835
0.084870
0.042862
0.062954
0.062915
0.069012
0.078956
0.082392
0.064339
0.051950
0.072737
0.065445
0.072491
0.086771
0.101959
0.073889
0.076702
0.068404
0.066747
0.085778
0.074006
0.093123
0.093288
0.062030
0.090915
0.057174
0.084159
0.073377
0.104981
0.042143
0.053941
0.076710
0.069417
0.056397
0.089427
0.045910
0.037132
0.067716
0.082936
0.073642
0.054961
0.074028
0.086113
0.094315
0.127071
0.063813
0.078937
0.055934
0.060769
0.093996
0.056360
0.051994
0.068113
0.055013
0.072609
0.076591
0.055792
0.049810
0.065648
0.051158
0.055258
0.081326
0.096109
0.076009
0.078025
0.062803
0.061540
0.045573
0.061095
0.069397
0.062357
0.053719
0.081374
0.090233
0.062989
0.081644
0.070985
0.072479
0.081065
0.082044
0.084647
0.109752
0.086623
0.080504
0.131860
0.076951
0.066237
0.080311
0.068084
0.074503
0.073054
0.090980
0.068397
0.085090
0.074594
0.091716
0.073814
0.112280
0.082239
0.070081
0.069979
0.052508
0.080367
0.079545
0.094774
0.088802
0.099724
0.073234
0.056115
0.070520
0.071412
0.067450
0.054848
0.057764
0.095937
0.088711
0.064477
