1.811215
0.082490
0.065283
0.085256
0.053984
0.057901
0.059968
0.069155
0.050146
0.065837
0.081511
0.068676
0.070728
0.101756
0.083379
0.052204
0.092345
0.073500
0.042880
0.078015
0.106916
0.080618
0.069327
0.067249
0.071309
0.073031
0.049227
0.067198
0.083987
0.078821
0.119803
0.070763
0.059611
0.076514
0.078891
0.074807
0.071202
0.081696
0.121505
0.076752
0.079429
0.066857
0.091625
0.069554
0.083696
0.083552
0.107280
0.090163
0.079126
0.078776
0.088319
0.097202
0.091991
0.102271
0.080327
0.080474
0.084347
0.050124
0.085775
0.066065
0.074316
0.057650
0.057892
0.047215
0.058231
0.090346
0.044471
0.042736
0.056552
0.071410
0.106237
0.047289
0.080865
0.082879
0.065979
0.071848
0.075847
0.073441
0.070121
0.083081
0.081051
0.103169
0.067994
0.069873
0.068339
0.091122
0.064127
0.080650
0.065452
0.061362
0.091558
0.076609
0.090087
0.073465
0.067168
0.092662
0.108612
0.102207
0.063544
0.070310
0.092771
0.085023
0.062943
0.102647
0.087612
0.075757
0.079497
0.085837
0.087842
0.081833
0.088620
0.082040
0.083827
0.093371
0.059440
0.077102
0.103327
0.083305
0.076392
0.063639
0.120386
0.052781
0.061279
0.060816
0.087054
0.066076
0.057897
0.086250
0.086997
0.057157
0.087393
0.087121
0.074775
0.080805
0.063946
0.077191
0.089291
0.081549
0.089584
0.063828
0.095756
0.070024
0.066522
0.075889
0.045302
0.062557
0.081956
0.073585
0.103950
0.107553
0.088729
0.112428
0.126842
0.065207
0.085366
0.067674
0.043421
0.066226
0.070490
0.045705
0.067511
0.048410
0.054211
0.053170
0.067184
0.058397
0.069433
0.060920
0.069404
0.100593
0.072081
0.047892
0.090274
0.091091
0.063324
0.079314
0.050452
0.053002
0.045077
0.073736
0.082091
0.066685
0.085448
0.054997
0.089352
0.073640
0.056715
0.064253
0.073150
0.097610
0.095252
0.060414
0.077096
0.086666
0.072484
0.089751
0.066766
0.066036
0.106217
0.083777
0.106479
0.062755
0.090282
0.073633
0.054122
0.054548
0.064092
0.095208
0.084809
0.053791
0.082118
0.065843
0.076833
0.068439
0.078721
0.075163
0.060669
0.042385
0.062796
0.077443
0.090402
0.076594
0.060735
0.085023
0.060848
0.052097
0.046209
0.047508
0.097570
0.054660
0.049294
0.034280
0.036936
0.064718
0.072569
0.074878
0.081552
0.060052
0.058965
0.059067
0.099973
0.116765
0.066883
0.066869
0.067448
0.078756
0.081631
0.059565
0.090642
0.060073
0.089026
0.078845
0.084058
0.084372
0.103436
0.057137
0.076889
0.047056
0.065035
0.071465
0.075397
0.068752
0.063706
0.082947
0.111372
0.079016
0.088596
0.036965
0.101193
0.059683
0.080747
0.075053
0.061433
0.087937
0.088574
0.081505
0.088851
0.112251
0.052478
0.069814
0.094159
0.085743
0.076898
0.068096
0.061423
0.074794
0.067477
0.085063
0.054056
0.077500
0.083251
0.075358
0.072290
0.075308
0.085630
0.087775
0.057642
0.110211
0.068962
0.068360
0.073669
0.054482
0.088308
0.049353
0.089516
0.078549
0.055461
0.062542
0.073706
0.078102
0.078351
0.081582
0.096276
0.054798
0.056132
0.062562
0.042023
0.035748
0.070113
0.092417
0.089092
0.088445
0.070156
0.058747
0.071740
0.079114
0.074764
0.063488
0.062056
0.075764
0.097260
0.063805
0.069406
0.071771
0.050474
0.078238
0.069013
0.077995
0.069957
0.062122
0.133841
0.063329
0.084145
0.051651
0.050990
0.070030
0.065428
0.079073
0.046589
0.079592
0.063225
0.070670
0.081357
0.072390
0.091151
0.068048
0.073294
0.097851
0.058810
0.067643
0.070534
0.068828
0.052495
0.067769
0.058461
0.056218
0.064228
0.041340
0.048436
0.057497
0.081181
0.062924
0.076649
0.051854
0.054793
0.059077
0.064370
0.059289
0.058407
0.042513
0.087333
0.072681
0.066387
0.074123
0.054486
0.062719
0.057413
0.068744
0.045757
0.080556
0.096088
0.058122
0.079838
0.101804
0.084823
0.045431
0.060383
0.050883
0.062530
0.093048
0.086221
0.066984
0.074908
0.086284
0.077705
0.068546
0.086133
0.062488
0.097321
0.069025
0.059903
0.069790
0.076862
0.125369
0.077798
0.067817
0.100939
0.090756
0.090636
0.055556
0.079387
0.058211
0.092056
0.057446
0.060032
0.076819
0.054439
0.049464
0.048769
0.068440
0.094619
0.074770
0.111415
0.071376
0.064052
0.059714
0.062554
0.055742
0.082515
0.065128
0.127012
0.086315
0.070787
0.074479
0.057233
0.067652
0.069957
0.050203
0.061937
0.099399
0.112864
0.053918
0.052727
0.104319
0.087415
0.066164
0.052629
0.082622
0.045900
0.071259
0.122285
0.080291
0.073234
0.063392
0.062082
0.068487
0.049461
0.065274
0.055201
0.046488
0.076132
0.080574
0.092630
0.059589
0.072546
0.052800
0.095065
0.100140
0.066894
0.067684
0.098636
0.066652
0.072274
0.081988
0.117163
0.051916
0.070013
0.066771
0.075882
0.066533
0.126966
0.049621
0.075648
0.060640
0.056190
0.070369
0.059628
0.094359
0.087218
0.079774
0.096937
0.072588
0.079566
0.051639
0.068073
0.055583
0.101329
0.058935
0.108044
0.092607
0.115077
0.112268
0.114810
0.105412
0.105000
0.130194
0.079929
0.076896
0.076077
0.080782
0.078837
0.078871
0.075831
0.055075
0.075741
0.074950
0.071223
0.089341
0.076187
0.049557
0.083256
0.103527
0.088039
0.064543
0.061132
0.064850
0.057008
0.059941
0.056566
0.064655
0.076906
0.053667
0.080140
0.054595
0.067468
0.073533
0.051115
0.062030
0.079679
0.098837
0.107226
0.073439
0.139773
0.093725
0.070147
0.061694
0.079505
0.047830
0.048183
0.070991
0.083553
0.065601
0.083154
0.081600
0.084193
0.080031
0.081667
0.085945
0.084178
0.078420
0.116631
0.071226
0.068081
0.081160
0.094816
0.104759
0.093733
0.054885
0.070479
0.044168
0.079026
0.066243
0.059710
0.065806
0.089909
0.082475
0.073724
0.050447
0.063715
0.063864
0.098994
0.066924
0.068748
0.051720
0.050849
0.078861
0.094600
0.061679
0.053228
0.076972
0.128022
0.111336
0.096750
0.073768
0.059753
0.071935
0.057233
0.082839
0.068018
0.089844
0.097066
0.049236
0.088606
0.062737
0.057357
0.064319
0.049258
0.079825
0.062873
0.072782
0.054752
0.060899
0.065940
0.069775
0.083030
0.042890
0.054283
0.073984
0.086061
0.081234
0.093616
0.074405
0.069206
0.047757
0.054970
0.066290
0.080850
0.121942
0.104015
0.081679
0.118261
0.071888
0.072429
0.075108
0.099020
0.057130
0.085409
0.113895
0.067439
0.067756
0.081757
0.087648
0.072707
0.080328
0.058119
0.075840
0.081305
0.077222
0.099190
0.076290
0.078639
0.063026
0.066123
0.062688
0.052290
0.058300
0.041983
0.081919
0.046678
0.057715
0.083926
0.080304
0.072558
0.057306
0.079148
0.086379
0.061177
0.058801
0.070368
0.073205
0.066220
0.096112
0.080239
0.062382
0.056519
0.052188
0.074647
0.071963
0.083185
0.096181
0.073123
0.060145
0.070590
0.058369
0.079885
0.058349
0.065925
0.066522
0.052866
0.060802
0.088292
0.096512
0.066231
0.063497
0.055018
0.064499
0.070955
0.062738
0.070791
0.083497
0.117529
0.078938
0.080351
0.099557
0.076449
0.068756
0.060608
0.063639
0.078219
0.079731
0.088888
0.076120
0.077017
0.084325
0.115633
0.087389
0.075484
0.073181
0.082555
0.092468
0.086490
0.067611
0.085710
0.044766
0.075988
0.080177
0.059983
0.113970
0.089271
0.103708
0.116024
0.081248
0.066577
0.078863
0.097276
0.049514
0.055940
0.072626
0.054965
0.037557
0.093197
0.067518
0.074725
0.096407
0.086247
0.059574
0.081841
0.053845
0.056480
0.052665
0.103673
0.088942
0.066415
0.069677
0.047309
0.057794
0.123530
0.091443
0.129493
0.081666
0.098887
0.081924
0.064621
0.090009
0.066211
0.062567
0.066436
0.052552
0.060193
0.060183
0.079996
0.072965
0.103375
0.049618
0.046983
0.059427
0.069588
0.070050
0.060271
0.072132
0.080285
0.080754
0.096962
0.081494
0.078302
0.105246
0.059903
0.093154
0.063688
0.069706
0.071917
0.074102
0.074069
0.076243
0.073680
0.065048
0.065703
0.075523
0.071744
0.064362
0.121161
0.083077
0.076842
0.051841
0.066785
0.059305
0.055966
0.049014
0.056330
0.082591
0.083215
0.062817
0.067887
0.084594
0.098339
0.089819
0.068918
0.072405
0.099005
0.058851
0.090538
0.060408
0.068007
0.072208
0.062747
0.079375
0.063623
0.063890
0.102628
0.081560
0.088183
0.088012
0.090967
0.091616
0.060596
0.099825
0.065473
0.070528
0.113337
0.080947
0.086795
0.090010
0.069145
0.068103
0.075491
0.053858
0.050128
0.103240
0.064253
0.061524
0.077991
0.076801
0.049032
0.070704
0.051820
0.083944
0.060364
0.071950
0.078197
0.055641
0.096626
0.064986
0.068292
0.053693
0.060297
0.076432
0.066032
0.068429
0.052154
0.070783
0.071304
0.070657
0.070724
0.063348
0.058133
0.078507
0.060572
0.080149
0.061856
0.064408
0.082460
0.062669
0.088709
0.064204
0.078353
0.074442
0.060510
0.073381
0.066674
0.060591
0.075932
0.067973
0.061583
0.053003
0.065841
0.067679
0.105510
0.096553
0.093091
0.079402
0.123137
0.068049
0.076253
0.097636
0.051691
0.079448
0.077111
0.058098
0.042974
0.065939
0.089715
0.081881
0.053467
0.083239
0.067352
0.081478
0.072130
0.067116
0.112314
0.089078
0.072219
0.086505
0.076887
0.087805
0.085518
0.054831
0.065609
0.073141
0.076787
0.065841
0.092307
0.063918
0.061005
0.050149
0.068741
0.072001
0.046738
0.060560
0.039973
0.066457
0.114345
0.108696
0.066291
0.047019
0.056494
0.090170
0.104235
0.092094
0.085480
0.085887
0.112024
0.065037
0.081151
0.082733
0.073640
0.081006
0.107104
0.108263
0.089822
0.061478
0.107142
0.042881
0.056642
0.069839
0.118109
0.072157
0.058173
0.088581
0.095897
0.063489
0.068538
0.046424
0.085042
0.079333
0.068125
0.082740
0.115857
0.063411
0.057531
0.082378
0.095843
0.077555
0.048008
0.067206
0.078580
0.059981
0.060099
0.083080
0.076529
0.068556
0.115434
0.089615
0.074148
0.079751
0.067084
0.066572
0.066507
0.076697
0.056825
0.077062
0.065208
0.065700
0.050267
0.074604
0.060055
0.079614
0.060387
0.099011
0.092827
0.119991
0.132219
0.086328
0.057510
0.067815
0.085821
0.052660
0.089839
0.060383
0.052531
0.074251
0.066869
0.081272
0.063730
0.067555
0.072574
0.066479
0.091118
0.057532
0.058919
0.075883
0.090624
0.080748
0.079168
0.057506
0.104337
0.067559
0.072290
0.057315
0.086059
0.082178
0.095107
0.055643
0.051641
0.066210
0.073003
0.063363
0.077477
0.071446
0.070723
0.085932
0.101507
0.071458
0.089586
0.067170
0.077278
0.063854
0.084812
0.093186
0.069586
0.079725
0.143444
0.075569
0.057193
0.064409
0.056284
0.076753
0.071705
0.080284
0.094662
0.086219
0.109588
0.063679
0.048809
0.059075
0.059225
0.084542
0.059936
0.065130
0.065356
0.074678
0.074972
0.067026
0.091355
0.078395
0.063275
0.068876
0.082518
0.055424
0.050567
0.069092
0.091526
0.113544
0.077863
0.073534
0.064666
0.085647
0.068048
0.084600
0.076724
0.057859
0.079737
0.048898
0.068434
0.083599
0.077673
0.057813
0.052928
0.077511
0.061999
0.065200
0.074077
0.083592
0.057095
0.062062
0.060488
0.041421
0.067136
0.102605
0.091233
0.075086
0.126225
0.061946
0.074095
0.070384
0.073934
0.086014
0.116189
0.068785
0.079976
0.067771
0.111232
0.092795
0.060372
0.092176
0.066486
0.079028
0.063818
0.072128
0.063009
0.055765
0.066782
0.048597
0.080166
0.090821
0.082165
0.086432
0.054105
0.063222
0.054256
0.074758
0.076147
0.056942
0.068872
0.074989
0.072271
0.069219
0.069489
0.072591
0.075690
0.107491
0.086477
0.105896
0.064534
0.081831
0.077258
0.086581
0.111367
0.115947
0.122073
0.066432
0.062812
0.049917
0.057460
0.048677
0.064990
0.047980
0.055618
0.049459
0.077734
0.058954
0.097682
0.071612
0.055870
0.072970
0.055154
0.078596
0.075475
0.055353
0.050195
0.060253
0.099165
0.087008
0.084435
0.093241
0.064658
0.127163
0.045174
0.042481
0.062954
0.056356
0.102269
0.084111
0.080944
0.067513
0.070826
0.056949
0.066620
0.079255
0.049467
0.059443
0.084343
0.063193
0.060616
0.062144
0.050152
0.084180
0.067817
0.070448
0.071283
0.055013
0.072146
0.071273
0.082624
0.087980
0.094520
0.085334
0.050983
0.051038
0.087821
0.086138
0.106432
0.052022
0.071505
0.069759
0.079021
0.078233
0.071844
0.095045
0.090675
0.084891
0.075478
0.076442
0.102880
0.080434
0.094344
0.061955
0.081934
0.078691
0.066037
0.070159
0.080620
0.070461
0.052500
0.085650
0.076267
0.064122
0.059603
0.065854
0.066643
0.067180
0.056855
0.042768
0.043536
0.072339
0.074533
0.070354
0.060521
0.068349
0.081328
0.058471
0.114457
0.060634
0.044114
0.078911
0.088096
0.099176
0.083255
0.059179
0.084710
0.078432
0.092503
0.072537
0.091245
0.068616
0.080072
0.054589
0.050672
0.086964
0.083687
0.055358
0.081046
0.044321
0.066010
0.074179
0.093457
0.057189
0.077969
0.082327
0.099012
0.090951
0.070345
0.070252
0.091808
0.075766
0.079069
0.100389
0.106741
0.077971
0.056083
0.076459
0.088182
0.048421
0.039787
0.048638
0.061202
0.065580
0.056591
0.058021
0.059685
0.073975
0.067360
0.062788
0.074549
0.070652
0.072681
0.055072
0.077798
0.083061
0.063534
0.076745
0.079969
0.070317
0.071345
0.075338
0.062551
0.040932
0.061876
0.062191
0.064779
0.087439
0.091532
0.084203
0.072958
0.062412
0.048585
0.084975
0.092209
0.079565
0.101579
0.063249
0.073705
0.062877
0.056263
0.068027
0.083333
0.090778
0.057755
0.055001
0.054433
0.055121
0.059522
0.070596
0.071164
0.071502
0.084394
0.116031
0.074321
0.081061
0.052086
0.075645
0.123492
0.090979
0.076691
0.085606
0.097961
0.068322
0.083225
0.091439
0.046932
0.068295
0.100543
0.052118
0.064336
0.060100
0.058936
0.047739
0.069195
0.064488
0.062347
0.088189
0.115655
0.116606
0.066938
0.054106
0.034582
0.049371
0.055584
0.034570
0.056744
0.062417
0.072211
0.076291
0.063298
0.100878
0.122127
0.103796
0.065188
0.059969
0.093232
0.067633
0.109651
0.058158
0.090145
0.065353
0.095030
0.076749
0.089389
0.074831
0.081483
0.094664
0.128375
0.084836
0.071118
0.098676
0.086853
0.082227
0.069447
0.058098
0.080378
0.057290
0.087318
0.093415
0.081068
0.053497
0.066019
0.093696
0.076012
0.056890
0.054523
0.075052
0.091597
0.066875
0.059979
0.100393
0.058074
0.095188
0.061861
0.074530
0.067661
0.074188
0.095440
0.108352
0.051682
0.074777
0.054850
0.070188
0.075960
0.090122
0.068607
0.077239
0.112688
0.064088
0.061270
0.069089
0.065860
0.077986
0.062056
0.056786
0.084889
0.067036
0.083007
0.068012
0.086110
0.105908
0.071734
0.066568
0.076181
0.083339
0.077545
0.108953
0.082745
0.049171
0.083963
0.058859
0.059263
0.068572
0.078151
0.060425
0.077013
0.089089
0.092901
0.067782
0.094883
0.102866
0.102854
0.108841
0.082237
0.087601
0.045450
0.073711
0.108323
0.082091
0.083962
0.067187
0.085909
0.078435
0.077882
0.080173
0.086430
0.069265
0.126471
0.080797
0.073575
0.097384
0.051488
0.092430
0.046247
0.058764
0.049549
0.080722
0.089143
0.073977
0.055206
0.066229
0.094433
0.113992
0.078472
0.058262
0.072738
0.061196
0.087812
0.074131
0.064538
0.051715
0.059853
0.067029
0.066110
0.075270
0.075083
0.080181
0.084918
0.077248
0.054562
0.079833
0.083069
0.053660
0.079440
0.054335
0.071625
0.043779
0.087528
0.066775
0.066010
0.063043
0.043790
0.072623
0.070231
0.077566
0.076141
0.061355
0.075476
0.083851
0.097510
0.089345
0.041303
0.069193
0.061651
0.048483
0.077636
0.057169
0.112768
0.134283
0.073194
0.082491
0.113827
0.089060
0.076982
0.097112
0.073586
0.060223
0.112726
0.104301
0.083438
0.060647
0.057895
0.056531
0.066107
0.077905
0.055339
0.046172
0.076285
0.062517
0.061375
0.086308
0.075689
0.064900
0.073061
0.086238
0.080850
0.084242
0.082647
0.082834
0.102094
0.063145
0.055263
0.083026
0.059863
0.105082
0.067353
0.065022
0.103901
0.055918
0.143614
0.059499
0.084533
0.073417
0.093721
0.063542
0.062431
0.093226
0.081533
0.038345
0.065446
0.069118
0.076213
0.059993
0.071842
0.050201
0.054086
0.056085
0.069590
0.060059
0.054695
0.053802
0.081870
0.072429
0.087670
0.089444
0.064197
0.073122
0.082583
0.052364
0.065226
0.041999
0.046656
0.061688
0.099761
0.065327
0.051035
0.052139
0.069945
0.060877
0.101841
0.065367
0.055897
0.060197
0.071031
0.057043
0.099201
0.060492
0.061937
0.046203
0.079712
0.069087
0.056864
0.051655
0.082340
0.079163
0.077231
0.078326
0.099891
0.091662
0.083858
0.073160
0.065691
0.055051
0.049019
0.055434
0.067075
0.070115
0.091670
0.078652
0.079959
0.063391
0.055244
0.078593
0.069920
0.059994
0.080746
0.073658
0.107671
0.089116
0.068707
0.061117
0.059194
0.048186
0.076935
0.065658
0.079295
0.060971
0.094821
0.048289
0.100094
0.063207
0.073863
0.057407
0.092458
0.085526
0.107275
0.100109
0.124506
0.115039
0.099911
0.061905
0.084479
0.092421
0.057548
0.072360
0.056342
0.066720
0.087170
0.096128
0.064494
0.078135
0.083157
0.070704
0.057079
0.085527
0.074337
0.089593
0.099628
0.065576
0.070868
0.081045
0.085677
0.061009
0.118151
0.100882
0.064980
0.077002
0.090980
0.050829
0.076727
0.059298
0.049980
0.089929
0.061883
0.057387
0.094382
0.072757
0.083343
0.072943
0.060449
0.058374
0.073079
0.072641
0.043823
0.065030
0.072864
0.075870
0.079037
0.052043
0.093509
0.057789
0.110481
0.088089
0.086962
0.059685
0.071781
0.075386
0.101781
0.078646
0.075492
0.061337
0.084295
0.096897
0.111413
0.096909
0.097590
0.063531
0.084210
0.075794
0.077690
0.078760
0.089289
0.062895
0.055823
0.075201
0.075802
0.091397
0.088714
0.059942
0.071381
0.056905
0.067124
0.064115
0.098218
0.071197
0.059214
0.063585
0.090827
0.074974
0.085714
0.052896
0.067273
0.060055
0.036362
0.047489
0.061182
0.092698
0.100299
0.059058
0.064123
0.065163
0.077494
0.045637
0.072702
0.080071
0.086290
0.068965
0.078078
0.055701
0.076357
0.066818
0.060371
0.055619
0.066589
0.051278
0.072490
0.069521
0.087534
0.070914
0.045776
0.051970
0.067707
0.049437
0.080781
0.061735
0.055118
0.077281
0.077137
0.072848
0.065165
0.078093
0.057079
0.055167
0.047498
0.069182
0.047649
0.065234
0.104032
0.103555
0.086765
0.056663
0.046472
0.071324
0.049591
0.070348
0.048676
0.070679
0.080568
0.055235
0.077960
0.067929
0.053990
0.066669
0.098196
0.110432
0.130873
0.075236
0.107150
0.073373
0.065298
0.058679
0.071869
0.101789
0.061958
0.075931
0.077424
0.061165
0.095407
0.096286
0.094782
0.065799
0.044688
0.064625
0.066350
0.069998
0.093419
0.056634
0.069045
0.075121
0.053720
0.103013
0.119094
0.104779
0.070907
0.068126
0.087447
0.090002
0.102024
0.076842
0.068447
0.068141
0.069271
0.061946
0.053525
0.054605
0.061292
0.064039
0.089439
0.069484
0.102664
0.072434
0.081455
0.123290
0.106760
0.117505
0.094809
0.075742
0.062658
0.122383
0.071142
0.068800
0.073169
0.091047
0.081757
0.073417
0.080926
0.076490
0.079217
0.083456
0.082189
0.058401
0.070594
0.092724
0.090111
0.098725
0.059861
0.068841
0.086403
0.099160
0.080566
0.064584
0.096286
0.075620
0.073720
0.060752
0.089239
0.085625
0.093718
0.062560
0.079261
0.059236
0.062660
0.079765
0.101692
0.056779
0.053307
0.049162
0.076318
0.086334
0.083349
0.085184
0.076717
0.083802
0.083092
0.082479
0.088197
0.095191
0.107565
0.068537
0.076336
0.090312
0.077926
0.050800
0.066195
0.067436
0.091079
0.080953
0.089603
0.053464
0.072654
0.075866
0.070332
0.072004
0.056873
0.081632
0.091671
0.039460
0.115983
0.047167
0.064198
0.072320
0.085898
0.077119
0.059196
0.068537
0.088296
0.056819
0.098370
0.078699
0.077874
0.078176
0.089225
0.074231
0.079902
0.067815
0.047096
0.063680
0.083752
0.050013
0.075521
0.087448
0.064228
0.053754
0.075094
0.075936
0.068202
0.075291
0.096258
0.086731
0.097677
0.061166
0.055787
0.045707
0.075951
0.081666
0.079891
0.104555
0.098131
0.059194
0.080430
0.062319
0.074552
0.078043
0.107251
0.076176
0.090234
0.095582
0.116787
0.057234
0.090856
0.080065
0.062811
0.069611
0.040224
0.055100
0.066365
0.050034
0.072956
0.070452
0.065282
0.078255
0.064897
0.065378
0.054168
0.066996
0.063498
0.071229
0.099005
0.082728
0.063061
0.065738
0.093446
0.088542
0.060036
0.057054
0.075280
0.067605
0.084487
0.072537
0.090061
0.099475
0.092263
0.084247
0.068482
0.066313
0.075249
0.087553
0.064612
0.051597
0.069592
0.085193
0.063718
0.053034
0.076331
0.071801
0.065438
0.099487
0.096549
0.084562
0.079414
0.086567
0.052215
0.057733
0.053830
0.078939
0.082813
0.061373
0.088563
0.048357
0.065763
0.055253
0.082619
0.070789
0.064544
0.069198
0.066889
0.058968
0.099196
0.053111
0.063852
0.057635
0.069182
0.088458
0.082198
0.053764
0.052166
0.073184
0.096533
0.067636
0.062377
0.046047
0.058501
0.069013
0.104642
0.094265
0.082093
0.059869
0.088971
0.074570
0.095557
0.067465
0.094770
0.065553
0.072074
0.058863
0.062666
0.065201
0.093692
0.078107
0.071176
0.072929
0.067444
0.068161
0.079967
0.092402
0.108506
0.075885
0.066667
0.073886
0.058385
0.052244
0.066314
0.083532
0.080784
0.075427
0.057165
0.049377
0.074456
0.050027
0.077202
0.063058
0.053477
0.065306
0.060645
0.070602
0.083850
0.051059
0.061510
0.064704
0.081550
0.088589
0.093599
0.101295
0.077393
0.051562
0.037587
0.068860
0.088026
0.071550
0.086719
0.058603
0.054108
0.053749
0.063928
0.055725
0.062789
0.058634
0.083249
0.053919
0.070983
0.057217
0.068726
0.093539
0.050554
0.068270
0.092728
0.076352
0.093441
0.058723
0.045001
0.057195
0.071702
0.057344
0.042089
0.052466
0.065823
0.060333
0.105590
0.082479
0.053571
0.079780
0.075081
0.063358
0.073181
0.054054
0.051394
0.091273
0.109793
0.057505
0.090891
0.072120
0.108167
0.093872
0.093550
0.111212
0.119078
0.043746
0.088039
0.108515
0.078588
0.097529
0.055502
0.088729
0.070077
0.098930
0.071412
0.079414
0.121550
0.087703
0.120977
0.094597
0.101086
0.134356
0.080076
0.088612
0.102377
0.065619
0.090583
0.063006
0.087376
0.084680
0.077490
0.045606
0.064437
0.057708
0.064064
0.059807
0.086481
0.075111
0.089060
0.077955
0.110890
0.073432
0.058311
0.059530
0.047328
0.073934
0.081447
0.066854
0.055701
0.054864
0.062006
0.052964
0.081388
0.094189
0.047489
0.047299
0.110830
0.075452
0.099172
0.077941
0.084743
0.097353
0.060174
0.090261
0.052742
0.053704
0.068839
0.071432
0.049011
0.067206
0.065863
0.057447
0.061205
0.074515
0.080682
0.067045
0.098379
0.072553
0.076816
0.056293
0.077311
0.073436
0.060696
0.057998
0.057219
0.085737
0.101289
0.085488
0.051536
0.072252
0.043730
0.061493
0.056077
0.080841
0.071112
0.060119
0.103999
0.111270
0.067756
0.061875
0.052431
0.070766
0.081396
0.077061
0.078171
0.046557
0.077229
0.078646
0.081427
0.118882
0.100673
0.075893
0.102469
0.079728
0.082532
0.051085
0.099764
0.059931
0.054592
0.059564
0.062517
0.078898
0.076760
0.072331
0.080001
0.074166
0.081421
0.060347
0.062648
0.077949
0.078959
0.086443
0.070336
0.063230
0.060118
0.066900
0.089294
0.054713
0.080613
0.078581
0.105454
0.057684
0.074224
0.063644
0.064222
0.048774
0.073007
0.070217
0.055629
0.070286
0.061998
0.114857
0.060679
0.050364
0.076946
0.050353
0.079054
0.054408
0.070406
0.074817
0.076615
0.067067
0.045547
0.056371
0.038030
0.052609
0.074648
0.058947
0.050779
0.081102
0.063003
0.068116
0.063278
0.087333
0.063507
0.090741
0.107802
0.055323
0.061405
0.067105
0.065476
0.078194
0.061859
0.076550
0.074945
0.086648
0.097151
0.097813
0.072712
0.116308
0.063106
0.079946
0.076253
0.072662
0.056930
0.072556
0.077222
0.095702
0.052105
0.072821
0.090822
0.085155
0.068485
0.050435
0.063294
0.064099
0.087069
0.060921
0.061117
0.051259
0.084172
0.069214
0.093240
0.086509
0.078913
0.076787
0.128617
0.077713
0.071773
0.066355
0.045541
0.034236
0.054990
0.042992
0.077558
0.081174
0.091996
0.100574
0.057978
0.067338
0.070226
0.076989
0.063381
0.052996
0.047089
0.053361
0.074666
0.074681
0.073188
0.055154
0.066379
0.047996
0.080580
0.058493
0.062064
0.064000
0.076624
0.066607
0.090984
0.101366
0.053969
0.081570
0.044200
0.085072
0.073022
0.096863
0.080750
0.080213
0.086674
0.062149
0.067030
0.068191
0.088281
0.082917
0.064883
0.086520
0.100983
0.080919
0.098759
0.091719
0.086101
0.052517
0.038846
0.123491
0.114874
0.102696
0.119061
0.057888
0.060962
0.120148
0.069658
0.097172
0.081053
0.050691
0.053263
0.062010
0.086161
0.079319
0.076315
0.078712
0.073804
0.094161
0.070789
0.044513
0.072289
0.053710
0.084222
0.053847
0.071293
0.063406
0.071363
0.096689
0.063411
0.066099
0.056960
0.067016
0.093665
0.109651
0.064830
0.098024
0.054033
0.066440
0.090487
0.071100
0.052313
0.048921
0.077648
0.072702
0.092556
0.104064
0.062973
0.096018
0.093671
0.103730
0.095006
0.112796
0.086334
0.067579
0.064259
0.057809
0.070953
0.077908
0.063483
0.050087
0.069228
0.081008
0.121992
0.079300
0.090017
0.114683
0.152873
0.119584
0.104974
0.059781
0.070068
0.072840
0.096734
0.082187
0.054595
0.044996
0.062210
0.092613
0.063958
0.068126
0.059889
0.048527
0.085156
0.081503
0.074299
0.046577
0.056545
0.067338
0.053188
0.107171
0.078640
0.075242
0.134391
0.080170
0.102479
0.098084
0.064283
0.109616
0.069655
0.074630
0.074292
0.113467
0.118315
0.103331
0.051771
0.073638
0.053600
0.043816
0.055398
0.063507
0.067116
0.080915
0.085129
0.064219
0.040744
0.069623
0.077669
0.050618
0.057342
0.068251
0.056502
0.060244
0.094483
0.089530
0.089885
0.046339
0.067984
0.048165
0.067638
0.074754
0.061423
0.043775
0.083317
0.054721
0.044990
0.054672
0.069378
0.067090
0.071067
0.080312
0.086689
0.069773
0.078742
0.058075
0.066534
0.074011
0.058814
0.048838
0.067329
0.049976
0.055553
0.086756
0.100209
0.074917
0.066183
0.094647
0.098317
0.078146
0.083103
0.092383
0.064376
0.063606
0.095778
0.102389
0.111559
0.077696
0.063878
0.110126
0.102537
0.066137
0.096766
0.083793
0.104536
0.077894
0.084897
0.091382
0.098659
0.056517
0.073035
0.089252
0.099371
0.069221
0.099369
0.097292
0.072396
0.068491
0.073249
0.071496
0.063051
0.069827
0.089978
0.092665
0.105643
0.067144
0.075956
0.067629
0.092466
0.067291
0.069541
0.066724
0.065601
0.066042
0.109793
0.080266
0.067092
0.073081
0.075702
0.095146
0.063031
0.082733
0.099175
0.060373
0.086865
0.067746
0.051894
0.069515
0.057127
0.078668
0.092268
0.069974
0.072584
0.075398
0.093975
0.060792
0.072903
0.070166
0.093052
0.065717
0.063221
0.049708
0.049937
0.089825
0.100694
0.076029
0.084715
0.075992
0.068509
0.071061
0.061568
0.100894
0.079796
0.059469
0.134780
0.098026
0.116210
0.077511
0.069207
0.078083
0.079142
0.046789
0.080295
0.065703
0.104476
0.108688
0.064552
0.107042
0.058263
0.058672
0.073951
0.072273
0.123110
0.103676
0.109012
0.077842
0.054741
0.050607
0.059391
0.056365
0.060109
0.089734
0.057855
0.060541
0.083482
0.084999
0.071196
0.063734
0.096031
0.090786
0.107771
0.074667
0.042523
0.063049
0.100214
0.099551
0.067261
0.074983
0.077355
0.052718
0.065485
0.054818
0.080537
0.090238
0.114812
0.083789
0.080565
0.056715
0.074278
0.092203
0.102380
0.080209
0.092137
0.057483
0.092926
0.080625
0.110080
0.091810
0.094554
0.063996
0.107431
0.105568
0.062387
0.081583
0.079891
0.088883
0.067955
0.068691
0.086232
0.072585
0.067491
0.068224
0.060438
0.080914
0.064223
0.068661
0.078926
0.088380
0.094812
0.089272
0.064652
0.073363
0.069866
0.093603
0.127527
0.064240
0.068061
0.073543
0.118551
0.068673
0.055309
0.096284
0.066350
0.077618
0.084825
0.064958
0.041287
0.057498
0.052875
0.079200
0.067928
0.058980
0.074960
0.065792
0.091525
0.071073
0.074597
0.049138
0.040136
0.066582
0.068605
0.078809
0.112114
0.081834
0.086223
0.061931
0.067112
0.050783
0.059991
0.076234
0.086246
0.092144
0.089922
0.076786
0.087495
0.056628
0.084749
0.059243
0.067906
0.064484
0.057362
0.095543
0.080554
0.084367
0.072478
0.057252
0.076362
0.074100
0.112744
0.068621
0.060425
0.071826
0.060005
0.059857
0.087508
0.073624
0.067603
0.070780
0.051284
0.060955
0.046177
0.099617
0.070796
0.114104
0.107047
0.063577
0.052549
0.068230
0.070102
0.059825
0.049117
0.055453
0.056599
0.072328
0.102900
0.055385
0.054406
0.088850
0.066529
0.073522
0.066310
0.074321
0.081850
0.071008
0.083921
0.066964
0.092014
0.078949
0.083014
0.067358
0.056071
0.064673
0.051458
0.068167
0.097958
0.096171
0.070123
0.060504
0.073278
0.054966
0.061859
0.039698
0.085882
0.082398
0.124479
0.069616
0.052294
0.092648
0.086207
0.063633
0.067517
0.079188
0.073711
0.079488
0.093678
0.091155
0.081862
0.078455
0.089032
0.066707
0.082468
0.066946
0.079012
0.044317
0.107408
0.090037
0.091625
0.094469
0.070933
0.062995
0.077497
0.072622
0.068452
0.095299
0.105507
0.072495
0.069733
0.065747
0.093276
0.078973
0.091913
0.070549
0.045471
0.096201
0.077323
0.059858
0.074344
0.081055
0.054252
0.053079
0.039810
0.046708
0.055428
0.056690
0.071500
0.066355
0.069731
0.081803
0.065223
0.103528
0.046947
0.075058
0.064845
0.069164
0.094763
0.087690
0.077161
0.076427
0.079987
0.085329
0.073874
0.077587
0.096578
0.060426
0.110359
0.073590
0.074377
0.088181
0.069304
0.066916
0.055943
0.084010
0.103205
0.091925
0.094679
0.091476
0.061200
0.052804
0.069526
0.066403
0.108107
0.080814
0.074569
0.078769
0.067762
0.054711
0.079255
0.093271
0.076253
0.109241
0.090915
0.073075
0.107719
0.082248
0.088992
0.054865
0.073636
0.077720
0.068870
0.079549
0.078005
0.064491
0.103408
