1.785949
0.114329
0.080065
0.054498
0.044402
0.056283
0.059900
0.072585
0.072542
0.075945
0.086014
0.053451
0.100670
0.077351
0.080710
0.076913
0.087944
0.070803
0.066346
0.094773
0.096066
0.071032
0.091636
0.095938
0.111546
0.064247
0.070065
0.095334
0.056959
0.050937
0.084106
0.085773
0.056908
0.105109
0.081680
0.056877
0.061463
0.077747
0.059822
0.057260
0.069124
0.054667
0.085341
0.078795
0.084178
0.088780
0.116044
0.099720
0.103948
0.099763
0.082293
0.057560
0.098974
0.048938
0.053325
0.111098
0.086103
0.067317
0.064776
0.108928
0.110804
0.095660
0.088155
0.080842
0.085238
0.081574
0.082047
0.107253
0.078105
0.071258
0.096243
0.068121
0.073051
0.085399
0.059723
0.042675
0.063705
0.044824
0.046570
0.072634
0.069324
0.087180
0.094861
0.093615
0.065496
0.087132
0.081629
0.079447
0.077323
0.074615
0.110706
0.110877
0.063530
0.099800
0.051771
0.059916
0.066411
0.049302
0.069617
0.100688
0.075698
0.074201
0.117497
0.132995
0.097299
0.094172
0.069123
0.086836
0.074407
0.063096
0.089057
0.065075
0.069528
0.052868
0.062221
0.045947
0.048431
0.045375
0.069211
0.062529
0.077609
0.062549
0.078456
0.069616
0.074403
0.061900
0.066949
0.058644
0.070199
0.084011
0.093899
0.084774
0.064925
0.073852
0.091009
0.078630
0.092676
0.061388
0.096763
0.106461
0.113909
0.100183
0.045818
0.050825
0.094368
0.062282
0.055079
0.056468
0.077941
0.080820
0.105170
0.052519
0.081561
0.081455
0.066227
0.060313
0.077034
0.061915
0.057709
0.092499
0.103598
0.090774
0.087043
0.063031
0.072093
0.065113
0.075439
0.073902
0.086009
0.063498
0.094487
0.049039
0.033710
0.053096
0.054904
0.053406
0.069876
0.068827
0.078931
0.073645
0.098629
0.116179
0.083725
0.091020
0.076086
0.049402
0.047276
0.071534
0.057378
0.077358
0.105285
0.079742
0.095139
0.072880
0.059042
0.070923
0.107880
0.108158
0.083000
0.051439
0.091061
0.085662
0.089875
0.083548
0.103698
0.084741
0.098996
0.081331
0.089182
0.070444
0.120533
0.085071
0.063146
0.072829
0.088788
0.111670
0.080809
0.098209
0.061933
0.061748
0.079804
0.058691
0.052330
0.063639
0.055894
0.061811
0.049953
0.068773
0.069911
0.081531
0.083126
0.057654
0.072658
0.064519
0.049790
0.045594
0.095354
0.108336
0.094924
0.095582
0.077817
0.055310
0.057572
0.104000
0.086795
0.074549
0.096566
0.078832
0.061867
0.041983
0.068721
0.051798
0.079252
0.078339
0.068420
0.117527
0.105807
0.110464
0.095438
0.109847
0.095129
0.097886
0.065972
0.071447
0.087182
0.075257
0.072911
0.058922
0.069916
0.081976
0.096444
0.075944
0.053801
0.093749
0.056901
0.080346
0.074315
0.077682
0.094794
0.105367
0.078954
0.086361
0.064392
0.067244
0.056169
0.039450
0.038225
0.045099
0.053880
0.072193
0.066017
0.071022
0.038719
0.051019
0.066976
0.065834
0.053981
0.064672
0.070137
0.047712
0.069501
0.066789
0.062748
0.055161
0.093927
0.075972
0.089811
0.074530
0.059984
0.046780
0.084568
0.069640
0.058302
0.071058
0.082383
0.108718
0.086902
0.067874
0.056930
0.071999
0.102601
0.106779
0.072856
0.067392
0.051758
0.063518
0.073057
0.067459
0.054512
0.097798
0.082096
0.073623
0.044680
0.059350
0.048666
0.065171
0.048583
0.059672
0.070090
0.063010
0.101933
0.101569
0.090488
0.071194
0.061189
0.098567
0.091549
0.091305
0.061537
0.063916
0.095939
0.103829
0.108291
0.079910
0.081691
0.054446
0.082224
0.089142
0.073942
0.068608
0.092404
0.070932
0.069373
0.063397
0.054925
0.051381
0.091344
0.072512
0.059469
0.063237
0.065856
0.059831
0.076329
0.105556
0.087834
0.082576
0.082225
0.071813
0.083579
0.056531
0.087437
0.051835
0.072755
0.091329
0.078898
0.072672
0.113880
0.099733
0.089586
0.064521
0.094718
0.076315
0.080536
0.079252
0.083771
0.060442
0.063705
0.072233
0.087224
0.055466
0.092212
0.052434
0.074373
0.068307
0.061715
0.066098
0.053712
0.066834
0.068363
0.068195
0.096773
0.059705
0.063477
0.102575
0.083565
0.067327
0.072298
0.075169
0.094914
0.081999
0.073135
0.046777
0.073114
0.088040
0.051408
0.088350
0.075147
0.073130
0.077089
0.063977
0.118119
0.110665
0.119090
0.067444
0.069527
0.081848
0.051925
0.048111
0.055508
0.043616
0.079304
0.057733
0.095318
0.049286
0.066175
0.082516
0.059947
0.084599
0.062528
0.062370
0.099651
0.057662
0.071293
0.051349
0.074028
0.071293
0.063220
0.075539
0.101557
0.084001
0.101279
0.061621
0.105888
0.098170
0.077726
0.090928
0.080749
0.047485
0.078227
0.069946
0.086185
0.053912
0.080237
0.078756
0.077031
0.067477
0.069719
0.048250
0.087808
0.070889
0.102315
0.103910
0.094001
0.073731
0.066362
0.074024
0.045498
0.056226
0.059507
0.049472
0.078626
0.065303
0.084411
0.062658
0.056584
0.086652
0.065068
0.058408
0.081778
0.084312
0.107193
0.068380
0.069356
0.071257
0.060704
0.062006
0.070907
0.067624
0.074274
0.066584
0.140750
0.053730
0.067286
0.070899
0.056841
0.062511
0.050874
0.083835
0.123309
0.090624
0.076897
0.083947
0.071919
0.063100
0.056444
0.054498
0.058065
0.064410
0.056158
0.061991
0.083428
0.087956
0.062555
0.089892
0.065922
0.053855
0.077574
0.096991
0.079931
0.085116
0.128818
0.086058
0.059123
0.052009
0.071894
0.075590
0.066933
0.072425
0.052950
0.079614
0.098961
0.087422
0.070898
0.056385
0.066333
0.069942
0.064657
0.054181
0.070488
0.089564
0.078959
0.070282
0.074606
0.070799
0.044993
0.047718
0.052122
0.065936
0.056867
0.094224
0.079508
0.069902
0.070888
0.070781
0.045939
0.074688
0.078816
0.083071
0.068553
0.057784
0.108544
0.113041
0.090878
0.088339
0.060830
0.092541
0.072762
0.076614
0.082392
0.052335
0.098163
0.067146
0.049757
0.081585
0.093011
0.081006
0.077977
0.077089
0.086421
0.085038
0.088997
0.088641
0.092405
0.079112
0.065312
0.044453
0.040547
0.089442
0.049691
0.047575
0.116339
0.059704
0.063417
0.053131
0.046618
0.060671
0.053032
0.055090
0.047909
0.085038
0.080849
0.071093
0.053079
0.039149
0.108909
0.111598
0.064075
0.061000
0.072654
0.067423
0.079499
0.065616
0.064893
0.072762
0.065281
0.060683
0.072233
0.063256
0.088710
0.093478
0.083007
0.092001
0.117339
0.064042
0.084576
0.088613
0.060753
0.066977
0.056871
0.091137
0.109551
0.074810
0.065082
0.094477
0.106329
0.091443
0.078856
0.089831
0.073559
