1.883621
0.062899
0.059948
0.096058
0.070067
0.067364
0.054781
0.085947
0.041885
0.092674
0.083918
0.059873
0.043156
0.076962
0.066997
0.079701
0.059959
0.063256
0.115476
0.069559
0.087019
0.051308
0.071014
0.075845
0.058973
0.059500
0.101726
0.081178
0.052000
0.070327
0.063783
0.056657
0.060319
0.074140
0.053207
0.054795
0.055752
0.085252
0.050809
0.066388
0.114343
0.045413
0.061001
0.061704
0.061579
0.078662
0.052299
0.094890
0.081985
0.074736
0.101887
0.085690
0.039428
0.043798
0.082500
0.078826
0.074341
0.053958
0.048855
0.051748
0.085574
0.061286
0.077159
0.052870
0.074445
0.064035
0.087702
0.092252
0.063157
0.081165
0.101251
0.087286
0.055642
0.078739
0.061777
0.099833
0.044978
0.061388
0.051328
0.056324
0.077809
0.056626
0.070492
0.074024
0.083718
0.055414
0.073255
0.062684
0.067298
0.046839
0.093382
0.055970
0.092236
0.059513
0.042902
0.059857
0.051528
0.059736
0.042230
0.059940
0.075609
0.085994
0.071792
0.040168
0.057467
0.096902
0.077195
0.065482
0.056952
0.069174
0.103240
0.061002
0.067196
0.057634
0.051337
0.067185
0.080885
0.065242
0.079518
0.081949
0.077171
0.052231
0.045211
0.080372
0.078319
0.062519
0.074679
0.051397
0.089348
0.086417
0.074626
0.066892
0.062283
0.076582
0.064701
0.091473
0.067193
0.056521
0.085573
0.061111
0.096884
0.080066
0.068075
0.069785
0.052764
0.104215
0.103993
0.066981
0.060004
0.080181
0.079991
0.062437
0.062008
0.058269
0.079322
0.084818
0.085660
0.092505
0.060993
0.059002
0.058228
0.051786
0.073088
0.049441
0.065757
0.074876
0.086062
0.055086
0.074683
0.038037
0.079308
0.080223
0.073091
0.094486
0.126038
0.049769
0.052388
0.049827
0.054352
0.056417
0.054717
0.095663
0.067604
0.075323
0.076516
0.088830
0.056189
0.083872
0.074337
0.072173
0.075817
0.076296
0.060189
0.055548
0.048014
0.091030
0.036983
0.059187
0.061848
0.066854
0.084640
0.042267
0.082699
0.063508
0.068522
0.049075
0.053845
0.063412
0.059574
0.067328
0.069238
0.050550
0.045298
0.086728
0.084229
0.057952
0.052871
0.062399
0.058466
0.057685
0.099776
0.057797
0.103148
0.092540
0.075304
0.077818
0.064376
0.059568
0.066975
0.085793
0.075255
0.058310
0.060475
0.054692
0.070214
0.071960
0.067681
0.066308
0.095150
0.095356
0.105297
0.045922
0.060494
0.072221
0.060477
0.053794
0.055379
0.083201
0.075194
0.073489
0.125799
0.059459
0.059589
0.058361
0.080454
0.095335
0.064465
0.040709
0.051828
0.054900
0.098218
0.061999
0.066566
0.067609
0.053931
0.066822
0.060119
0.060329
0.073087
0.069252
0.098524
0.046396
0.058977
0.068638
0.070529
0.075673
0.050739
0.052117
0.093449
0.067150
0.122885
0.075749
0.078992
0.086614
0.058837
0.067129
0.067084
0.048996
0.079950
0.101450
0.083436
0.084718
0.060351
0.074948
0.101824
0.059729
0.074819
0.078564
0.112488
0.072358
0.085746
0.060719
0.065870
0.048543
0.101704
0.058475
0.084140
0.084087
0.039677
0.059973
0.078628
0.047613
0.055934
0.076875
0.076746
0.088868
0.048537
0.070541
0.073757
0.066297
0.066809
0.046091
0.050782
0.051332
0.074919
0.048044
0.085966
0.056057
0.076041
0.057927
0.094770
0.096954
0.084004
0.064518
0.080476
0.062329
0.084727
0.066571
0.054396
0.055521
0.077427
0.067239
0.070388
0.073317
0.079273
0.070214
0.073223
0.068537
0.071304
0.065803
0.104979
0.063138
0.083659
0.055758
0.071721
0.062934
0.063122
0.037951
0.045653
0.050298
0.085022
0.084782
0.125491
0.078046
0.063620
0.079003
0.082471
0.089378
0.072088
0.106579
0.081828
0.077355
0.059990
0.047135
0.069151
0.055207
0.054570
0.077330
0.102361
0.056951
0.071268
0.079049
0.058857
0.056980
0.057077
0.062543
0.075189
0.085908
0.095671
0.057251
0.069109
0.066973
0.088641
