1.713837
0.072448
0.060687
0.060250
0.058626
0.069028
0.071155
0.083336
0.070351
0.058670
0.078446
0.071657
0.102173
0.066071
0.061042
0.086689
0.067931
0.065720
0.058891
0.065609
0.086304
0.065044
0.074107
0.062515
0.065766
0.056751
0.064141
0.069571
0.064887
0.046739
0.067954
0.049963
0.063236
0.059779
0.064342
0.058092
0.052062
0.068674
0.057332
0.057033
0.071030
0.060055
0.054058
0.084406
0.083133
0.060547
0.064944
0.065259
0.050343
0.065791
0.079134
0.071504
0.047344
0.068152
0.054465
0.089182
0.078800
0.069396
0.076576
0.070139
0.092254
0.083328
0.063797
0.072584
0.055230
0.071530
0.055359
0.060287
0.058190
0.067259
0.103000
0.069007
0.083313
0.078738
0.084024
0.073973
0.069723
0.077172
0.059101
0.048268
0.079128
0.049333
0.058574
0.074590
0.078244
0.071530
0.063855
0.086376
0.062451
0.050455
0.081919
0.063747
0.081197
0.085447
0.055036
0.044816
0.064190
0.066949
0.066897
0.065179
0.069446
0.061403
0.051234
0.070416
0.079870
0.052153
0.069038
0.058212
0.071923
0.080105
0.077441
0.063010
0.044229
0.052614
0.059498
0.057423
0.064955
0.049321
0.052372
0.066445
0.087443
0.058997
0.052594
0.055467
0.066246
0.053657
0.054567
0.075064
0.062713
0.054192
0.068892
0.064743
0.057495
0.077235
0.081540
0.070638
0.059860
0.051242
0.061146
0.066758
0.110049
0.065002
0.067359
0.054585
0.069846
0.080774
0.082775
0.085203
0.077837
0.101723
0.078876
0.081754
0.065045
0.066088
0.074568
0.060833
0.069586
0.068173
0.072674
0.089381
0.105951
0.076772
0.082460
0.066362
0.057547
0.067044
0.062871
0.065882
0.064580
0.066958
0.078579
0.070730
0.087064
0.061555
0.078245
0.052406
0.047293
0.086321
0.068613
0.069180
0.094484
0.062100
0.046612
0.073833
0.129033
0.054200
0.066141
0.054958
0.077601
0.080376
0.093777
0.080226
0.067884
0.061644
0.086229
0.065775
0.094090
0.068634
0.076182
0.058265
0.085992
0.063581
0.048816
0.054914
0.058932
0.067081
0.051722
0.071656
0.065296
0.090382
0.085001
0.075008
0.068697
0.086388
0.070879
0.080163
0.060118
0.070291
0.073105
0.079706
0.095729
0.060664
0.077142
0.084955
0.086520
0.086794
0.064064
0.071876
0.075546
0.065451
0.079016
0.074734
0.078303
0.052231
0.073477
0.068729
0.058299
0.082321
0.094988
0.060148
0.091799
0.064853
0.071892
0.073352
0.075960
0.045080
0.065931
0.070273
0.070591
0.050069
0.106007
0.089035
