1.703038
0.070492
0.072717
0.052917
0.062647
0.071709
0.068477
0.041669
0.052158
0.081249
0.096605
0.072757
0.056243
0.035091
0.043798
0.039274
0.052870
0.071256
0.067627
0.063747
0.074836
0.073858
0.054035
0.063709
0.045146
0.076314
0.074240
0.085646
0.056129
0.056694
0.068898
0.067665
0.035030
0.059978
0.049257
0.046475
0.040597
0.037050
0.041333
0.066603
0.084652
0.068196
0.085351
0.063594
0.096254
0.079117
0.063598
0.091678
0.071414
0.078064
0.085620
0.060456
0.082251
0.053122
0.084233
0.071428
0.054495
0.087529
0.081349
0.076541
0.086388
0.070894
0.079123
0.064353
0.097121
0.078082
0.085983
0.086098
0.054954
0.073626
0.082725
0.051099
0.087007
0.091020
0.072293
0.084792
0.079136
0.059836
0.055741
0.066251
0.090808
0.070160
0.084524
0.053149
0.068271
0.116192
0.093460
0.080025
0.064859
0.089346
0.102710
0.061373
0.060920
0.090108
0.083001
0.075758
0.078541
0.067613
0.072567
0.072441
0.090982
0.048785
0.067511
0.050372
0.058616
0.059578
0.056330
0.047338
0.074752
0.059877
0.090069
0.071600
0.065602
0.055957
0.072819
0.096329
0.073979
0.080791
0.090353
0.061060
0.102399
0.047640
0.046923
0.061322
0.049104
0.057853
0.061821
0.054678
0.070420
0.056727
0.098989
0.071186
0.089193
0.073599
0.083324
0.051867
0.074502
0.084922
0.066034
0.080664
0.091364
0.047505
0.062396
0.069774
0.068859
0.050879
0.061273
0.096194
0.079343
0.078093
0.085981
0.060766
0.079216
0.084569
0.078732
0.045047
0.076381
0.073234
0.063462
0.057976
0.086909
0.039642
0.053052
0.036442
0.057453
0.051128
0.059783
0.058450
0.051666
0.047492
0.064741
0.056146
0.072208
0.083260
0.075556
0.051270
0.065238
0.079871
0.072354
0.106232
0.078814
0.074149
0.062281
0.058956
0.044400
0.080745
0.074367
0.068261
0.062860
0.094912
0.129520
0.070294
0.073902
0.061651
0.077145
0.097783
0.098189
0.055756
0.074363
0.086007
0.099347
0.054044
0.070071
0.075891
0.069176
0.063655
0.079741
0.096465
0.078290
0.099485
0.093058
0.058183
0.086687
0.118508
0.094804
0.077260
0.053495
0.056042
0.062776
0.063438
0.098846
0.093566
0.089545
0.069505
0.103245
0.089568
0.101062
0.127858
0.090991
0.063154
0.094596
0.055683
0.085928
0.099204
0.073476
0.069606
0.062622
0.069063
0.065295
0.048669
0.059014
0.078518
0.073862
0.099787
0.070817
0.076053
0.065043
0.057926
0.053785
0.061110
0.090024
0.067072
0.059933
0.069681
0.082842
0.078835
0.096926
0.097817
0.091393
0.061211
0.080026
0.045698
0.076422
0.075127
0.087740
0.049877
0.105035
0.074853
0.059474
0.072641
0.068546
0.057333
0.069558
0.067531
0.089518
0.084872
0.090834
0.093489
0.095535
0.103664
0.077604
0.052463
0.085315
0.099720
0.084245
0.059102
0.063170
0.056988
0.061365
0.061166
0.078510
0.074855
0.055026
0.064107
0.084470
0.064190
0.070362
0.066812
0.088882
0.067882
0.100892
0.089656
0.100257
0.058441
0.057779
0.081615
0.090012
0.069841
0.057087
0.073847
0.088983
0.096092
0.066851
0.037491
0.065799
0.077385
0.086575
0.080065
0.067435
0.086974
0.081843
0.068773
0.063988
0.106858
0.101534
0.053245
0.070303
0.059617
0.084066
0.054064
0.093055
0.061260
0.075821
0.083998
0.053285
0.063269
0.061016
0.081990
0.068052
0.055056
0.102371
0.067306
0.053710
0.050148
0.048795
0.077266
0.122013
0.056115
0.088631
0.102882
0.116302
0.077371
0.074275
0.098366
0.074470
0.084911
0.076448
0.099007
0.104688
0.061438
0.070199
0.048814
0.065970
0.093427
0.091903
0.099865
0.073074
0.099810
0.130750
0.144364
0.116597
0.057367
0.087069
0.087919
0.104252
0.119712
0.082660
0.054852
0.051534
0.079386
0.093490
0.062129
0.069303
0.062614
0.083868
0.063158
0.048748
0.056902
0.076718
0.069226
0.102892
0.077715
0.062600
0.075188
0.087427
0.082308
0.083884
0.060872
0.064539
0.059186
0.130163
0.080756
0.060132
0.049645
0.060563
0.079641
0.091913
0.083921
0.064334
0.053863
0.084241
0.064758
0.057269
0.073179
0.071921
0.049598
0.065059
0.072832
0.073007
0.098189
0.065975
0.055525
0.054904
0.070041
0.092179
0.054018
0.055647
0.065787
0.073596
0.088224
0.074161
0.081850
0.084566
0.054230
0.053003
0.063326
0.073145
0.058175
0.053139
0.056318
0.079988
0.061705
0.051776
0.062812
0.075553
0.057168
0.063937
0.094469
0.067824
0.050731
0.090557
0.078116
0.041962
0.068836
0.059487
0.074156
0.060132
0.074356
0.058996
0.073819
0.090774
0.062944
0.062794
0.065253
0.074073
0.047045
0.048131
0.059597
0.060479
0.073353
0.085680
0.085425
