1.705296
0.068218
0.065960
0.062490
0.074200
0.055543
0.073803
0.074996
0.065667
0.072258
0.103416
0.078036
0.089070
0.086162
0.089111
0.067715
0.058266
0.061192
0.058381
0.058728
0.071910
0.068214
0.056314
0.060726
0.052164
0.065892
0.067298
0.062898
0.052131
0.060583
0.087180
0.046213
0.063750
0.067063
0.062427
0.106731
0.075476
0.083617
0.082967
0.052580
0.081194
0.067524
0.058145
0.057159
0.052768
0.057354
0.054594
0.056267
0.060134
0.070181
0.095823
0.051587
0.078363
0.087783
0.104960
0.114423
0.054934
0.056656
0.048110
0.078059
0.081459
0.056367
0.074310
0.053984
0.064213
0.075672
0.066519
0.073377
0.066124
0.062433
0.065978
0.081439
0.064172
0.054999
0.047940
0.060389
0.073789
0.101352
0.078735
0.090318
0.100417
0.098325
0.087029
0.059799
0.083030
0.082170
0.095812
0.074833
0.090684
0.067968
0.081431
0.094741
0.069442
0.062894
0.061617
0.067220
0.067348
0.053488
0.069056
0.072347
0.071332
0.070919
0.073658
0.064492
0.061245
0.075240
0.074943
0.097669
0.072037
0.104778
0.128560
0.093149
0.083272
0.056906
0.067986
0.069768
0.071997
0.069332
0.068776
0.073707
0.069563
0.067868
0.090335
0.071529
0.089499
0.096206
0.089155
0.096014
0.063351
0.070647
0.076903
0.073184
0.055096
0.067663
0.067866
0.060437
0.078576
0.056068
0.073068
0.064329
0.077991
0.067410
0.055660
0.077457
0.066605
0.071542
0.076768
0.070148
0.081241
0.048926
0.074661
0.048920
0.095937
0.079325
0.081146
0.051537
0.057288
0.058806
0.064279
0.045037
0.083499
0.084983
0.061845
0.060718
0.064182
0.057243
0.050964
0.049797
0.046297
0.051730
0.084218
0.082686
0.080060
0.065962
0.078932
0.090235
0.060899
0.099891
0.074801
0.053663
0.072873
0.072572
0.058045
0.083889
0.069727
0.077035
0.053332
0.058844
0.048544
0.048544
0.098396
0.069219
0.089674
0.086987
0.052117
0.079191
0.064816
0.044395
0.085883
0.079994
0.103282
0.069996
0.057095
0.065828
0.071192
0.069216
0.055590
0.047349
0.051338
0.050611
0.064146
0.066790
0.048770
0.060988
0.054674
0.069026
0.060728
0.072887
0.061984
0.066115
0.070592
0.062241
0.066921
0.061895
0.059876
0.068100
0.067690
0.086820
0.079759
0.085498
0.107710
0.060706
0.065385
0.067699
0.053575
0.065033
0.057976
0.067200
0.071565
0.065392
0.084763
0.082297
0.062614
0.077739
0.087527
0.058067
0.067933
0.068401
0.080555
0.058947
0.082200
0.058777
0.066112
0.058527
0.082317
0.079506
0.054703
0.035644
0.051848
0.039745
0.091204
0.078067
0.076205
0.080270
0.108506
0.093200
0.082570
0.086557
0.062900
0.086611
0.100134
0.057253
0.052988
0.055751
0.060091
0.066965
0.067722
0.050931
0.054115
0.068403
0.076504
0.079094
0.060992
0.063703
0.083049
0.085870
0.053319
0.050522
0.055743
0.077550
0.090058
