1.784748
0.070018
0.058177
0.080497
0.079791
0.084520
0.059036
0.069605
0.104723
0.083476
0.073489
0.081144
0.075520
0.086348
0.097142
0.059809
0.069645
0.091444
0.113038
0.074414
0.099296
0.078814
0.110744
0.108220
0.071232
0.078142
0.073786
0.070902
0.089780
0.100658
0.136574
0.067575
0.077493
0.064349
0.054345
0.049378
0.083087
0.048952
0.068229
0.070007
0.083938
0.082463
0.086606
0.085587
0.112035
0.090066
0.069879
0.084508
0.096729
0.077093
0.084339
0.075546
0.096557
0.075191
0.056331
0.092624
0.064183
0.062907
0.071015
0.092081
0.094540
0.085368
0.082786
0.071233
0.083819
0.091607
0.061688
0.112062
0.088765
0.078592
0.075749
0.054934
0.054232
0.061015
0.097641
0.074867
0.069202
0.050792
0.048114
0.067892
0.076996
0.048488
0.062015
0.059751
0.095194
0.068794
0.039397
0.088883
0.100403
0.081432
0.076417
0.048144
0.088904
0.060101
0.091487
0.080285
0.051785
0.077699
0.064389
0.055459
0.081018
0.097054
0.094814
0.072849
0.067890
0.052087
0.043019
0.053277
0.074606
0.071147
0.089588
0.054674
0.065755
0.054333
0.092337
0.058959
0.048167
0.065944
0.096560
0.091520
0.085915
0.063694
0.060067
0.062030
0.068045
0.077749
0.054169
0.049504
0.121943
0.078094
0.088015
0.076847
0.080888
0.099976
0.060571
0.073777
0.088567
0.055132
0.072701
0.097267
