1.825346
0.089674
0.064605
0.070719
0.084715
0.093460
0.052433
0.074296
0.084267
0.069471
0.080864
0.045080
0.068679
0.063036
0.064057
0.085926
0.076793
0.089104
0.070048
0.058063
0.099575
0.079698
0.074148
0.066154
0.064027
0.051748
0.102240
0.053705
0.093819
0.079364
0.099435
0.065814
0.067506
0.093279
0.063349
0.087107
0.066596
0.061468
0.108888
0.082201
0.095905
0.079244
0.062914
0.053660
0.057887
0.052384
0.073613
0.084803
0.066223
0.049647
0.088404
0.082061
0.053371
0.054236
0.074424
0.046900
0.071132
0.072630
0.084451
0.065687
0.103482
0.056918
0.083468
0.079707
0.057714
0.081902
0.051261
0.074331
0.067344
0.057987
0.094589
0.064996
0.074328
0.080543
0.072655
0.068953
0.081621
0.066887
0.048870
0.047842
0.085176
0.065822
0.090523
0.102470
0.053598
0.057698
0.067504
0.072934
0.084234
0.096732
0.116943
0.069494
0.059665
0.058199
0.065634
0.068821
0.064823
0.064304
0.051107
0.106534
0.094132
0.079903
0.088851
0.058276
0.083991
0.065677
0.082844
0.061711
0.100786
0.080870
0.122407
0.115159
0.075505
0.063607
0.067055
0.056411
0.099809
0.053360
0.065779
0.071117
0.076345
0.064717
0.085190
0.066819
0.071488
0.066636
0.082472
0.067532
0.078456
0.091559
0.111084
0.082422
0.071078
0.050002
0.066215
0.044778
0.077201
0.084491
0.070736
0.074583
0.095681
0.062848
0.075770
0.054946
0.070535
0.068798
0.064332
0.064610
0.081640
0.122021
0.103194
0.057442
0.061938
0.034856
0.046947
0.063661
0.072818
0.064550
0.050605
0.058610
0.072029
0.046448
0.073723
0.070083
0.058334
0.067685
0.080436
0.082445
0.056923
0.061748
0.085718
0.071113
0.079904
0.085272
0.071560
0.082975
0.069374
0.087682
0.094089
0.059695
0.124110
0.086248
0.070608
0.048598
0.081658
0.086437
0.098290
0.089287
0.105753
0.077748
0.100578
0.075732
0.094525
0.092160
0.118150
0.108621
0.092913
0.065971
0.067578
0.060716
0.065794
0.073084
0.063331
0.056500
0.053719
0.084675
0.077424
0.093679
0.089506
0.060087
0.112165
0.053999
0.064132
0.048839
0.064651
0.087485
0.075377
0.090338
0.058502
0.053211
0.085130
0.084562
0.060634
0.060403
0.062431
0.057606
0.043580
0.063771
0.068935
0.075360
0.065823
0.061614
0.056972
0.059930
0.077303
0.061891
0.072787
0.071052
0.075467
0.068805
0.100613
0.108054
0.094303
0.070627
0.078243
0.075345
0.092193
0.093900
0.062116
0.056554
0.078341
0.066012
0.049112
0.068219
0.046870
0.053682
0.062529
0.063473
0.064411
0.056108
0.088031
0.086558
0.092825
0.098567
0.105149
0.095352
0.059084
0.056814
0.091524
0.070849
0.122535
0.081444
0.059102
0.066723
0.049819
0.057222
0.083289
0.066599
0.068328
0.048087
0.104849
0.115221
0.076374
0.077844
0.100251
0.110573
0.063323
0.046630
0.064432
0.063460
0.109390
0.056161
0.081686
0.066481
0.058988
0.075126
0.074057
0.069184
0.083244
0.082842
0.087135
0.065669
0.048237
0.052168
0.080291
0.078365
0.084596
0.074539
0.086161
0.065685
0.070878
0.060728
0.056962
0.057925
0.063260
0.098842
0.115527
0.074012
0.059127
0.054112
0.071169
0.054827
0.074518
0.052469
0.061084
0.059864
0.071326
