1.730937
0.074278
0.081848
0.063794
0.059026
0.071274
0.083999
0.062903
0.060382
0.073354
0.084360
0.061458
0.063454
0.061831
0.059364
0.050806
0.082927
0.056213
0.048431
0.091599
0.080750
0.074112
0.063714
0.056047
0.073530
0.049726
0.061345
0.076418
0.052230
0.065876
0.099372
0.058549
0.067652
0.059959
0.057035
0.079814
0.088029
0.086582
0.087592
0.097475
0.163324
0.103463
0.075253
0.066273
0.066194
0.054427
0.061316
0.048117
0.094331
0.091350
0.085753
0.052177
0.051716
0.042620
0.051661
0.075321
0.093910
0.056664
0.060357
0.073050
0.079857
0.088915
0.061768
0.066212
0.064795
0.077692
0.067686
0.087763
0.061819
0.052640
0.100185
0.046245
0.062655
0.081193
0.053893
0.068733
0.059521
0.051630
0.074031
0.079355
0.097654
0.091145
0.106002
0.088031
0.080126
0.084045
0.065316
0.095760
0.071311
0.096811
0.082495
0.052138
0.075304
0.096811
0.063339
0.073255
0.080989
0.079682
0.074662
0.074386
0.112535
0.085993
0.072434
0.047818
0.044804
0.093352
0.065626
0.067956
0.063014
0.059186
0.079499
0.063111
0.083402
0.048545
0.060388
0.046943
0.060666
0.063467
0.083702
0.058972
