1.744987
0.081487
0.063421
0.058313
0.056020
0.072672
0.063663
0.069228
0.081383
0.086851
0.090343
0.049230
0.058238
0.058183
0.066964
0.051086
0.069210
0.062279
0.065375
0.068286
0.106794
0.073401
0.079941
0.076940
0.057960
0.073784
0.068920
0.068555
0.074357
0.066756
0.077429
0.064185
0.129832
0.074516
0.098294
0.111062
0.111629
0.059770
0.078329
0.079970
0.089728
0.072493
0.089932
0.087854
0.093588
0.134046
0.090275
0.082341
0.056577
0.071112
0.103858
0.069590
0.072308
0.057691
0.067793
0.074561
0.049406
0.059822
0.063724
0.065629
0.094194
0.067297
0.066361
0.054127
0.058204
0.059276
0.048794
0.045424
0.081990
0.063140
0.080780
0.074765
0.060622
0.060476
0.080355
0.077581
0.055556
0.069724
0.062264
0.066316
0.081088
0.087639
0.087834
0.083645
0.055902
0.082925
0.078969
0.059894
0.067821
0.074853
0.088008
0.076023
0.049656
0.092959
0.057681
0.058238
0.043897
0.069621
0.046427
0.071564
0.106812
0.070262
0.059099
0.067052
0.051599
0.052278
0.055312
0.088702
0.093715
0.059318
0.099627
0.060954
0.061794
0.067398
0.057250
0.067553
0.065535
0.069408
0.055150
0.096733
0.113932
0.070229
0.064821
0.057969
0.076237
0.075467
0.066493
0.066000
0.067895
0.099366
0.092323
0.064086
0.082135
0.053858
0.056264
0.064570
0.074860
0.065641
0.049418
0.066628
0.076485
0.067822
0.085646
0.067550
0.089216
0.074018
0.080263
0.069278
0.067467
0.069776
0.090583
0.070605
0.086328
0.084621
0.074679
0.069529
0.056403
0.060377
0.064230
0.071299
0.093769
0.076747
0.063194
0.058236
0.038666
0.066897
0.054732
0.059108
0.052251
0.072902
0.085929
0.065678
0.056940
0.063647
0.057842
0.066946
0.079857
0.086373
0.065187
0.084149
0.091809
0.061792
0.059191
0.057730
0.058376
0.083684
0.087624
0.083038
0.055511
0.057763
0.085346
0.072682
0.090471
0.057785
0.076813
0.072612
0.046460
0.075894
0.076408
0.056493
0.061039
0.070249
0.051658
0.053153
0.065473
0.054340
0.086451
0.070038
0.066325
0.071609
0.080772
0.062141
0.055842
0.061549
0.061218
0.053728
0.072982
0.088080
0.100193
0.086648
0.093534
0.061236
0.078659
0.061039
0.074237
0.082481
0.060702
0.063446
0.062354
0.063664
0.083419
0.065864
0.050119
0.057434
0.062541
0.047926
0.049383
0.072063
0.085885
0.091262
0.110472
0.072307
0.046268
0.074483
0.077280
0.070410
0.066084
0.068709
0.071292
0.054884
0.087492
0.056903
0.051582
0.075376
0.096549
0.056152
0.059971
0.052643
0.061203
0.064105
0.080427
0.061676
0.066878
0.079901
0.067362
0.070300
0.058973
0.069230
0.051131
0.069777
0.084033
0.069718
0.060399
0.100201
0.053718
0.081499
0.048587
0.060828
0.093124
0.058998
0.090666
0.069566
0.048982
0.069097
0.056381
0.060782
0.068024
0.049269
0.081694
0.077137
0.099743
0.075522
0.084308
0.072806
0.068422
0.079575
0.069309
0.050331
0.078664
0.051539
0.087034
0.065511
0.096163
0.078146
0.084165
0.090996
0.081770
0.064570
0.045250
0.058459
0.101155
0.054137
0.063867
0.064205
0.056776
0.074755
0.072405
0.093315
0.058693
0.052017
0.100135
0.058932
0.065060
0.075532
0.071763
0.050161
0.058996
0.067906
0.067517
0.059022
0.085011
0.079159
0.054796
0.058450
0.048459
0.061165
0.064505
0.055341
0.057096
0.084138
0.087324
0.061404
0.069201
0.077994
0.084553
0.079409
0.060225
