1.767117
0.078308
0.078697
0.054404
0.070988
0.061414
0.074593
0.083783
0.070191
0.053748
0.100814
0.058330
0.088234
0.062616
0.048727
0.066552
0.066355
0.069252
0.067864
0.084921
0.110379
0.056084
0.081271
0.059129
0.074309
0.074454
0.054727
0.056303
0.067487
0.076795
0.079983
0.094688
0.080875
0.092673
0.068458
0.080564
0.116091
0.083064
0.086694
0.066432
0.094383
0.080606
0.083621
0.112055
0.098527
0.081236
0.125204
0.078547
0.061067
0.049595
0.095624
0.066150
0.080420
0.104132
0.068387
0.059083
0.071261
0.048136
0.072466
0.032228
0.083469
0.095907
0.076926
0.067049
0.066558
0.081847
0.076114
0.074462
0.110605
0.080731
0.114145
0.096697
0.070480
0.072546
0.071179
0.079300
0.056538
0.054255
0.072428
0.096439
0.090323
0.060477
0.074808
0.064382
0.065116
0.114543
0.103599
0.061267
0.065314
0.069431
0.106014
0.065818
0.075248
0.067986
0.069036
0.065340
0.058964
0.073884
0.049572
0.065510
0.074682
0.067290
0.071804
0.065571
0.075229
0.058739
0.073737
0.078443
0.091044
0.057774
0.071803
0.090288
0.064432
0.097228
0.082524
0.096428
0.077724
0.087230
0.104479
0.067672
0.081829
0.045177
0.047524
0.061826
0.067093
0.060741
0.082831
0.057181
0.050418
0.061794
0.107926
0.079051
0.066316
0.047435
0.056435
0.087022
0.089816
0.076298
0.080028
0.062361
0.077706
0.080215
0.076162
0.075647
0.068397
0.055204
0.071953
0.076271
0.057827
0.065173
0.075210
0.081358
0.082285
0.069726
0.066619
0.066593
0.057870
0.085173
0.044989
0.057807
0.068962
0.050077
0.075634
0.083723
0.047410
0.045411
0.063783
0.090603
0.070169
0.093093
0.067991
0.049443
0.072075
0.058200
0.064918
0.069353
0.051864
0.090718
0.078810
0.060659
0.076942
0.061695
0.056241
0.076444
0.070370
0.095452
0.098415
0.097371
0.094701
0.097091
0.123138
0.065573
0.076013
0.053167
0.051670
0.069969
0.070736
0.068103
0.082924
0.098519
0.087308
0.057833
0.080883
0.079779
0.062786
0.065600
0.093036
0.119633
0.062437
0.043682
0.077139
0.041679
0.076002
0.103635
0.077458
0.094110
0.076340
0.064317
0.056284
0.078417
0.106959
0.058857
0.053394
0.060107
0.051283
