1.767222
0.110611
0.097678
0.074774
0.054225
0.074332
0.049390
0.079134
0.082012
0.070484
0.086154
0.084808
0.072941
0.060817
0.050188
0.073667
0.090784
0.074922
0.076893
0.062322
0.119333
0.041708
0.059133
0.075689
0.085417
0.071197
0.061228
0.065316
0.067124
0.063143
0.101032
0.043367
0.063638
0.065343
0.062215
0.069486
0.058269
0.063082
0.092307
0.107892
0.087237
0.057774
0.078364
0.088872
0.055905
0.081032
0.057720
0.083823
0.069014
0.070070
0.095454
0.054559
0.067063
0.059608
0.051023
0.065861
0.061965
0.056577
0.071499
0.098255
0.093705
0.047540
0.091498
0.066203
0.078529
0.058698
0.059560
0.073023
0.086415
0.068167
0.078750
0.091640
0.051309
0.065241
0.069873
0.079072
0.073438
0.058880
0.073192
0.072832
0.077155
0.088366
0.053086
0.068746
0.058473
0.055278
0.062688
0.068952
0.066483
0.080659
0.091944
0.058409
0.079357
0.082390
0.071677
0.083143
0.091548
0.063870
0.078125
0.057221
0.081918
0.049932
0.089644
0.082719
0.073056
0.084705
0.057180
0.080828
0.076210
0.058659
0.090166
0.092145
0.078104
0.052619
0.078308
0.071807
0.071963
0.094740
0.098534
0.116086
0.074956
0.067402
0.092025
0.062267
0.055568
0.056718
0.059747
0.052809
0.061600
0.070184
0.099702
0.071974
0.073726
0.078823
0.066810
0.064224
0.052391
0.054260
0.052289
0.050070
0.076985
0.079541
0.066511
0.048689
0.074365
0.104903
0.111261
0.115699
0.115916
0.118428
