1.834558
0.072129
0.051892
0.072857
0.084601
0.054258
0.046747
0.052027
0.077123
0.055180
0.067808
0.077904
0.059703
0.064399
0.047146
0.054588
0.068008
0.066132
0.093261
0.083097
0.097948
0.052212
0.057639
0.052585
0.106995
0.108046
0.061599
0.057193
0.105926
0.069515
0.090731
0.069181
0.050502
0.062443
0.072385
0.094266
0.045566
0.079750
0.094515
0.067972
0.072625
0.053230
0.056882
0.041733
0.063352
0.058834
0.068492
0.046408
0.075293
0.060086
0.078114
0.077661
0.097473
0.073999
0.058711
0.069475
0.069227
0.063496
0.077092
0.074003
0.081217
0.061415
0.059009
0.084350
0.042180
0.061398
0.077998
0.045406
0.057401
0.065812
0.084843
0.075881
0.077554
0.083630
0.067587
0.075625
0.059664
0.072132
0.063633
0.054900
0.090264
0.072312
0.112273
0.091025
0.045245
0.070635
0.070022
0.073978
0.071917
0.061271
0.085931
0.053400
0.078876
0.076961
0.062776
0.104656
0.060481
0.064443
0.083862
0.058268
0.086530
0.079450
0.080508
0.099150
0.069250
0.069532
0.070449
0.085927
0.084017
0.068799
0.098560
0.082860
0.068641
0.081683
0.089128
0.079387
0.082098
0.078992
0.064125
0.068210
0.073824
0.070201
0.089782
0.076440
0.069612
0.073144
0.073829
0.046833
0.069180
0.048425
0.092873
0.067244
0.048827
0.060249
0.075743
0.065814
0.059647
0.074255
0.065383
0.057108
0.126403
0.057911
0.052943
0.074697
0.073589
0.060176
0.058942
0.045816
0.063924
0.092021
0.075506
0.064092
0.070544
0.087840
0.066342
0.091152
0.065938
0.056743
0.087025
0.047620
0.086603
0.080109
0.069621
0.080053
0.082860
0.089351
0.073934
0.080731
0.074359
0.060165
0.086644
0.075264
0.057675
0.071214
0.082329
0.068879
0.048993
0.066636
0.059065
0.077212
0.091220
0.062949
0.057432
0.066016
0.051716
0.081462
0.060719
0.083795
0.060324
0.075749
0.111055
0.085235
0.065195
0.091076
0.060924
0.054348
0.070346
0.068375
0.047801
0.050388
0.079150
0.070056
0.062374
0.093769
0.077443
0.067530
0.093532
0.106628
0.073096
0.062370
0.079519
0.067066
0.070082
0.067812
0.065468
0.050099
0.051200
0.067329
0.055966
0.057397
0.073501
0.063521
0.072005
0.055797
0.050602
0.062456
0.078319
0.066431
0.067115
0.078196
0.100679
0.063111
0.067627
0.064971
0.061218
0.091760
0.088985
0.079306
0.062172
0.069972
0.102337
0.060808
0.063647
0.069254
0.078195
0.063243
0.085881
0.075645
0.050360
0.043331
0.084632
0.057768
