1.788784
0.067338
0.072037
0.058859
0.098317
0.074837
0.057139
0.048181
0.059521
0.047262
0.086256
0.083452
0.071111
0.091827
0.065494
0.051703
0.050049
0.046979
0.056310
0.071152
0.086498
0.070425
0.057255
0.066408
0.075475
0.051731
0.042099
0.061626
0.072582
0.046114
0.070874
0.040638
0.063122
0.042049
0.063215
0.051768
0.048415
0.065389
0.054971
0.062059
0.072286
0.057892
0.056835
0.064385
0.051028
0.083191
0.059915
0.048003
0.047879
0.034072
0.066913
0.082409
0.065834
0.084777
0.060932
0.065012
0.057456
0.062223
0.055739
0.074264
0.090719
0.081482
0.048092
0.075725
0.073023
0.078840
0.069052
0.081119
0.085368
0.103210
0.080388
0.068629
0.116907
0.064506
0.061713
0.073858
0.077630
0.063819
0.055664
0.071637
0.079170
0.057796
0.067724
0.055680
0.098114
0.101073
0.081090
0.061038
0.052135
0.070728
0.071164
0.075814
0.077139
0.068319
0.086598
0.070314
0.076694
0.076311
0.051765
0.076831
0.085203
0.062762
0.060713
0.053926
0.051230
0.070232
0.069888
0.061087
0.096581
0.072726
0.065509
0.049428
0.053879
0.064368
0.056458
0.056557
0.060229
0.089310
0.058236
0.073319
0.087861
0.068973
0.073056
0.074179
0.067505
0.107355
0.108573
0.072303
0.070769
0.072315
0.079300
0.071215
0.059776
0.046213
0.066447
0.064600
0.072236
0.075278
0.066584
0.076035
0.100756
0.048074
0.075027
0.088851
0.070431
0.078334
0.057210
0.087681
0.059345
0.060791
0.090395
0.105451
0.078130
0.085681
0.063273
0.077025
0.058831
0.075565
0.099028
0.083444
0.084264
0.083086
0.102766
0.097067
0.072576
0.053261
0.073349
0.069110
0.088002
0.063052
0.081133
0.058962
0.065886
0.072130
0.051746
0.064522
0.066271
0.078669
0.075669
0.090829
0.090448
0.074522
0.089521
0.086771
0.091393
0.056108
0.066528
0.077633
0.081518
0.055344
0.082204
0.066630
0.054926
0.069390
0.066746
0.076026
0.069934
0.074513
0.074922
0.062018
0.103035
0.072085
0.059789
0.076444
0.102342
0.074632
0.071418
0.067075
0.072958
0.082854
0.084183
0.056306
0.067366
0.062588
0.064415
0.065976
0.069444
0.080471
0.072993
0.056989
0.073676
0.088201
0.064234
0.095734
0.105066
0.087581
0.069912
0.076144
0.061561
0.084556
0.088043
0.084730
0.074834
0.061079
0.059011
0.057228
0.057803
0.067024
0.061077
0.051685
0.074677
0.047011
0.040565
0.063948
0.063331
0.052627
0.083550
0.074916
0.079367
0.076611
0.075607
0.069333
0.062725
0.101280
0.082979
0.053202
0.059670
0.052782
0.050967
0.104862
0.088400
0.062870
0.047702
0.049095
0.069673
0.068048
0.055624
0.096462
0.090315
0.076461
0.068265
0.055693
0.096496
0.091792
0.070667
0.077035
0.065291
0.052750
0.047863
0.048495
0.079805
0.070604
0.062313
0.066082
0.062478
0.060453
0.044426
0.076376
0.062259
0.087272
0.106213
0.068719
0.061685
0.056604
0.081131
0.076626
0.082651
0.089776
0.105795
0.070029
0.090035
0.073690
0.065597
0.080898
0.085779
0.058509
0.053106
0.045343
0.050318
0.067304
0.097699
0.066501
0.066120
0.060061
0.055096
0.055353
0.047351
0.060982
0.072205
0.078250
0.088060
0.052585
0.077124
0.094023
0.071799
0.080793
0.061877
0.054426
0.051398
0.070409
0.117783
0.055375
0.066891
0.067479
0.069565
0.064565
0.060530
0.096745
0.060858
0.055012
0.097865
0.060530
0.074495
0.077404
0.078447
0.041768
0.076402
0.082200
0.083138
0.064980
0.086740
0.091562
0.068604
0.065376
0.084795
0.064307
0.054302
0.053624
0.069057
0.065516
0.090892
0.057806
0.039598
0.060883
0.056432
0.081521
0.056940
0.069934
0.084305
0.070369
0.095670
0.064327
0.074848
0.071748
0.089503
0.065158
0.089543
0.065655
0.076547
0.098810
0.096618
0.075958
0.062818
0.070479
0.084836
0.051913
0.084660
0.087190
0.077649
0.083194
0.123880
0.085259
0.050034
0.071272
0.082140
0.056464
0.069711
0.072645
0.058638
0.058451
0.077570
0.067384
0.059623
0.055806
0.056725
0.057472
0.056150
0.058466
0.084595
0.061900
0.092458
0.077969
0.068351
0.065727
0.098886
0.056329
0.054287
0.067271
0.078103
0.077287
0.066555
0.082420
0.086996
0.073491
0.052985
0.060200
0.081631
0.054664
0.055154
0.092789
0.088340
0.054169
0.060991
0.072404
0.039734
0.069816
0.045844
0.083399
0.061686
0.071846
0.095506
0.069723
0.057535
0.107303
0.089791
0.081396
0.103473
0.048371
0.111342
0.063003
0.094455
0.076658
0.068161
0.071525
0.059021
0.065594
0.056869
0.057688
0.048693
0.057006
0.082886
0.072152
0.079877
0.058473
0.052985
0.048712
0.044791
0.051212
0.064714
0.051796
0.085421
0.047946
0.069890
0.064581
0.055307
0.060226
0.080889
0.077422
0.079996
0.066248
0.102104
0.082477
0.080744
0.060378
0.088763
0.064093
0.085549
0.066121
0.082020
0.060009
0.078957
0.064620
0.063224
0.104205
0.086692
0.076069
0.078582
0.076020
0.061894
0.084107
0.093910
0.047199
0.066813
0.075295
0.083636
0.084822
0.107747
0.094133
0.079769
0.069233
0.064390
0.080564
0.073815
0.042631
0.056139
0.049711
0.049760
0.083488
0.073416
0.070080
0.088399
0.090657
0.053632
0.065448
0.056995
0.060606
0.057540
0.059897
0.060378
0.087810
0.089905
0.076294
0.073546
0.079400
0.060220
0.063755
0.079354
