1.997205
0.074838
0.077463
0.059896
0.068230
0.062005
0.050155
0.057095
0.057513
0.060737
0.083951
0.067931
0.063494
0.050108
0.044918
0.069278
0.077355
0.085406
0.106456
0.076141
0.110868
0.079379
0.051417
0.079091
0.060272
0.090367
0.068568
0.113369
0.052624
0.053929
0.069725
0.078405
0.059210
0.073027
0.104721
0.116906
0.062361
0.090718
0.074278
0.066938
0.130727
0.085635
0.076661
0.051344
0.082593
0.105629
0.082841
0.103258
0.062851
0.064481
0.074443
0.112824
0.059780
0.056741
0.059100
0.080269
0.072012
0.109566
0.079077
0.078845
0.079792
0.085199
0.075337
0.104699
0.068945
0.062085
0.048539
0.087282
0.099606
0.073022
0.128696
0.096090
0.084043
0.068796
0.048165
0.060396
0.078830
0.094345
0.083717
0.056132
0.107196
0.082532
0.084427
0.070329
0.102278
0.091798
0.071768
0.063866
0.096488
0.077451
0.087554
0.077573
0.093079
0.072402
0.071077
0.064409
0.083142
0.064701
0.064987
0.056539
0.078605
0.081333
0.101729
0.082735
0.080787
0.084486
0.067688
0.068297
0.046489
0.072257
0.091955
0.086757
0.058396
0.089637
0.051897
0.066761
0.080471
0.052336
0.099730
0.066431
0.107394
0.075794
0.108541
0.071135
0.047199
0.051591
0.046361
0.106052
0.107408
0.062961
0.076385
0.059402
0.058326
0.066746
0.053493
0.073255
0.043400
0.057347
0.042936
0.063844
0.059949
0.076638
0.081673
0.059566
0.070939
0.073632
0.078910
0.106040
0.054563
0.093617
0.081316
0.071526
0.077921
0.076651
0.088440
0.083461
0.068778
0.056730
0.087804
0.086722
0.092642
0.077023
0.080195
0.047713
0.084545
0.059869
0.064113
0.095688
0.052801
0.053996
0.087430
0.057577
0.074351
0.067379
0.069357
0.091384
0.080170
0.090280
0.071107
0.103807
0.112969
0.087449
0.076236
0.086413
0.077380
0.061075
0.054036
0.085076
0.092891
0.098399
0.092518
0.071138
0.044623
0.056578
0.061364
0.057750
0.067802
0.045949
0.076766
0.065651
0.079588
0.088531
0.066944
0.073219
0.054492
0.058908
0.069724
0.061841
0.064007
0.065670
0.087939
0.052422
0.075967
0.071316
0.074414
0.061985
0.071608
0.067742
0.070090
0.070566
0.095431
0.080704
0.062134
0.077026
0.044255
0.066248
0.068721
0.103583
0.087275
0.082055
0.125404
0.116728
0.116184
0.110598
0.071877
0.074919
0.106161
0.054129
0.059132
0.062794
0.083847
0.052287
0.105468
0.103473
0.097816
0.073502
0.084247
0.111959
0.062364
0.069013
0.088397
0.056687
0.051706
0.047509
0.048954
0.054661
0.054562
0.110947
0.095794
0.066445
0.090460
0.079271
0.051340
0.066453
0.067047
0.064852
0.096369
0.077272
0.084032
0.081417
0.104125
0.077487
0.067755
0.053830
0.055112
0.050096
0.044997
0.051855
0.079098
0.115363
0.130212
0.079002
0.065736
0.071241
0.086120
0.084066
0.095157
0.080142
0.096827
0.072715
0.078986
0.083536
0.088759
0.068050
0.050233
0.086125
0.062725
0.067479
0.048565
0.065912
0.093286
0.068199
0.063028
0.112001
0.084224
0.062473
0.062496
0.067210
0.095242
0.075486
0.094241
0.069477
0.078395
0.055338
0.066676
0.062466
0.067534
0.087546
0.063552
0.048110
0.078388
0.065454
0.047023
0.051214
0.062786
0.060239
0.061469
0.059978
0.062787
0.089482
0.097504
0.065931
0.043061
0.067746
0.080472
0.057698
0.083229
0.066386
0.053762
0.045967
0.090116
0.065059
0.081292
0.054754
0.083665
0.107361
0.064022
0.075506
0.044918
0.072170
0.091418
0.077313
0.050143
0.086607
0.093539
0.057101
0.090701
0.113148
0.113296
0.077271
0.083455
0.072851
0.076903
0.066259
0.088520
0.069612
0.073012
0.067390
0.085328
0.061970
0.103030
0.094441
0.109568
0.065077
0.068959
0.048218
0.051938
0.072635
0.077626
0.080358
0.089249
0.054982
0.040643
0.041258
0.117304
0.053828
0.080665
0.094273
0.073045
0.080850
0.072244
0.068847
0.051422
0.080504
0.087207
0.101693
0.092639
0.087689
0.070527
0.055776
0.104485
0.078887
0.074672
0.089166
0.081457
0.073810
0.079036
0.085015
0.044513
0.073662
0.091063
0.062702
0.066059
0.075228
0.073874
0.078247
0.062691
0.079692
0.115620
0.108299
0.085580
0.068372
0.109826
0.070367
0.109066
0.065937
0.052076
0.082486
0.056736
0.079107
0.110119
0.095953
0.077979
0.076300
0.077713
0.077513
0.093032
0.055854
0.092387
0.081819
0.065369
0.069231
0.069942
0.057589
0.073662
0.083900
0.058460
0.078234
0.077554
0.072889
0.103787
0.062177
0.071573
0.044387
0.061786
0.073900
0.048922
0.093653
0.058947
0.037443
0.087056
0.046957
0.082991
0.055102
0.064910
0.077820
0.049910
0.062385
0.067383
0.082109
0.104358
