1.721234
0.071978
0.047462
0.070555
0.047908
0.068513
0.060493
0.081500
0.119463
0.072781
0.115520
0.057879
0.080299
0.057937
0.052271
0.073370
0.064674
0.055853
0.059387
0.059824
0.071082
0.069454
0.080252
0.054988
0.052220
0.054782
0.066999
0.048586
0.046737
0.075911
0.069940
0.049525
0.043897
0.063540
0.071145
0.072044
0.085863
0.089611
0.072764
0.069961
0.069641
0.057759
0.071082
0.070117
0.069707
0.062207
0.084392
0.099644
0.105711
0.097861
0.080540
0.070657
0.078253
0.083905
0.083468
0.057748
0.068726
0.077002
0.060516
0.047292
0.086326
0.062287
0.105163
0.075406
0.084265
0.085999
0.059975
0.066638
0.070609
0.062072
0.067318
