1.845565
0.094299
0.076641
0.072011
0.073203
0.066243
0.098173
0.061614
0.074287
0.057816
0.084445
0.070584
0.048439
0.062968
0.108214
0.056941
0.074499
0.059355
0.044709
0.083943
0.087829
0.055245
0.068303
0.059369
0.070918
0.069768
0.060459
0.074342
0.090482
0.054320
0.087949
0.099374
0.062658
0.091163
0.059945
0.075783
0.104670
0.081517
0.060861
0.050565
0.059712
0.055517
0.054055
0.041591
0.070139
0.054444
0.054696
0.074675
0.085614
0.096994
0.099249
0.099303
0.090536
0.077008
0.075301
0.072798
0.106398
0.053103
0.080315
0.068814
0.082288
0.049681
0.081851
0.050874
0.057444
0.068474
0.039784
0.078486
0.077151
0.057416
0.093633
0.084647
0.068306
0.060554
0.084251
0.087883
0.083213
0.086945
0.112607
0.099456
0.107337
0.097741
0.101748
0.109847
0.119676
0.073976
0.107336
0.080931
0.076933
0.071613
0.095413
0.112606
0.052474
0.079568
0.048119
0.073246
0.075570
0.069219
0.067339
0.076579
0.070616
0.093321
0.085375
0.081119
0.073413
0.078140
0.084342
0.097385
0.110031
0.108361
0.093963
0.090518
0.091963
0.075701
0.073839
0.099917
0.085219
0.107309
0.081234
0.082030
0.068124
0.081438
0.100070
0.063986
0.068181
0.066476
0.038696
0.100355
0.094498
0.074863
0.064984
0.096959
0.096888
0.091440
0.109527
0.096902
0.075569
0.071549
0.121315
0.100880
0.082132
0.150533
0.088548
0.061209
0.086095
0.098376
0.092537
0.054230
0.081487
0.098846
0.090483
0.101681
0.075646
0.113794
0.087604
0.092643
0.100866
0.080131
0.069437
0.086694
0.098617
0.070051
0.074765
0.063380
0.084690
0.074401
0.101853
0.086339
0.091990
0.086111
0.073489
0.065400
0.055079
0.074444
0.058135
0.071910
0.066562
0.083998
0.060652
0.073721
0.080943
0.075658
0.071298
0.077205
0.070759
0.071526
0.075748
0.076367
0.075398
0.087832
0.073716
0.074936
0.082942
0.084746
0.074954
0.095004
0.089256
0.072640
0.085540
0.110517
0.074450
0.115212
0.080558
0.112473
0.078342
0.060604
0.093218
0.081728
0.076832
0.070766
0.088619
0.077188
0.080256
0.116061
0.084869
