1.789567
0.117573
0.071064
0.093435
0.050212
0.056170
0.041557
0.093689
0.084747
0.053581
0.079201
0.074185
0.092846
0.062105
0.066756
0.077078
0.045745
0.046724
0.067875
0.084693
0.111328
0.085644
0.109369
0.080518
0.062441
0.067752
0.069708
0.087858
0.113428
0.056063
0.118996
0.064701
0.061151
0.053332
0.075261
0.062946
0.072241
0.061359
0.054975
0.059932
0.092046
0.068464
0.069492
0.060055
0.066026
0.074987
0.073508
0.043205
0.060037
0.057765
0.088667
0.061559
0.047886
0.076852
0.061260
0.061563
0.104101
0.086893
0.059447
0.065735
0.074980
0.065680
0.061373
0.059904
0.056345
0.046976
0.048140
0.062832
0.055888
0.063430
0.065621
0.057570
0.072688
0.072014
0.095477
0.060601
0.058165
0.064618
0.050012
0.042353
0.084949
0.063253
0.054875
0.059324
0.070056
0.079018
0.059871
0.060972
0.061708
0.063189
0.087229
0.041555
0.049144
0.066797
0.061134
0.085724
0.085359
0.067599
0.055691
0.069073
0.080618
0.047428
0.064270
0.067850
0.097288
0.064696
0.055480
0.039556
0.055531
0.071658
0.078736
0.049748
0.052753
0.061464
0.079651
0.051134
0.073165
0.058918
0.058313
0.070483
0.088858
0.079777
0.065185
0.070255
0.072375
0.070583
0.071123
0.076555
0.065522
0.070670
0.096182
0.087653
0.054085
0.035720
0.060865
0.090806
0.057733
0.057094
0.082244
0.069386
0.077842
0.062878
0.065599
0.059704
0.064260
0.057531
0.062710
0.072013
0.126739
0.054825
0.073388
0.055002
0.072030
0.058863
0.077621
0.067856
0.077629
0.119946
0.107924
0.057554
0.089012
0.051662
0.068631
0.053254
0.075868
0.070017
0.063838
0.084950
0.097542
0.044483
0.094488
0.061866
0.057371
0.077921
0.075347
0.068616
0.104207
0.065553
0.069888
0.084114
0.076682
0.122680
0.063322
0.086170
0.063448
0.083822
0.079729
0.081995
0.082728
0.055352
0.098549
0.049784
0.075508
0.067659
0.074345
0.066179
0.063777
0.057156
0.080090
0.068753
0.070926
0.060902
0.090884
0.075667
0.094742
0.042371
0.079748
0.077518
0.077356
0.101997
0.103571
0.052614
0.067577
0.079997
0.115247
0.060008
0.068579
0.069494
0.071541
0.058485
0.075239
0.054809
0.057544
0.059653
0.047688
0.064831
0.063534
0.071942
0.062361
0.091644
0.081808
0.072180
0.082435
0.064559
0.068595
0.093414
0.107799
0.078600
0.051787
0.063509
0.093413
0.065487
0.060518
0.048084
0.060459
0.051055
0.067416
0.084144
0.073166
0.071051
0.117479
0.072294
0.059105
0.079259
0.044472
0.079931
0.101606
0.059176
0.080549
0.058545
0.092909
0.062196
0.072898
0.063023
0.057812
0.051919
0.067207
0.088151
0.081287
0.085488
0.088284
0.069467
0.069012
0.058384
0.062376
0.082693
0.073947
0.061748
0.074506
0.060689
0.077075
0.068973
0.108922
0.069086
0.089147
0.079040
0.057584
0.067428
0.041874
0.062321
0.098500
0.126404
0.086980
0.076881
0.079227
0.091324
0.058136
0.110936
0.103648
0.065841
0.089781
0.057988
0.081540
0.092423
0.062137
0.058263
0.090282
0.076801
0.047595
0.079553
0.094903
0.092016
0.066207
0.077242
0.056853
0.075505
0.087362
0.095163
0.062256
0.063374
0.097044
0.068290
0.106988
0.148442
0.070167
0.070140
0.085661
0.051394
0.071297
0.080570
0.066682
0.057451
0.054448
0.060067
0.077699
0.075959
0.051957
0.066615
0.079609
0.097898
0.091066
0.085560
0.091424
0.058312
0.062961
0.043308
0.077626
0.078499
0.071829
0.073325
0.066695
0.057932
0.058156
0.051596
0.064125
0.061303
0.057576
0.067026
0.094363
0.069665
0.091156
0.072520
0.067763
0.054522
0.085944
0.073450
0.082340
0.096577
0.064911
0.059727
0.082187
0.052462
0.039889
0.068353
0.046567
0.066065
0.079192
0.050958
0.050497
0.058029
0.099621
0.062589
0.056836
0.078383
0.107805
0.066360
0.067975
0.048638
0.060039
0.051303
0.085261
0.052855
0.056248
0.049712
0.049275
0.084168
0.065150
0.069771
0.099215
0.064585
0.077765
0.051863
0.056666
0.058809
0.065450
0.068479
0.062354
0.069319
0.055451
0.073825
0.073529
0.047606
0.103649
0.055945
0.076042
0.056782
0.072264
0.054904
0.063499
0.052630
0.106078
0.068077
0.061576
0.045301
0.067263
0.053011
0.057794
0.055750
0.067569
0.070748
0.069091
0.043699
0.080336
0.047706
0.057917
0.075258
0.095350
0.093528
0.144934
0.082941
0.088665
0.057561
0.093530
0.059922
0.066987
0.079752
0.060195
0.086703
0.064084
0.060019
0.084554
0.059458
0.066869
0.071876
0.091471
0.066377
0.092648
0.080922
0.057289
0.039013
0.075335
0.048192
0.067888
0.060884
0.042802
0.062347
0.061032
0.065893
0.059317
0.061381
0.074239
0.052373
0.053936
0.068723
0.092553
0.116446
0.099004
0.095124
0.062409
0.065155
0.074686
0.052799
0.070221
0.085800
0.059057
0.090321
0.068590
0.098193
0.073080
0.065185
0.112625
0.055684
0.075200
0.069477
0.072115
0.053600
0.068570
0.084722
0.063878
0.071870
0.078243
0.060384
0.061789
0.062216
0.072255
0.055263
0.075199
0.072318
0.073027
0.091357
0.089961
0.060783
0.051286
0.054956
0.052910
0.058398
0.101739
0.058123
0.052820
0.063340
0.085902
0.060148
0.056392
0.063138
0.061543
0.072399
0.065819
0.052883
0.042862
0.059874
0.072565
0.065156
0.083627
0.094424
0.064466
0.064744
0.075353
0.062807
0.071017
0.071265
0.079058
0.066828
0.052271
0.074993
0.052567
0.108502
0.063766
0.079628
0.064457
0.050401
0.083597
0.051936
0.069026
0.078399
0.072131
0.055276
0.059493
0.043640
0.054622
0.043581
0.098701
0.065986
0.052852
0.067331
0.074471
0.100883
0.067551
0.060109
0.055262
0.071200
0.092263
0.084723
0.064971
0.068714
0.066956
0.104960
0.127920
0.071060
0.061350
0.071247
0.084426
0.065763
0.061163
0.047383
0.066212
0.050990
0.077674
0.061367
0.053855
0.071038
0.104321
0.084183
0.104163
0.050958
0.057712
0.077329
0.080983
0.067027
0.073053
0.077062
0.092928
0.068010
0.044187
0.055281
0.049724
0.050806
0.082180
0.056691
0.073030
0.060138
0.079365
0.070763
0.056462
0.067930
0.052804
0.062089
0.080415
0.058116
0.067578
0.054213
0.084420
0.059902
0.053466
0.045486
0.053547
0.046951
0.052477
0.056011
0.065549
0.055930
0.100516
0.096418
0.118135
0.082581
0.079237
0.053890
0.058778
0.063608
0.074405
0.058333
0.065312
0.058635
0.067744
0.075485
0.071047
0.071227
0.037850
0.082384
0.073398
0.053297
0.097649
0.057965
0.045554
0.047029
0.052421
0.065384
0.076253
0.078145
0.058856
0.061509
0.066319
0.066473
0.084423
0.069118
0.066470
0.080505
0.094857
0.106511
0.119672
0.082256
0.076304
0.092196
0.089092
0.070508
0.066802
0.058096
0.067035
0.110684
0.076885
0.080683
0.104630
0.075534
0.054092
0.055835
0.044069
0.055286
0.055121
0.121301
0.073049
0.087862
0.077158
0.057036
0.062793
0.060914
0.071473
0.081742
0.093223
0.077846
0.085750
0.071774
0.085726
0.051914
0.066865
0.062695
0.067662
0.066472
0.052091
0.065231
0.042406
0.052350
0.065591
0.081652
0.069449
0.076942
0.042143
0.071321
0.110399
0.093550
0.067225
0.065719
0.106855
0.058379
0.061221
0.063991
0.062526
0.085629
0.056209
0.063249
0.096621
0.065339
0.070595
0.082059
0.040041
0.055999
0.053381
0.092023
0.074700
0.083140
0.076644
0.073306
0.091273
0.111032
0.106474
0.085272
0.050165
0.078235
0.058117
0.070985
0.074789
0.060696
0.069066
0.056846
0.083876
0.057105
0.060722
0.074469
0.099671
0.083495
0.075667
0.061063
0.081741
0.061472
0.055441
0.054785
0.070021
0.067188
0.070525
0.054994
0.054935
0.047757
0.128984
0.085412
0.061106
0.079180
0.067140
0.052848
0.083722
0.099079
0.067593
0.080578
0.071856
0.088656
0.064783
0.054269
0.070422
0.065651
0.063779
0.097208
0.094464
0.073072
0.084050
0.073010
0.060323
0.056880
0.056176
0.100070
0.066429
0.058081
0.072591
0.066537
0.070658
0.072674
0.070815
0.063793
0.056345
0.054465
0.046505
0.057237
0.088955
0.071911
0.079478
0.039848
0.044696
0.051012
0.055916
0.051950
0.055771
0.042560
0.061363
0.064977
0.067184
0.048491
0.089353
0.036048
0.058174
0.071014
0.056416
0.058771
0.053628
0.063997
0.071207
0.057225
0.083375
0.061269
0.048274
0.047427
0.066838
0.049636
0.077512
0.051328
0.057900
0.062015
0.053722
0.073852
0.061922
0.059941
0.060287
0.061831
0.064061
0.067289
0.093554
0.044501
0.067451
0.068274
0.068186
0.059998
0.068229
0.058141
0.048841
0.059795
0.084296
0.055222
0.075561
0.045851
0.081177
0.075882
0.085815
0.081096
0.072602
0.064028
0.086566
0.062401
0.060670
0.062380
0.059096
0.070221
0.050283
0.065864
0.078360
0.071433
0.081488
0.059719
0.055371
0.059568
0.044518
0.049705
0.048988
0.061800
0.066731
0.066611
0.068426
0.061691
0.077252
0.058022
0.071379
0.047614
0.064963
0.079722
0.054866
0.047553
0.074785
0.086278
0.082742
0.074134
0.075621
0.067300
0.074013
0.055817
0.099324
0.075081
0.104985
0.075940
0.098328
0.053575
0.085013
0.081330
0.080649
0.064682
0.088585
0.048662
0.050371
0.065797
0.061206
0.090254
0.090614
0.057444
0.055785
0.084766
0.079314
0.068389
0.083145
0.055078
0.082683
0.075562
0.077566
0.074401
0.075564
0.066769
0.086500
0.096633
0.097955
0.077794
0.067980
0.094562
0.058784
0.073301
0.095087
0.076355
0.068851
0.082362
0.091453
0.069295
0.066300
0.072330
0.055464
0.092035
0.088971
0.075086
0.066950
0.079819
0.102411
0.096973
0.104053
0.094976
0.068282
0.070807
0.064243
0.059945
0.083195
0.072637
0.065429
0.076758
0.083002
0.072805
0.072039
0.053391
0.060830
0.060236
0.069444
0.078965
0.084321
0.076517
0.071678
0.058162
0.081203
0.062914
0.065729
0.071586
0.066352
0.052370
0.076506
0.071326
0.047787
0.069354
0.060064
0.079336
0.082912
0.077522
0.105005
0.104237
0.107529
0.077057
0.077288
0.070588
0.061387
0.063051
0.059869
0.079640
0.074776
0.082564
0.109312
0.070516
0.063087
0.065535
0.064076
0.065577
0.070843
0.079151
0.085635
0.069266
0.092832
0.059706
0.073894
0.070197
0.059028
0.073152
0.082999
0.074906
0.080256
0.074897
0.089152
0.056833
0.059936
0.047611
0.071596
0.055333
0.069983
0.060175
0.067365
0.058165
0.075311
0.045551
0.066876
0.078218
0.083028
0.061011
0.054786
0.061277
0.065326
0.080102
0.104994
0.059313
0.046815
0.054378
0.067043
0.071726
0.065315
0.065140
0.054053
0.068911
0.088583
0.061620
0.073486
0.053805
0.058140
0.071475
0.052972
0.051564
0.057327
0.073528
0.079785
0.061887
0.101122
0.100964
0.081558
0.063528
0.071362
0.108986
0.136073
0.072880
0.069970
0.062505
0.055411
0.094411
0.079758
0.057168
0.059984
0.060498
0.069300
0.080193
0.090708
0.078549
0.066153
0.075342
0.098504
0.132466
0.092972
0.082309
0.077700
0.089756
0.088230
0.083639
0.075781
0.085938
0.087840
0.078085
0.063085
0.090314
0.075580
0.065905
0.096553
0.104874
0.077428
0.101864
0.067002
0.075277
0.071534
0.100878
0.080007
0.094140
0.092696
0.069654
0.059884
0.071259
0.060688
0.075986
0.077402
0.097180
0.085799
0.056895
0.091968
0.079427
0.079232
0.085517
0.092088
0.091373
0.064224
0.071948
0.068455
0.059702
0.086554
0.067141
0.054816
0.062032
0.057527
0.071894
0.083328
0.069888
0.077716
0.072289
0.077270
0.051726
0.060484
0.062096
0.073350
0.078341
0.079229
0.087334
0.086384
0.092964
0.094674
0.070086
0.084815
0.064047
0.077964
0.075275
0.090645
0.072589
0.057791
0.050723
0.077950
0.058722
0.081260
0.110898
0.073455
0.086228
0.070694
0.094043
0.054162
0.063188
0.082983
0.069342
0.053261
0.048989
0.065808
0.102193
0.066870
0.068620
0.070275
0.082704
0.088715
0.056247
0.076038
0.073632
0.070364
0.058589
0.064304
0.089047
0.079747
0.059103
0.131301
0.083012
0.068478
0.070222
0.104505
0.085792
0.062323
0.073553
0.066603
0.064145
0.099566
0.089999
0.081274
0.065304
0.055253
0.074043
0.059176
0.054335
0.053078
0.055951
0.094791
0.065209
0.054574
0.063779
0.051600
0.064978
0.060793
0.071158
0.046489
0.083563
0.089058
0.054009
0.061001
0.069510
0.055627
0.066716
0.070023
0.115580
0.083201
0.090996
0.109303
0.115638
0.059710
0.066504
0.065621
0.102818
0.077814
0.099526
0.093091
0.072688
0.083214
0.073453
0.094742
0.062994
0.101073
0.093559
0.063170
0.073317
0.059981
0.058025
0.079722
0.080626
0.063183
0.086686
0.057891
0.075447
0.095916
0.067571
0.065495
0.050421
0.103546
0.102951
0.089397
0.077276
0.079268
0.079182
0.063671
0.081495
0.058697
0.072804
0.103944
0.084490
0.050052
0.055287
0.065141
0.055883
0.060440
0.065009
0.072803
0.077525
0.108313
0.062495
0.074061
0.085987
0.093874
0.059271
0.051681
0.072003
0.072235
0.089999
0.078748
0.054682
0.049051
0.060481
0.057941
0.075116
0.054940
0.085953
0.064135
0.085259
0.089240
0.125541
0.078116
0.090645
0.067844
0.051419
0.076013
0.071227
0.044414
0.052176
0.073228
0.046297
0.050756
0.051710
0.062719
0.086400
0.061180
0.060333
0.074910
0.071742
0.099889
0.088189
0.058096
0.095716
0.045707
0.077863
0.067963
0.051811
0.044734
0.063539
0.089007
0.069963
0.060249
0.076521
0.070324
0.062581
0.055275
0.064147
0.061062
0.063775
