1.791280
0.084404
0.045084
0.080695
0.074461
0.079212
0.093472
0.080545
0.096507
0.085597
0.089719
0.075086
0.056879
0.043764
0.055704
0.056872
0.054570
0.068477
0.080701
0.071980
0.086353
0.076311
0.084072
0.050028
0.065352
0.070179
0.047143
0.063549
0.064247
0.060906
0.056645
0.073397
0.059493
0.066267
0.073455
0.051800
0.070771
0.091533
0.060052
0.059832
0.079103
0.069317
0.079354
0.079776
0.048480
0.045461
0.106556
0.072876
0.071220
0.083440
0.099973
0.073621
0.042497
0.063702
0.078864
0.070021
0.063017
0.058156
0.060678
0.066890
0.073506
0.054262
0.033566
0.069225
0.061337
0.073401
0.116949
0.071644
0.039318
0.052826
0.068454
0.046117
0.050534
0.054741
0.077799
0.084557
0.091024
0.081254
0.076832
0.054178
0.059373
0.055358
0.055071
0.041080
0.068904
0.055821
0.062524
0.080659
0.063365
0.068068
0.091540
0.100672
0.065207
0.074739
0.080170
0.087486
0.073691
0.070367
0.070853
0.070749
0.059370
0.098933
0.077168
0.059348
0.080053
0.064878
0.060053
0.062347
0.067093
0.066396
0.101339
0.077331
0.069235
0.048887
0.075328
0.072412
0.071152
0.053095
0.063754
0.052131
0.077713
0.120377
0.065446
0.065409
0.049315
0.043520
0.060230
