1.776296
0.087554
0.065503
0.079817
0.064357
0.089195
0.084882
0.063217
0.069818
0.058721
0.091204
0.060512
0.059947
0.051165
0.065612
0.064659
0.063053
0.077447
0.051525
0.061504
0.076570
0.067966
0.088599
0.063645
0.050220
0.054127
0.043795
0.065209
0.065750
0.064549
0.064397
0.065688
0.051089
0.049732
0.063901
0.048371
0.072271
0.064303
0.061797
0.054741
0.088789
0.054701
0.070291
0.041926
0.048025
0.052794
0.063650
0.049931
0.071237
0.078175
0.089089
0.073640
0.097738
0.065773
0.052644
0.051250
0.065174
0.056602
0.056625
0.081201
0.096689
0.062571
0.065622
0.090695
0.060306
0.063148
0.095401
0.094491
0.052735
0.064210
0.072062
0.117153
0.051730
0.046938
0.056936
0.057466
0.065455
0.061047
0.056524
0.063697
0.090925
0.080474
0.067388
0.052074
0.050591
0.061584
0.061730
0.073748
0.080996
0.055888
0.112358
0.066873
0.109891
0.058682
0.054995
0.064442
0.082608
0.076705
0.093560
0.056756
0.093757
0.056090
0.099637
0.086522
0.069816
0.064270
0.063389
0.052608
0.051142
0.052754
0.076204
0.062960
0.071364
0.058663
0.046504
0.054026
0.059648
0.119025
0.089356
0.064651
0.084206
0.060773
0.055777
0.071470
0.057500
0.082169
0.065962
0.060071
0.070619
0.055642
0.080506
0.042747
0.053931
0.102209
0.062075
0.046069
0.065959
0.059692
0.074184
0.057006
0.087997
0.051580
0.062588
0.051460
0.056862
0.078740
0.059513
0.087556
0.073613
0.051810
0.089967
0.058036
0.076239
0.062540
0.062995
0.063416
0.075457
0.057319
0.080277
0.080572
0.080949
0.064047
0.096737
0.052183
0.056190
0.058099
0.057208
0.055345
0.060932
0.062579
0.127615
0.069708
0.064538
0.050440
0.058305
0.049188
0.058481
0.048214
0.054748
0.050600
0.086786
0.053291
0.066690
0.067394
0.068155
0.079004
0.042139
0.065876
0.060549
0.056764
0.067516
0.105566
0.072015
0.066819
0.045397
0.046240
0.046678
0.048567
0.056613
0.066192
0.068549
0.106448
0.079958
0.082753
0.140115
0.070723
0.086918
0.055854
0.072959
0.072922
0.078954
0.075197
0.065369
0.060196
0.042384
0.059649
0.048018
0.096822
0.089072
0.063449
0.099660
0.067644
0.064064
0.062894
0.111730
0.056340
0.064087
0.062011
0.071726
0.059953
0.071177
0.075911
0.049354
0.053965
0.067183
0.066792
0.051179
0.067754
0.074858
0.050335
0.067287
0.071512
0.052095
0.055634
0.052742
0.049692
0.049379
0.061862
0.059729
0.072243
0.082506
0.054859
0.053241
0.051344
0.046145
0.092160
0.140554
0.073741
0.114385
0.090246
0.075309
0.067292
0.061104
0.058671
0.084648
0.059937
0.101084
0.055441
0.057367
0.061928
0.082364
0.092957
0.070478
0.054939
0.100590
0.095610
0.084887
0.082884
0.058528
0.055399
0.084522
0.057965
0.079135
0.092796
0.051709
0.050982
0.062468
0.060698
0.063993
0.054789
0.091125
0.058503
0.102530
0.057529
0.055238
0.073105
0.052288
0.047695
0.059816
0.055169
0.111024
0.073265
0.056203
0.067967
0.050592
0.066960
0.069958
0.058353
0.056188
0.073626
0.075001
0.065553
0.056233
0.072974
0.052071
0.061207
0.071275
0.055215
0.081894
0.057644
0.085608
0.077492
0.066279
0.069422
0.056500
0.057733
0.086253
0.067200
0.062193
0.077796
0.066917
0.058506
0.079238
0.058441
0.062715
0.059647
0.049595
0.056257
0.056933
0.054353
0.096872
0.061659
0.059286
0.090266
0.053800
0.067905
0.041152
0.050968
0.052325
0.059415
0.073476
0.059573
0.053276
0.050754
0.057230
0.083831
0.096073
0.089531
0.076332
0.054894
0.105618
0.088361
0.049777
0.061764
0.048576
0.047250
0.055696
0.064814
0.060275
0.070827
0.080613
0.118249
0.088143
0.057644
0.058869
0.051283
0.071196
0.069447
0.094952
0.087752
0.067343
0.059887
0.065338
0.067587
0.074593
0.063442
0.076841
0.090342
0.083340
0.053581
0.081938
0.058926
0.049800
0.094270
0.074121
0.066289
0.071616
0.058022
0.066346
0.062253
0.069309
0.080374
0.072465
0.069267
0.063273
0.064168
0.054595
0.059461
0.059723
0.060871
0.090947
0.068324
0.066976
0.062402
0.057877
0.047568
0.053417
0.064823
0.068767
0.067650
0.074773
0.066141
0.051850
0.056792
0.044739
0.041345
0.051966
0.055931
0.053039
0.066166
0.071049
0.078087
0.092640
0.078685
0.071897
0.089142
0.068309
0.075409
0.087798
0.061399
0.094203
0.054582
0.064852
0.042462
0.047616
0.067205
0.065680
0.048742
0.050040
0.077321
0.093957
0.050791
0.050168
0.060362
0.056319
0.054127
0.059234
0.065278
0.081625
0.051645
0.073754
0.066673
0.085591
0.080237
0.067460
0.045156
0.044867
0.056839
0.055295
0.039811
0.096528
0.049532
0.050699
0.050261
0.055784
0.054608
0.056921
0.051214
0.049066
0.053468
0.100990
0.046643
0.055185
0.097222
0.070850
0.086042
0.090076
0.063407
0.050453
0.073561
0.086473
0.051389
0.049392
0.067914
0.065615
0.071112
0.069825
0.073357
0.066530
0.056356
0.072750
0.049496
0.059429
0.056209
0.060859
0.081779
0.060407
0.068949
0.077367
0.046046
0.082789
0.055509
0.094425
0.057759
0.057962
0.083140
0.065811
0.104298
0.063223
0.063835
0.076326
0.063014
0.062712
0.055232
0.048772
0.054902
0.056790
0.078796
0.059131
0.069739
0.083775
0.061224
0.061829
0.071016
0.060703
0.053234
0.061445
0.052742
0.071164
0.063783
0.109458
0.072143
0.078496
0.081433
0.090420
0.079548
0.072545
0.051147
0.063082
0.062251
0.104356
0.095510
0.061492
0.051992
0.056161
0.051281
0.058928
0.062397
0.090579
0.062691
0.092946
0.070034
0.073459
0.095649
0.082392
0.085781
0.040956
0.041803
0.091337
0.057660
0.109301
0.058988
0.064795
0.067359
0.064076
0.052204
0.046283
0.064119
0.048571
0.064963
0.104016
0.055809
0.060789
0.062672
0.050964
0.047207
0.064080
0.070747
0.065134
0.048827
0.080456
0.061277
0.054843
0.046711
0.094379
0.063295
0.056036
0.062310
0.086764
0.048878
0.071124
0.046118
0.060948
0.060715
0.041741
0.067997
0.057140
0.071254
0.068691
0.049013
0.074074
0.069166
0.050390
0.065146
0.063196
0.058694
0.045992
0.061891
0.068269
0.068380
0.094086
0.061608
0.061267
0.057554
0.060475
0.096629
0.052677
0.044548
0.063671
0.071562
0.081360
0.070312
0.059286
0.078966
0.062253
0.069976
0.090245
0.092202
0.068220
0.083658
0.111278
0.056792
0.074151
0.072038
0.073752
0.064930
0.067032
0.051428
0.049898
0.045220
0.085738
0.055298
0.056522
0.067322
0.075086
0.052274
0.052233
0.064707
0.057793
0.060530
0.080079
0.081199
0.058609
0.056378
0.058712
0.060864
0.058983
0.048467
0.044716
0.061430
0.091270
0.058550
0.046558
0.064559
0.063757
0.058131
0.065199
0.076223
0.066506
0.075971
0.075778
0.041505
0.067802
0.077229
0.045717
0.105389
0.088378
0.074155
0.055218
0.065418
0.086175
0.058668
0.069601
0.088737
0.060220
0.102718
0.077698
0.050228
0.067534
0.054832
0.122723
0.076415
0.080541
0.085581
0.068429
0.062214
0.099254
0.065370
0.107599
0.058086
0.103865
0.048934
0.044842
0.079337
0.056460
0.054594
0.052948
0.065845
0.089304
0.066430
0.071635
0.063804
0.048748
0.064593
0.063747
0.053002
0.090782
0.076236
0.061548
0.056004
0.134007
0.051869
0.063187
0.064111
0.052977
0.082798
0.077500
0.083458
0.079142
0.068373
0.067550
0.066977
0.066973
0.046512
0.048394
0.068158
0.054049
0.089805
0.062092
0.045762
0.072525
0.071078
0.050745
0.055972
0.057136
0.052383
0.066266
0.080155
0.058194
0.061801
0.075736
0.056236
0.070581
0.061569
0.047174
0.051328
0.069591
0.044758
0.065502
0.078277
0.087701
0.051939
0.066599
0.048231
0.065722
0.057491
0.069923
0.058509
0.041327
0.064986
0.104802
0.064627
0.077075
0.053633
0.062449
0.059891
0.054604
0.044435
0.055247
0.055054
0.082829
0.074695
0.056017
0.054837
0.069884
0.047153
0.058713
0.056066
0.050514
0.068628
0.085907
0.049802
0.057030
0.082325
0.054938
0.070621
0.062980
0.066758
0.071538
0.087065
0.068044
0.052351
0.055529
0.050057
0.046927
0.061675
0.066387
0.052353
0.068281
0.075449
0.067326
0.051749
0.072668
0.064055
0.054796
0.074651
0.094649
0.088990
0.099078
0.067140
0.094552
0.050373
0.038735
0.044698
0.054196
0.116859
0.095565
0.058377
0.069621
0.091568
0.076059
0.081319
0.076637
0.064505
0.073818
0.125102
0.057022
0.055645
0.078069
0.061370
0.102818
0.063250
0.063067
0.077044
0.052092
0.066346
0.054850
0.055518
0.049824
0.090130
0.081607
0.053649
0.047466
0.056449
0.064472
0.068779
0.054147
0.072331
0.064469
0.050960
0.073699
0.060177
0.071394
0.056439
0.100386
0.062713
0.091224
0.048402
0.068606
0.060253
0.091176
0.057421
0.062311
0.057157
0.058422
0.060744
0.074995
0.071123
0.055816
0.046699
0.065647
0.051205
0.057771
0.062382
0.058673
0.069030
0.063772
0.065503
0.043181
0.058664
0.067932
0.056749
0.048281
0.057153
0.055533
0.051910
0.052931
0.062902
0.050955
0.054311
0.077938
0.052974
0.053028
0.074276
0.066831
0.087041
0.081842
0.084695
0.053709
0.063408
0.068618
0.055198
0.076919
0.068714
0.085833
0.048682
0.067193
0.060134
0.053362
0.057989
0.074640
0.053014
0.054441
0.053667
0.063171
0.073266
0.069896
0.067504
0.062799
0.053269
0.088208
0.060737
0.075863
0.051867
0.071358
0.077585
0.070361
0.054574
0.068901
0.099468
0.088971
0.074334
0.061069
0.092969
0.068748
0.065861
0.061729
0.070405
0.086589
0.046180
0.106980
0.073033
0.065240
0.073946
0.060356
0.058535
0.066225
0.052417
0.054327
0.058290
0.072937
0.058796
0.070244
0.054270
0.068777
0.063545
0.071480
0.077064
0.054843
0.051200
0.066206
0.058657
0.055569
0.064929
0.077815
0.067206
0.065409
0.079635
0.068335
0.084138
0.098711
0.065735
0.068784
0.055342
0.044157
0.076252
0.063778
0.077523
0.060356
0.059599
0.075301
0.057935
0.055531
0.069555
0.064031
0.051932
0.055874
0.071394
0.076417
0.068930
0.077712
0.053443
0.061741
0.068565
0.086046
0.084998
0.063422
0.072239
0.055581
0.061086
0.077075
0.056617
0.062518
0.070281
0.076059
0.065288
0.063232
0.048496
0.084152
0.074368
0.079812
0.069217
0.051214
0.064002
0.066811
0.063567
0.094937
0.095633
0.071951
0.057439
0.103200
0.061235
0.078861
0.070251
0.076072
0.091132
0.098855
0.098965
0.063893
0.064311
0.075644
0.073272
0.055437
0.065724
0.070619
0.062940
0.049887
0.066407
0.075530
0.069524
0.067526
0.072448
0.070030
0.066597
0.066509
0.063496
0.055762
0.060600
0.072619
0.043694
0.076006
0.056430
0.065820
0.071797
0.068071
0.078559
0.071666
0.066993
0.061642
0.055413
0.075119
0.052804
0.063710
0.061288
0.057627
0.082134
0.049334
0.076844
0.063431
0.064520
0.084643
0.089241
0.087981
0.063433
0.051587
0.058910
0.104173
0.049056
0.049252
0.064371
0.079589
0.075013
0.059328
0.060347
0.053687
0.044235
0.070528
0.082867
0.074588
0.063037
0.072776
0.097203
0.062491
0.052523
0.068470
0.093528
0.074487
0.092073
0.073916
0.048521
0.067975
0.064798
0.063639
0.064838
0.082956
0.069566
0.099910
0.067328
0.070854
0.055360
0.083641
0.118424
0.072130
0.060240
0.052862
0.051245
0.073729
0.069573
0.064919
0.053864
0.075781
0.087402
0.081149
0.056237
0.097552
0.061520
0.067652
0.059266
0.067563
0.059911
0.074399
0.067845
0.086399
0.050950
0.072184
0.067071
0.063490
0.103274
0.079947
0.075683
0.085429
0.064641
0.040979
0.051412
0.088120
0.070737
0.071168
0.051883
0.066013
0.081796
0.081697
0.051580
0.056069
0.075609
0.043850
0.057989
0.095542
0.056389
0.112567
0.078716
0.091261
0.096397
0.065130
0.089941
0.043761
0.060648
0.083048
0.079407
0.087998
0.058540
0.076976
0.058262
0.113451
0.076222
0.082083
0.073627
0.064557
0.065548
0.069104
0.074916
0.084712
0.059973
0.070774
0.049378
0.077639
0.067495
0.060594
0.070251
0.065978
0.065446
0.081373
0.064509
0.071325
0.065665
0.046167
0.050166
0.062084
0.061060
0.062268
0.040160
0.088286
0.060300
0.052751
0.071047
0.094803
0.068055
0.050887
0.050612
0.053140
0.068116
0.085857
0.051113
0.058700
0.058638
0.055993
0.063575
0.073858
0.081411
0.064154
0.060057
0.067018
0.065901
0.098516
0.066047
0.083499
0.066822
0.065235
0.057570
0.052834
0.064804
0.079426
0.043156
0.061277
0.071435
0.101205
0.067377
0.059056
0.059965
0.067737
0.061006
0.082679
0.072761
0.066981
0.052443
0.071719
0.062069
0.054222
0.044891
0.054416
0.056411
0.100166
0.078575
0.070567
0.066996
0.071759
0.081852
0.076718
0.064443
0.052477
0.064145
0.081515
0.063914
0.063290
0.071213
0.067129
0.054888
0.057684
0.093387
0.079443
0.061156
0.065581
0.076584
0.068404
0.070200
0.074909
0.064780
0.068692
0.068932
0.062849
0.052425
0.103871
0.109829
0.063226
0.059916
0.049254
0.052042
0.054142
0.065313
0.061661
0.055478
0.078663
0.064100
0.057267
0.056053
0.092085
0.045228
0.062148
0.061563
0.056163
0.070938
0.077562
0.041238
0.088648
0.062102
0.066613
0.055130
0.065693
0.053838
0.059337
0.051380
0.101517
0.060491
0.049232
0.050608
0.100420
0.069442
0.049317
0.061810
0.073523
0.047460
0.079094
0.062603
0.079435
0.055098
0.062387
0.062448
0.072343
0.071427
0.067556
0.057971
0.075088
0.077437
0.057833
0.062508
0.058969
0.045129
0.055501
0.055998
0.063154
0.069748
0.089551
0.097407
0.056337
0.064984
0.068002
0.051036
0.064746
0.045908
0.049372
0.063535
0.068817
0.125009
0.054221
0.058824
0.070374
0.047472
0.052413
0.082786
0.063132
0.054458
0.069399
0.078406
0.059750
0.102332
0.049759
0.042590
0.057532
0.058682
0.065651
0.078291
0.096200
0.077780
0.047805
0.066920
0.065165
0.067446
0.064779
0.085015
0.063424
0.071030
0.089311
0.052536
0.076898
0.062868
0.060521
0.061921
0.059739
0.085493
0.073771
0.053705
0.085330
0.051819
0.062214
0.067602
0.071914
0.086956
0.050671
0.075527
0.054646
0.056635
0.059087
0.060056
0.071194
0.068125
0.051978
0.059500
0.055009
0.073731
0.063512
0.051089
0.088948
0.050116
0.069022
0.087138
0.087745
0.075994
0.070084
0.087064
0.070694
0.060394
0.083811
0.057456
0.054516
0.058921
0.054985
0.092911
0.056585
0.098675
0.075500
0.054361
0.085898
0.065544
0.062301
0.074892
0.073800
0.100505
0.086365
0.089419
0.093428
0.068522
0.097507
0.064523
0.061186
0.062112
0.050941
0.045590
0.055784
0.052166
0.065119
0.058152
0.077888
0.062749
0.073675
0.052256
0.047836
0.085305
0.087951
0.069986
0.055190
0.064972
0.106265
0.090871
0.067531
0.044296
0.062697
0.063836
0.059170
0.073394
0.057159
0.063585
0.082228
0.086051
0.071173
0.084923
0.057815
0.081692
0.081503
0.080318
0.050322
0.066068
0.074057
0.055938
0.071284
0.073522
0.055295
0.057634
0.072933
0.063235
0.087664
0.058106
0.077888
0.068246
0.069494
0.064678
0.058371
0.057453
0.060733
0.084286
0.074162
0.059404
0.075564
0.116443
0.074406
0.091601
0.078035
0.049960
0.071142
0.065430
0.077759
0.056797
0.084973
0.063397
0.062478
0.051213
0.096844
0.068234
0.058207
0.046099
0.059990
0.061234
0.084293
0.063643
0.064574
0.059159
0.051344
0.060128
0.061564
0.088358
0.060823
0.074925
0.062048
0.063098
0.053535
0.056077
0.056852
0.049397
0.062549
0.071728
0.108828
0.057893
0.074294
0.066782
0.060581
0.095677
0.070749
0.047976
0.073338
0.080946
0.060268
0.082257
0.062772
0.071481
0.051808
0.049623
0.054328
0.062035
0.049525
0.065426
0.059816
0.058012
0.085092
0.073840
0.068231
0.080994
0.052506
0.060658
0.079769
0.054456
0.054996
0.062337
0.082431
0.053984
0.058631
0.137546
0.066759
0.084957
0.070554
0.060007
0.059202
0.065917
0.095375
0.066262
0.073939
0.059195
0.089983
0.065781
0.059948
0.078121
0.069527
0.069889
0.087515
0.100298
0.054543
0.053306
0.063433
0.072778
0.056515
0.063174
0.062081
0.075028
0.089206
0.081044
0.059773
0.104476
0.069794
0.061729
0.115095
0.057700
0.067730
0.059756
0.097115
0.075886
0.052544
0.106477
0.078242
0.052650
0.073294
0.070359
0.054786
0.052695
0.076568
0.055991
0.057409
0.052297
0.085157
0.057818
0.075305
0.068951
0.064394
0.057859
0.095707
0.056457
0.068646
0.053237
0.059352
0.057099
0.061593
0.057010
0.065837
0.059192
0.092968
0.075675
0.067244
0.062549
0.050171
0.077425
0.078697
0.053610
0.057272
0.048226
0.073869
0.094435
0.047852
0.048886
0.062776
0.057668
0.048908
0.045045
0.111340
0.091107
0.098258
0.060275
0.063998
0.049509
0.058353
0.059042
0.061305
0.082666
0.069822
0.067360
0.082062
0.072549
0.059044
0.055132
0.074234
0.064358
0.066299
0.063232
0.069800
0.106977
0.090509
0.069050
0.083962
0.056532
0.099168
0.087455
0.059116
0.054529
0.061702
0.047692
0.078885
0.074075
0.059144
0.054849
0.064232
0.061394
0.060429
0.057208
0.072445
0.048579
0.091422
0.081445
0.059846
0.052089
0.048312
0.087578
0.049798
0.056848
0.060974
0.047994
0.097113
0.095604
0.064392
0.062164
0.052766
0.067290
0.061080
0.076606
0.070050
0.063821
0.139013
0.089391
0.067875
0.091120
0.078460
0.069987
0.068754
0.041936
0.073977
0.080651
0.091368
0.088740
0.093527
0.077566
0.070497
0.071381
0.069359
0.089251
0.057827
0.058161
0.092624
0.059620
0.059021
0.051183
0.087867
0.062109
0.051051
0.045618
0.064648
0.062328
0.090767
0.051584
0.055533
0.106402
0.090923
0.057228
0.065697
0.083580
0.057114
0.105773
0.084443
0.098232
0.076239
0.077946
0.065182
0.075098
0.060349
0.056700
0.054875
0.091727
0.087324
0.066602
0.075314
0.066725
0.058590
0.074273
0.074673
0.059589
0.067271
0.064214
0.077678
0.077451
0.061117
0.094146
0.079258
0.056558
0.073543
0.057994
0.099471
0.091917
0.110605
0.116626
0.066338
0.049376
0.074832
0.059259
0.088082
0.053168
0.096804
0.055415
0.081486
0.062032
0.074732
0.064409
0.049429
0.059178
0.063320
0.145272
0.085847
0.060290
0.083825
0.049956
0.059654
0.053594
0.060074
0.061903
0.059430
0.070979
0.049679
0.065794
0.091402
0.075965
0.065089
0.072222
0.052203
0.075644
0.074838
0.057956
0.101888
0.101939
0.068490
0.067360
0.060767
0.064256
0.097637
0.096910
0.063760
0.059266
0.055254
0.059581
0.096577
0.085166
0.053183
0.058278
0.056567
0.062593
0.093453
0.079559
0.056733
0.051911
0.081267
0.049557
0.068865
0.062428
0.056904
0.079135
0.055162
0.058321
0.073644
0.053772
0.087117
0.058088
0.097282
0.055179
0.065265
0.051182
0.047434
0.071535
0.058489
0.055585
0.072447
0.071701
0.076484
0.062451
0.055326
0.054370
0.054731
0.065491
0.063040
0.069798
0.106814
0.062186
0.065331
0.080856
0.093174
0.085820
0.102317
0.052594
0.073938
0.051665
0.071561
0.063742
0.055687
0.068795
0.062720
0.059038
0.058031
0.093329
0.071234
0.051980
0.102438
0.073972
0.065518
0.070608
0.060727
0.109849
0.066913
0.076159
0.057022
0.053711
0.079080
0.074438
0.074495
0.041774
0.087258
0.076741
0.058366
0.062042
0.060246
0.046511
0.093967
0.069582
0.072716
0.062971
0.068037
0.055817
0.053236
0.060672
0.104331
0.073458
0.076108
0.069142
0.075843
0.085857
0.085040
0.073830
0.075716
0.067472
0.055467
0.069225
0.083908
0.046619
0.078460
0.078667
0.082780
0.080472
0.084292
0.069685
0.052581
0.070622
0.083700
0.074028
0.069226
0.064955
0.086143
0.086682
0.066468
0.088564
0.084507
0.072404
0.082264
0.071957
0.057118
0.054194
0.060203
0.063329
0.059967
0.052736
0.071604
0.068361
0.077119
0.076504
0.070471
0.067211
0.081844
0.062601
0.061007
0.052063
0.054105
0.039923
0.068564
0.064467
0.134943
0.072000
0.058696
0.065783
0.061433
0.062577
0.083783
0.053612
0.075340
0.051685
0.059692
0.056348
0.046192
0.067345
0.055838
0.086898
0.106998
0.101622
0.072803
0.065557
0.075835
0.073608
0.108522
0.075535
0.065089
0.077852
0.059986
0.082042
0.074288
0.060607
0.060607
0.041614
0.068621
0.089116
0.073278
0.076775
0.064265
0.064581
0.089983
0.054846
0.074821
0.083269
0.083722
0.062948
0.072875
0.064100
0.079317
0.071185
0.071241
0.065484
0.064567
0.079284
0.093349
0.081611
0.039322
0.048548
0.057557
0.064730
0.090050
0.051506
0.081524
0.067483
0.060342
0.067523
0.077026
0.063662
0.070650
0.067775
0.083548
0.073281
0.092454
0.063779
0.048928
0.046965
0.077513
0.069940
0.071518
0.067085
0.084043
0.099859
0.076425
0.071246
0.048586
0.051168
0.051429
0.071799
0.071975
0.087272
0.076416
0.093741
0.099919
0.083704
0.059480
0.078123
0.058529
0.076618
0.054647
0.073225
0.088738
0.082325
0.064263
0.066799
0.072797
0.063461
0.075731
0.040999
0.071356
0.049793
0.075453
0.085886
0.072505
0.074803
0.060918
0.060014
0.055090
0.051161
0.063402
0.065088
0.074101
0.061711
0.060622
0.047784
0.056123
0.054917
0.062215
0.059762
0.061747
0.058920
0.112246
0.060935
0.047764
0.062131
0.059225
0.056592
0.049066
0.045944
0.052771
0.059395
0.090890
0.049978
0.077102
0.074030
0.058546
0.050059
0.060522
0.062201
0.064750
0.054999
0.074848
0.071160
0.066967
0.070993
0.097696
0.064309
0.061299
0.054169
0.063810
0.090500
0.068527
0.126350
0.067308
0.069403
0.061116
0.066885
0.047209
0.063755
0.056523
0.072867
0.087819
0.073839
0.050421
0.075071
0.055170
0.068087
0.070832
0.061039
0.050602
0.068312
0.091400
0.072096
0.068353
0.062460
0.075569
0.069115
0.085953
0.085602
0.071645
0.124273
0.061968
0.051390
0.064301
0.074130
0.079082
0.052770
0.058369
0.078566
0.069142
0.065665
0.086173
0.054414
0.064017
0.071233
0.040416
0.069300
0.086635
0.064561
0.074111
0.045491
0.065465
0.051193
0.060120
0.062666
0.056458
0.069572
0.078994
0.048174
0.063038
0.068675
0.089139
0.072726
0.077728
0.091136
0.117241
0.067376
0.066740
0.059945
0.051634
0.115952
0.121549
0.063347
0.061139
0.065270
0.102080
0.057107
0.099098
0.056883
0.060598
0.059321
0.079652
0.051745
0.082249
0.062560
0.059495
0.064413
0.060833
0.057158
0.053133
0.060134
0.087651
0.077060
0.081733
0.096853
0.054433
0.073790
0.067155
0.057832
0.086216
0.081844
0.084774
0.061150
0.077929
0.079054
0.065599
0.138247
0.067573
0.076065
0.049694
0.050628
0.087787
0.052341
0.057893
0.042912
0.062082
0.052899
0.066586
0.065889
0.059854
0.042761
0.094378
0.085624
0.052991
0.049067
0.067063
0.106982
0.065923
0.059884
0.058986
0.047552
0.080413
0.090207
0.047204
0.064365
0.064257
0.066534
0.062768
0.057667
0.070964
0.052322
0.077441
0.079930
0.043402
0.044185
0.086524
0.073008
0.099344
0.094385
0.064794
0.049320
0.084006
0.078291
0.053041
0.058545
0.061405
0.061823
0.079316
0.077762
0.065388
0.066927
0.099834
0.061778
0.059212
0.065795
0.063900
0.070055
0.057225
0.057332
0.075021
0.057226
0.091011
0.071900
0.050511
0.063695
0.074372
0.086607
0.093566
0.071161
0.071820
0.067041
0.092957
0.053396
0.057435
0.071543
0.067519
0.051961
0.058786
0.066373
0.062753
0.049356
0.086831
0.100224
0.060087
0.059619
0.059466
0.061245
0.063478
0.065393
0.086277
0.068272
0.086559
0.059590
0.072493
0.050459
0.063019
0.067870
0.059657
0.061861
0.059793
0.065082
0.087203
0.076995
0.066916
0.053903
0.058226
0.058215
0.050543
0.045778
0.049964
0.075233
0.098437
0.065505
0.050970
0.083319
0.056841
0.063858
0.057455
0.055178
0.055972
0.069577
0.096407
0.053524
0.104134
0.058966
0.059611
0.056143
0.035262
0.052714
0.068629
0.060338
0.093196
0.079641
0.055965
0.059234
0.078174
0.066064
0.046820
0.062156
0.053809
0.060255
0.083375
0.062751
0.064748
0.052244
0.065526
0.059009
0.053205
0.104280
0.052405
0.068374
0.078276
0.056788
0.069610
0.062127
0.060982
0.073133
0.073781
0.056305
0.045262
0.066199
0.077674
0.087858
0.067661
0.066991
0.078476
0.120568
0.065382
0.061816
0.058312
0.057850
0.073431
0.054996
0.048725
0.076143
0.061479
0.095995
0.069684
0.074860
0.076656
0.059174
0.073569
0.056985
0.053552
0.067914
0.055207
0.102617
0.076236
0.098806
0.079374
0.058513
0.064294
0.055031
0.048165
0.048812
0.051621
0.045724
0.050205
0.055830
0.077027
0.101448
0.095068
0.066802
0.058218
0.058287
0.061956
0.107723
0.059295
0.070670
0.050814
0.050911
0.080863
0.056746
0.063702
0.066625
0.058270
0.043983
0.068292
0.070552
0.049035
0.056415
0.083432
0.050257
0.053143
0.047041
0.069894
0.056977
0.065138
0.055191
0.100483
0.056408
0.075574
0.075056
0.083099
0.060322
0.053551
0.066105
0.051991
0.067436
0.090533
0.067258
0.096211
0.102141
0.041653
0.062391
0.084606
0.069005
0.108827
0.067059
0.074140
0.082604
0.089917
0.072069
0.063687
0.089352
0.059891
0.062712
0.071281
0.063354
0.074665
0.053396
0.101881
0.091314
0.066745
0.077955
0.062274
0.090528
0.065367
0.076844
0.067739
0.065755
0.102065
0.122355
0.067006
0.065686
0.065760
0.053275
0.063947
0.065303
0.064180
0.063875
0.072233
0.058968
0.063766
0.062060
0.067096
0.057414
0.053322
0.054833
0.058371
0.063828
0.084805
0.051083
0.075197
0.069302
0.055677
0.071118
0.075957
0.066648
0.053678
0.054346
0.105790
0.053073
0.071356
0.056634
0.069101
0.079017
0.071653
0.051611
0.057765
0.065037
0.060478
0.038188
0.058892
0.069790
0.057971
0.102575
0.096075
0.054346
0.078052
0.079167
0.103150
0.074463
0.060182
0.042504
0.062513
0.063154
0.061690
0.061121
0.062785
0.057147
0.091711
0.077151
0.081303
0.060616
0.053070
0.094468
0.087873
0.064619
0.076504
0.050905
0.070980
0.069879
0.080778
0.073634
0.057625
0.054882
0.045296
0.075323
0.060159
0.065231
0.077363
0.091581
0.058095
0.080729
0.066658
0.082243
0.065627
0.062556
0.045595
0.072740
0.103408
0.084540
0.071532
0.068779
0.067287
0.060061
0.056430
0.046031
0.074382
0.089221
0.096165
0.059927
0.070374
0.064709
0.070602
0.076904
0.060980
0.079729
0.076332
0.057133
0.089439
0.099584
0.080134
0.053713
0.084149
0.064015
0.075291
0.053846
0.059879
0.046116
0.079134
0.048815
0.102143
0.076081
0.079875
0.088161
0.072908
0.078360
0.080318
0.066763
0.097593
0.063971
0.065602
0.060323
0.053960
0.074075
0.061757
0.057160
0.066391
0.058593
0.062572
0.056489
0.085381
0.049003
0.095424
0.059985
0.107352
0.051269
0.056087
0.072284
0.088378
0.068549
0.046227
0.063409
0.065464
0.077140
0.067251
0.057717
0.050487
0.057120
0.131425
0.066292
0.060634
0.053244
0.055630
0.079956
0.066451
0.076970
0.080841
0.060882
0.072109
0.056285
0.058577
0.080564
0.056255
0.110563
0.063459
0.062596
0.070807
0.057475
0.085333
0.063973
0.077420
0.062342
0.058860
0.051586
0.061316
0.093250
0.080774
0.062071
0.105630
0.095002
0.068749
0.071907
0.053245
0.064691
0.114965
0.053230
0.069714
0.059539
0.078006
0.060909
0.060780
0.061139
0.078060
0.081059
0.060617
0.052685
0.062618
0.060838
0.085663
0.062716
0.047334
0.048672
0.061306
0.056884
0.062173
0.061206
0.090927
0.069797
0.078360
0.062348
0.065584
0.083279
0.061608
0.079404
0.078717
0.054058
0.094616
0.065747
0.079378
0.083717
0.064245
0.103956
0.059530
0.076184
0.085819
0.059265
0.055028
0.087466
0.078721
0.057035
0.067116
0.072162
0.081353
0.073399
0.073547
0.091866
0.061341
0.070483
0.069611
0.058805
0.063578
0.069454
0.059750
0.069366
0.071767
0.074415
0.075489
0.068202
0.084272
0.065320
0.064328
0.061648
0.063298
0.064941
0.083351
0.077067
0.068682
0.060556
0.066647
0.061579
0.061424
0.060412
0.054221
0.127019
0.072995
0.058089
0.063427
0.053204
0.104607
0.055168
0.055396
0.053102
0.075417
0.079235
0.058724
0.068944
0.064347
0.046383
0.094719
0.060117
0.051484
0.072845
0.068468
0.054096
0.053462
0.096391
0.091222
0.099463
0.100394
0.081412
0.068466
0.088261
0.082361
0.063230
0.049814
0.052688
0.059124
0.042895
0.080325
0.067446
0.060547
0.086634
0.077443
0.069744
0.109915
0.057011
0.065477
0.098306
0.094704
0.052525
0.062531
0.059330
0.059835
0.063876
0.077636
0.078018
0.058978
0.059831
0.079779
0.088248
0.055694
0.064366
0.047047
0.064425
0.096606
0.057648
0.050225
0.044544
0.080373
0.044678
0.055798
0.054791
0.065532
0.061646
0.082078
0.060962
0.061970
0.060295
0.083323
0.053509
0.067149
0.059550
0.059074
0.061456
0.077894
0.055076
0.088948
0.062725
0.075186
0.041373
0.069820
0.072001
0.062839
0.093713
0.062684
0.060133
0.057403
0.059300
0.086849
0.052856
0.045479
0.039367
0.067186
0.045241
0.071658
0.060025
0.068311
0.049985
0.088702
0.095827
0.068497
0.068610
0.074843
0.069529
0.064605
0.108911
0.066158
0.063778
0.072161
0.086260
0.053648
0.066414
0.066832
0.079334
0.108170
0.059798
0.075758
0.070438
0.087784
0.072388
0.054800
0.059116
0.074560
0.076667
0.057269
0.055138
0.073070
0.092265
0.105296
0.080484
0.062205
0.070321
0.081503
0.057405
0.073471
0.107182
0.078569
0.060825
0.110753
0.064423
0.053410
0.053177
0.068508
0.068614
0.060004
0.068483
0.064413
0.058660
0.089189
0.066203
0.088409
0.071761
0.063839
0.082997
0.090285
0.062415
0.046692
0.079064
0.114712
0.052557
0.081431
0.107651
0.066997
0.059797
0.069096
0.051829
0.070354
0.096516
0.098943
0.053576
0.062902
0.070959
0.071051
0.063438
0.063447
0.050461
0.053737
0.078535
0.079841
0.060601
0.058251
0.049640
0.057365
0.073669
0.073956
0.071738
0.099003
0.076641
0.082256
0.072588
0.056494
0.061705
0.048657
0.075443
0.052293
0.064685
0.060731
0.090771
0.087869
0.072347
0.067686
0.066426
0.068859
0.097668
0.086085
0.082241
0.054432
0.071853
0.074624
0.067337
0.065777
0.066835
0.069459
0.080034
0.082803
0.073589
0.066542
0.064459
0.117018
0.086634
0.054025
0.054116
0.051221
0.116796
0.064642
0.069498
0.054785
0.073583
0.096427
0.086823
0.066354
0.081762
0.080564
0.083541
0.060843
0.065320
0.049334
0.074429
0.111298
0.072507
0.064969
0.082208
0.058957
0.090560
0.092785
0.080682
0.075739
0.061028
0.091666
0.079954
0.092136
0.077983
0.066136
0.059404
0.051907
0.074915
0.073320
0.059435
0.083279
0.071090
0.056433
0.065732
0.061659
0.065479
0.061948
0.071985
0.053077
0.083982
0.090606
0.062656
0.065748
0.090811
0.087626
0.060240
0.051185
0.071070
0.060176
0.079672
0.094973
0.073615
0.056391
0.069238
0.054607
0.055600
0.088494
0.080057
0.098540
0.076243
0.089507
0.074978
0.075994
0.054816
0.069954
0.061453
0.086113
0.091902
0.062376
0.056451
0.098763
0.085042
0.056713
0.113102
0.052505
0.059335
0.055878
0.069850
0.116908
0.071107
0.059037
0.045621
0.053660
0.070344
0.069234
0.061341
0.055064
0.071856
0.054678
0.079929
0.076756
0.076219
0.072628
0.062819
0.048726
0.047509
0.055089
0.055426
0.054184
0.071493
0.085088
0.072773
0.074757
0.046127
0.055129
0.053775
0.058742
0.056441
0.067712
0.056360
0.080024
0.050761
0.052989
0.056269
0.065476
0.050620
0.067086
0.066451
0.058651
0.062960
0.073827
0.086504
0.064125
0.065325
0.054724
0.064301
0.052761
0.048930
0.061550
0.067096
0.071777
0.069785
0.063288
0.062574
0.059512
0.064709
0.062466
0.074679
0.056366
0.101448
0.089997
0.067273
0.061654
0.079791
0.065389
0.084233
0.078095
0.069709
0.056472
0.075181
0.085117
0.058855
0.052839
0.050833
0.060698
0.110145
0.065524
0.076554
0.058510
0.060767
0.071166
0.064624
0.072176
0.050803
0.063554
0.093322
0.076985
0.049733
0.045636
0.058958
0.074955
0.052034
0.054319
0.054307
0.050943
0.074858
0.043683
0.078357
0.050691
0.059407
0.070244
0.058844
0.080419
0.073736
0.053941
0.054429
0.067783
0.058125
0.051536
0.090264
0.095499
0.072570
0.071225
0.063222
0.071399
0.071142
0.062948
0.054883
0.063326
0.070166
0.081454
0.071868
0.062850
0.047938
0.062691
0.058555
0.043643
0.080006
0.087607
0.062888
0.075922
0.067963
0.066142
0.074363
0.074900
0.065773
0.058055
0.053768
0.063982
0.064675
0.096703
0.057488
0.068850
0.082335
0.062291
0.092516
0.059536
0.052175
0.058706
0.061102
0.093450
0.075989
0.061378
0.066819
0.049867
0.092558
0.060781
0.057127
0.063262
0.054154
0.078905
0.050641
0.058525
0.073386
0.057191
0.069710
0.080463
0.068076
0.108665
0.069725
0.090667
0.040945
0.046664
0.060658
0.068670
0.059630
0.047784
0.047601
0.093847
0.053641
0.085940
0.050797
0.064751
0.073137
0.071110
0.054718
0.092082
0.074614
0.057574
0.070629
0.083560
0.080749
0.066389
0.060923
0.051359
0.062439
0.062711
0.094309
0.065452
0.050022
0.072452
0.058230
0.084302
0.062557
0.105766
0.102073
0.093962
0.075885
0.055308
0.072989
0.068871
0.067285
0.075350
0.060666
0.051398
0.050028
0.062826
0.042240
0.070770
0.056913
0.062726
0.062295
0.044714
0.063376
0.062317
0.056716
0.056926
0.073918
0.057708
0.059067
0.061734
0.061475
0.064106
0.080485
0.080352
0.076013
0.047941
0.058773
0.067426
0.066111
0.088532
0.052366
0.086914
0.078323
0.080308
0.052340
0.073804
0.079012
0.089477
0.088636
0.099380
0.056948
0.075778
0.065190
0.060809
0.066129
0.069216
0.069653
0.071217
0.056734
0.072507
0.060485
0.078955
0.067146
0.063877
0.045100
0.052593
0.058923
0.063126
0.055015
0.086127
0.069507
0.068647
0.064818
0.052814
0.048961
0.060778
0.089459
0.084018
0.068469
0.083262
0.075004
0.055734
0.055400
0.069983
0.058769
0.061185
0.063219
0.064454
0.057017
0.090032
0.054882
0.060122
0.055902
0.073507
0.097332
0.063509
0.061854
0.067573
0.086608
0.091022
0.059508
0.046723
0.052945
0.049046
0.079324
0.078554
0.055310
0.065669
0.073079
0.083605
0.068512
0.048872
0.048106
0.059450
0.065932
0.061734
0.092967
0.070466
0.071773
0.087764
0.053595
0.065032
0.045309
0.065969
0.070160
0.068604
0.096458
0.077244
0.068777
0.069146
0.059386
0.060286
0.075592
0.064456
0.075841
0.061658
0.052571
0.080590
0.072532
0.083303
0.110051
0.083862
0.062556
0.067141
0.069488
0.039325
0.052553
0.050048
0.084617
0.131368
0.057570
0.083770
0.075476
0.066115
0.063554
0.076499
0.060702
0.081440
0.055054
0.097912
0.065513
0.062230
0.062569
0.046755
0.089951
0.072585
0.083325
0.057699
0.071945
0.079628
0.039407
0.065837
0.070252
0.053582
0.072850
0.079035
0.063145
0.059867
0.076432
0.090326
0.068867
0.059361
0.074450
0.069173
0.064271
0.062320
0.065573
0.080858
0.052829
0.081898
0.060478
0.076078
0.069507
0.056612
0.056531
0.064627
0.068393
0.062151
0.074879
0.067357
0.076329
0.059991
0.044796
0.054590
0.086252
0.075867
0.053767
0.052789
0.068157
0.072470
0.058362
0.070894
0.057318
0.058056
0.059246
0.080534
0.064821
0.062188
0.057151
0.085105
0.083795
0.068766
0.080178
0.088120
0.066687
0.083847
0.074873
0.073831
0.082011
0.148184
0.074007
0.089712
0.073639
0.065119
0.055574
0.069021
0.056222
0.079722
0.094077
0.080276
0.071718
0.079118
0.072870
0.061756
0.065820
0.050254
0.063915
0.072273
0.080926
0.083768
0.044920
0.093593
0.112718
0.094504
0.059089
0.081934
0.042148
0.057871
0.096325
0.072791
0.066223
0.066046
0.065399
0.056720
0.055541
0.062245
0.087628
0.065211
0.063396
0.086641
0.050744
0.059279
0.053207
0.060140
0.106160
0.110349
0.067171
0.059023
0.075583
0.098342
0.073079
0.062284
0.051417
0.054054
0.058984
0.053365
0.069130
0.094683
0.046295
0.073063
0.054512
0.052306
0.052393
0.074711
0.059900
0.055044
0.056973
0.056432
0.118372
0.074349
0.074265
0.080852
0.060584
0.057232
0.068095
0.057480
0.047229
0.051810
0.066229
0.078034
0.066319
0.057882
0.098731
0.067002
0.058767
0.063697
0.063929
0.112466
0.061571
0.089530
0.057103
0.072226
0.057511
0.061306
0.049010
0.046010
0.062386
0.073310
0.053901
0.077729
0.079420
0.093544
0.069146
0.090380
0.064576
0.068626
0.064332
0.086426
0.078545
0.094516
0.086408
0.061802
0.075007
0.057911
0.058960
0.073412
0.063096
0.080799
0.049552
0.074413
0.057171
0.058155
0.053484
0.088105
0.073664
0.068089
0.060778
0.064565
0.082350
0.081555
0.061490
0.050893
0.046103
0.064264
0.075162
0.075507
0.059971
0.063223
0.059191
0.099728
0.051831
0.066881
0.056384
0.069352
0.067921
0.079993
0.054469
0.053553
0.055578
0.077605
0.067711
0.057492
0.047242
0.054003
0.054493
0.098539
0.121213
0.078285
0.041004
0.075241
0.050491
0.087638
0.045065
0.071120
0.050286
0.076756
0.101740
0.074631
0.082411
0.078102
0.070518
0.081663
0.088047
0.057178
0.067003
0.084275
0.066736
0.058100
0.048119
0.106352
0.053955
0.081766
0.053818
0.061021
0.060296
0.070587
0.057545
0.055564
0.059350
0.081244
0.063529
0.107938
0.090154
0.087840
0.062382
0.054215
0.069126
0.060184
0.058320
0.081056
0.064907
0.069456
0.052214
0.088528
0.084263
0.091843
0.062124
0.066465
0.052573
0.084320
0.078794
0.052203
0.058552
0.065136
0.064857
0.049741
0.059860
0.073754
0.052740
0.078362
0.063766
0.061737
0.055668
0.056472
0.061874
0.050023
0.056696
0.061622
0.047482
0.078108
0.055725
0.066636
0.056334
0.053344
0.054203
0.075522
0.057281
0.133258
0.115752
0.099890
0.063442
0.064634
0.077245
0.055607
0.058120
0.052581
0.056928
0.074329
0.065532
0.062286
0.052772
0.049572
0.048487
0.057663
0.068947
0.058049
0.102467
0.084469
0.074120
0.084974
0.064904
0.056477
0.073879
0.068737
0.091980
0.079651
0.084115
0.056156
0.076359
0.080171
0.067952
0.060850
0.079173
0.051774
0.077254
0.085548
0.071519
0.070187
0.076471
0.085118
0.071152
0.060416
0.047757
0.056364
0.060318
0.079945
0.053089
0.077671
0.079756
0.103578
0.047239
0.064551
0.053596
0.090302
0.063045
0.045748
0.071546
0.067356
0.066309
0.084449
0.064545
0.081871
0.067687
0.068253
0.076210
0.083391
0.058174
0.066545
0.058536
0.098728
0.065219
