2.019726
0.106204
0.054352
0.055038
0.068087
0.064869
0.072016
0.078743
0.088505
0.071951
0.070543
0.064914
0.063041
0.072880
0.067237
0.079011
0.069227
0.044211
0.062331
0.091425
0.086202
0.072345
0.059594
0.052648
0.060688
0.070120
0.071108
0.071503
0.057751
0.099217
0.103673
0.079644
0.047783
0.053011
0.047951
0.058490
0.073474
0.087210
0.075057
0.055474
0.093982
0.058552
0.067076
0.055356
0.063571
0.059277
0.074774
0.070853
0.063298
0.056644
0.063812
0.052619
0.071246
0.080644
0.074427
0.060281
0.089827
0.090855
0.052882
0.050784
0.095967
0.053170
0.103033
0.055123
0.078460
0.098343
0.050822
0.064221
0.079706
0.076114
0.071741
0.075773
0.062185
0.053150
0.052173
0.060740
0.064596
0.059764
0.055548
0.147851
0.078712
0.061106
0.086817
0.067947
0.069131
0.041280
0.053982
0.048640
0.066965
0.054983
0.120399
0.051838
0.055810
0.060585
0.062844
0.061459
0.053348
0.066825
0.059174
0.072639
0.076360
0.067173
0.065431
0.077826
0.073698
0.048501
0.061760
0.071828
0.068784
0.066938
0.081614
0.131520
0.063524
