1.961912
0.077672
0.060110
0.058164
0.074040
0.089230
0.068027
0.059704
0.068279
0.078558
0.087646
0.052266
0.093211
0.061275
0.058838
0.101413
0.111078
0.080905
0.071399
0.071798
0.082556
0.076045
0.104069
0.067854
0.111790
0.095714
0.076927
0.112807
0.070463
0.058551
0.103346
0.070693
0.052110
0.091490
0.081120
0.097774
0.102273
0.082202
0.095192
0.108302
0.116938
0.113337
0.086751
0.111044
0.099928
0.082835
0.099702
0.079853
0.092949
0.105416
0.063922
0.054770
0.080957
0.084236
0.078542
0.067804
0.062328
0.113891
0.056088
0.061516
0.105525
0.092599
0.077736
0.076250
0.075479
0.086041
0.065939
0.094777
0.048607
0.074044
0.126411
0.063048
0.051698
0.047990
0.068000
0.069234
0.069927
0.070629
0.077046
0.089030
0.108648
0.101783
0.106225
0.093436
0.067973
0.077347
0.150527
0.080256
0.060660
0.064528
0.092592
0.056017
0.051958
0.072306
0.060353
0.084597
0.088912
0.056088
0.043676
0.046332
0.064157
0.095164
0.070463
0.070232
0.069626
0.049818
0.078048
0.052417
0.063444
0.050391
0.103935
0.072455
0.052152
0.068933
0.091254
0.074697
0.091178
0.084990
0.078086
0.069039
0.098697
0.065932
0.089839
0.057051
0.067346
0.053772
0.065318
0.082765
0.095213
0.087460
0.094211
0.084107
0.080758
0.077828
0.043781
0.064606
0.054188
0.067763
0.080914
0.049275
0.110499
0.090111
0.082325
0.078245
0.082766
0.082434
0.062821
0.055166
0.069503
0.058147
0.092669
0.065097
0.069005
0.043099
0.050279
0.038785
0.074722
0.056933
0.055026
0.049023
0.081380
0.046829
0.080615
0.078829
0.082695
0.089194
0.078652
0.076543
0.113192
0.089330
0.111450
0.050501
0.063904
0.084424
0.057967
0.060611
0.066329
0.078791
0.039096
0.082166
0.097224
0.067011
0.042651
0.098675
0.137010
0.094566
0.099953
0.087897
0.078979
0.083446
0.122058
0.080751
0.091413
0.057503
0.082209
0.076733
0.038122
0.076273
0.063582
0.056458
0.101115
0.096278
0.091323
0.090085
0.069758
0.060095
0.080575
0.081815
0.068643
0.072561
0.123260
0.072588
0.079662
0.089234
0.083901
0.059617
0.070091
0.073416
0.052851
0.051942
0.063065
0.043797
0.058306
0.037410
0.049669
0.099907
0.093687
0.065564
0.072362
0.063398
0.087231
0.073876
0.067464
0.095906
0.105559
0.095335
0.092554
0.088070
0.079260
0.088147
0.104238
0.106183
0.065829
0.083937
0.092149
0.065552
0.054525
0.094236
0.114717
0.095983
0.086115
0.089044
0.061516
0.082337
0.094341
0.076677
0.079316
0.053031
0.079738
0.077172
0.087920
0.083675
0.110416
0.079556
0.073162
0.084322
0.079508
0.061263
0.060464
0.059088
0.074076
0.102122
0.073844
0.077798
0.080657
0.104374
0.076823
0.079651
0.108051
0.106073
0.117888
0.099138
0.114004
0.092784
0.078627
0.074422
0.102257
0.089423
0.068995
0.079162
0.075143
0.061449
0.101392
0.098223
0.068608
0.076934
0.048020
0.107001
0.100866
0.080556
0.106293
0.088049
0.120389
0.111097
0.090525
0.077423
0.073433
0.074977
0.075513
0.084392
0.128676
0.085028
0.091879
0.109289
0.095868
0.065071
0.097632
0.099406
0.105933
0.089548
0.138426
0.067080
0.123882
0.088117
0.082908
0.093422
0.063560
0.083322
0.111792
0.093061
0.117290
0.083970
0.088489
0.106415
0.047580
0.079166
0.092461
0.087516
0.095760
0.096063
0.107073
0.095340
0.081355
0.061581
0.053444
0.064470
0.058328
0.045618
0.071524
0.073124
0.112094
0.076219
0.071707
0.095687
0.060401
0.056888
0.070596
0.065361
0.061441
0.074943
0.102675
0.083837
0.080137
0.081730
0.082209
0.071270
0.073173
0.045253
0.062109
0.071387
0.101424
0.067282
0.066224
0.069345
0.083846
0.110045
0.105481
0.091209
0.098854
0.075547
0.091851
0.079858
0.112660
0.087068
0.070438
0.076008
0.042032
0.044706
0.071660
0.055516
0.076566
0.088479
0.086473
0.079104
0.066566
0.082183
0.063055
0.077494
0.098723
0.073473
0.101381
0.091454
0.088878
0.098506
0.072499
0.083928
0.089477
0.098261
0.098517
0.089609
0.140434
0.095600
0.089535
0.121122
0.095305
0.077518
0.082121
0.079581
0.066318
0.057319
0.072996
0.073700
0.101391
0.088089
0.086518
0.086542
0.085630
0.086404
0.079085
0.104578
0.099271
0.083887
0.076609
0.075086
0.063487
0.052974
0.084858
0.078768
0.064092
0.095987
0.074238
0.094736
0.087355
0.104717
0.111666
0.065444
0.064904
0.061957
0.078261
0.088872
0.091953
0.055825
0.091352
0.085155
0.077083
0.083123
0.091465
0.099704
0.100261
0.083323
0.122732
0.067151
0.083819
0.060645
0.066842
0.095556
0.099102
0.094977
0.078776
0.133158
0.099464
0.104424
0.100276
0.098476
0.086900
0.093902
0.087396
0.102272
0.072268
0.077885
0.073120
0.097591
0.096735
0.073621
0.080005
0.085670
0.086701
0.075625
0.081145
0.060246
0.104568
0.063361
0.082411
0.116028
0.091386
0.094286
0.069696
0.060415
0.080076
0.074030
0.072902
0.070429
0.070370
0.064524
0.063696
0.097885
0.066626
0.088303
0.070535
0.068649
0.085643
0.102386
0.089310
0.072716
0.111725
0.080719
0.094496
0.091470
0.087905
0.091026
0.090585
0.083954
0.075317
0.060774
0.090072
0.114713
0.078361
0.108527
0.093744
0.105452
0.093798
0.093379
0.070407
0.091221
0.072382
0.078260
0.053766
0.097491
0.092883
0.076150
0.076217
0.061759
0.068259
0.072164
0.050275
0.096406
0.078623
0.074476
0.090551
0.058348
0.102228
0.093108
0.105519
0.103082
0.123073
0.110975
0.067741
0.082086
0.073127
0.091067
0.084398
0.072758
0.104209
0.086788
0.051430
0.044269
0.060406
0.060237
0.090732
0.071286
0.099652
0.047566
0.093166
0.101511
0.102864
0.060222
0.076796
0.071211
0.073615
0.070765
0.067379
0.042805
0.046391
0.038154
0.038150
0.047399
0.084158
0.079566
0.068498
0.077921
0.088671
0.055917
0.050183
0.050724
0.063117
0.061816
0.061395
0.063186
0.067080
0.066592
0.106243
0.069616
0.065262
0.075319
0.062318
0.050403
0.079455
0.069216
0.072601
0.100270
0.091810
0.080770
0.081298
0.120048
0.102989
0.085894
0.094914
0.074261
0.081085
0.080614
0.097327
0.074836
0.058498
0.083929
0.052622
0.081229
0.059988
0.077893
0.060430
0.070889
0.073429
0.054378
0.051798
0.071024
0.056430
0.056941
0.057282
0.056135
0.056663
0.056771
0.093401
0.075970
0.083079
0.059181
0.060149
0.085279
0.051277
0.043039
0.052502
0.097159
0.077545
0.057035
0.063071
0.035612
0.064483
0.043924
0.043147
0.039673
0.060546
0.061831
0.082870
0.083410
0.088928
0.091629
0.095679
0.087444
0.095294
0.084107
0.087912
0.080798
0.089705
0.069826
0.100186
0.075653
0.084268
0.091812
0.078519
0.059798
0.072130
0.063058
0.088242
0.056382
0.045260
0.068975
0.066240
0.078045
0.056464
0.095433
0.093397
0.083332
0.111601
0.108044
0.089756
0.074971
0.069069
0.061389
0.069217
0.084891
0.135488
0.084001
0.092955
0.076780
0.078619
0.088208
0.093895
0.071755
0.076007
0.080188
0.076258
0.133396
0.125301
0.061499
0.075532
0.062343
0.068571
0.076102
0.070661
0.060399
0.064063
0.063360
0.081320
0.055131
0.052225
0.054245
0.045280
0.056205
0.040363
0.056609
0.083611
0.066289
0.088548
0.072590
0.063705
0.056237
0.059788
0.066991
0.064292
0.079432
0.090643
0.063182
0.086592
0.047655
0.109982
0.073924
0.078185
0.078563
0.069026
0.078897
0.089358
0.086545
0.118301
0.091155
0.093358
0.083404
0.070811
0.068897
0.070927
0.064527
0.058537
0.074550
0.109311
0.089802
0.073952
0.083970
0.071997
0.099119
0.084714
0.085670
0.065844
0.088217
0.096984
0.066065
0.071744
0.039160
0.073957
0.051363
0.082052
0.065690
0.075487
0.101558
0.092990
0.056987
0.093024
0.083225
0.081598
0.077370
0.071198
0.108310
0.069901
0.093832
0.066681
0.077196
0.106101
0.080021
0.074808
0.077282
0.112527
0.107777
0.076634
0.083555
0.094308
0.079764
0.087968
0.058008
0.078866
0.081170
0.110001
0.078205
0.073216
0.087365
0.068082
0.075236
0.073800
0.063735
0.065061
0.051841
0.057407
0.083289
0.065442
0.058322
0.117195
0.084982
0.096457
0.092839
0.097674
0.068721
0.101837
0.082770
0.079495
0.070990
0.111086
0.086332
0.100193
0.087939
0.071066
0.099308
0.104074
0.092608
0.112013
0.085976
0.099483
0.076977
0.098799
0.036326
0.053261
0.053291
0.090025
0.080665
0.065774
0.084625
0.100288
0.082895
0.044954
0.084961
0.057343
0.061817
0.086073
0.110293
0.100952
0.107491
0.101124
0.073123
0.078452
0.087814
0.080534
0.098153
0.090734
0.079624
0.095696
0.095534
0.108503
0.090620
0.086192
0.110503
0.080295
0.077018
0.067306
0.060589
0.057452
0.064890
0.093528
0.068974
0.070035
0.078467
0.058137
0.092765
0.110669
0.081624
0.088124
0.109697
0.102418
0.091068
0.140137
0.060515
0.085032
0.074904
0.084965
0.094857
0.097682
0.093418
0.116923
0.094357
0.037356
0.076637
0.070833
0.082726
0.070924
0.079199
0.104110
0.081666
0.127868
0.102287
0.089329
0.076730
0.058825
0.076703
0.100889
0.081837
0.085438
0.082031
0.100846
0.080409
0.046756
0.082415
0.093590
0.085830
0.107198
0.087431
0.079345
0.078876
0.095483
0.082712
0.082305
0.082288
0.069325
0.079787
0.059986
0.074102
0.068367
0.081153
0.102491
0.090314
0.094023
0.120285
0.091611
0.058623
0.054840
0.114320
0.067637
0.116797
0.146649
0.108906
0.088543
0.118177
0.072768
0.080235
0.086480
0.083528
0.051621
0.050843
0.093287
0.072442
0.093883
0.079388
0.066335
0.082040
0.083036
0.082980
0.048728
0.054041
0.072195
0.081652
0.078546
0.070328
0.090470
0.096738
0.082606
0.091955
0.093044
0.102224
0.098651
0.065213
0.077437
0.066940
0.068147
0.090231
0.067604
0.076460
0.044485
0.053862
0.100544
0.053853
0.062212
0.059085
0.053407
0.073514
0.076542
0.034678
0.076501
0.089535
0.113983
0.082680
0.064483
0.039619
0.083238
0.073423
0.085593
0.088559
0.103662
0.084573
0.125248
0.063895
0.095809
0.080513
0.083267
0.079859
0.085454
0.083508
0.086461
0.087391
0.134301
0.136089
0.112953
0.088533
0.092399
0.086789
0.072234
0.102867
0.087778
0.101981
0.081195
0.076200
0.043477
0.056393
0.084303
0.090334
0.096072
0.077763
0.076582
0.070433
0.108459
0.069303
0.069432
0.075913
0.095483
0.099939
0.099360
0.092237
0.102093
0.088500
0.082705
0.065195
0.086375
0.079140
0.076031
0.096174
0.088053
0.109430
0.114467
0.057864
0.100990
0.078094
0.072462
0.097157
0.081738
0.102661
0.068128
0.061639
0.072614
0.070647
0.112543
0.100264
0.062742
0.067389
0.077955
0.079581
0.083658
0.090485
0.107919
0.084752
0.106624
0.093497
0.099262
0.063537
0.048211
0.102281
0.090959
0.074353
0.077468
0.048126
0.076328
0.118456
0.063616
0.084682
0.064271
0.097396
0.082746
0.069202
0.094956
0.064166
0.094660
0.083568
0.087801
0.093978
0.048989
0.048472
0.100726
0.076313
0.048944
0.097339
0.123831
0.112998
0.098837
0.072412
0.060162
0.063553
0.073992
0.071405
0.106999
0.076520
0.077574
0.126903
0.093469
0.080169
0.084694
0.095374
0.097519
0.084102
0.067708
0.053680
0.084457
0.069793
0.115534
0.056818
0.087984
0.079412
0.086034
0.067746
0.063799
0.069855
0.107895
0.080388
0.054698
0.063657
0.049384
