2.023161
0.093018
0.092973
0.084836
0.073318
0.072186
0.082932
0.081388
0.078492
0.058549
0.077390
0.070117
0.086731
0.085760
0.088120
0.085651
0.079422
0.074525
0.078744
0.077282
0.083726
0.069124
0.100199
0.078752
0.095261
0.071654
0.106272
0.103542
0.065958
0.082259
0.129918
0.096007
0.104545
0.131206
0.100921
0.080746
0.114596
0.103762
0.118098
0.093943
0.112533
0.098691
0.082552
0.106415
0.081328
0.092145
0.061902
0.075044
0.078015
0.070651
0.080068
0.087291
0.073006
0.104823
0.073110
0.052749
0.073026
0.083265
0.094203
0.074265
0.148876
0.070878
0.074568
0.075450
0.077484
0.094090
0.115767
0.060126
0.083581
0.079498
0.098334
0.101969
0.059531
0.095888
0.069200
0.068723
0.066523
0.086543
0.059630
0.078113
0.100556
0.125213
0.067668
0.082406
0.072207
0.076963
0.087343
0.080057
0.125958
0.069668
0.083161
0.068389
0.072822
0.070940
0.068890
0.067552
0.066552
0.125087
0.107046
0.046939
0.116929
0.070828
0.102930
0.076479
0.068350
0.068601
0.077616
0.076563
0.072415
0.080942
0.145949
0.105242
0.085097
0.086440
0.070331
0.092483
0.078393
0.085765
0.061408
0.057516
0.082122
0.104436
0.108763
0.079933
0.091313
0.079979
0.079995
0.068232
0.099421
0.138383
0.096245
0.068542
0.102251
0.081553
0.069404
0.072507
0.082762
0.077179
0.073434
0.070269
0.117723
0.087827
0.075823
0.099923
0.082342
0.110199
0.081162
0.081627
0.085142
0.068340
0.091578
0.070579
0.112262
0.055110
0.066728
0.110117
0.114500
0.108006
0.080092
0.063211
0.071145
0.085021
0.106237
0.082266
0.082728
0.086258
0.102171
0.087296
0.111548
0.102411
0.110539
0.078418
0.097522
0.094699
0.083692
0.077786
0.079195
0.068404
0.098054
0.076028
0.103637
0.075316
0.085975
0.074343
0.083030
0.079431
0.090655
0.093687
0.089207
0.070421
0.122203
0.077990
0.049026
0.085881
0.099002
0.072204
0.071396
0.071758
0.061752
0.064326
0.108034
0.069030
0.077513
0.064539
0.095435
0.099988
0.077336
0.084618
0.075946
0.106422
0.091391
0.077845
0.067505
0.065952
0.061792
0.070656
0.079201
0.083254
0.093719
0.056525
0.078761
0.101967
0.096399
0.089698
0.089571
0.088763
0.075012
0.123583
0.093191
0.097256
0.122823
0.132035
0.076601
0.061314
0.077024
0.050064
0.074989
0.077826
0.111951
0.077967
0.137449
0.067711
0.085919
0.073356
0.082487
0.080911
0.072427
0.089868
0.089288
0.092062
0.100131
0.064121
0.078958
0.075721
0.079851
0.089228
0.079484
0.083131
0.092690
0.074237
0.096413
0.109814
0.081199
0.105306
0.079993
0.106760
0.085005
0.107566
0.060329
0.070852
0.092430
0.095948
0.073188
0.094558
0.070777
0.057024
0.083489
0.079178
0.097631
0.089900
0.079516
0.078240
0.067947
0.079924
0.071797
0.081753
0.067722
0.066653
0.105711
0.070098
0.079608
0.045902
0.054850
0.085467
0.086130
0.078312
0.060412
0.049376
0.039820
0.053769
0.095545
0.095149
0.115285
0.097824
0.074747
0.081108
0.088763
0.082422
0.066339
0.060423
0.082992
0.046063
0.057124
0.086348
0.077488
0.082115
0.057121
0.044243
0.065552
0.082350
0.121917
0.077833
0.093085
0.071682
0.073183
0.065751
0.068162
0.079415
0.063221
0.072661
0.119776
0.091493
0.105083
0.085619
0.085298
0.069845
0.093756
0.065465
0.073825
0.073853
0.096851
0.074276
0.076826
0.075854
0.078312
0.093959
0.114378
0.083713
0.080811
0.077714
0.108266
0.097421
0.118732
0.099627
0.101857
0.131654
0.089785
0.083745
0.090922
0.100750
0.103095
0.088263
0.116812
0.117127
0.071824
0.081383
0.086862
0.093763
0.083823
0.083699
0.119490
0.095625
0.075577
0.069413
0.075946
0.046567
0.057170
0.066033
0.068318
0.085235
0.081706
0.069914
0.088439
0.077946
0.076828
0.088377
0.080580
0.096383
0.094043
0.060640
0.086024
0.087297
0.053987
0.077052
0.073311
0.085548
0.081751
0.111297
0.082233
0.064641
0.137427
0.118371
0.098526
0.071396
0.053340
0.067235
0.060305
0.089145
0.074615
0.102109
0.142810
0.083343
0.071356
0.063019
0.044688
0.055285
0.061198
0.066262
0.053151
0.060335
0.094122
0.086371
0.089928
0.087049
0.133821
0.076391
0.086246
0.104601
0.083237
0.113400
0.096963
0.089471
0.086796
0.081071
0.077351
0.097872
0.078139
0.069997
0.100088
0.086687
0.110301
0.088394
0.126368
0.082021
0.060427
0.081326
0.105330
0.107074
0.078214
0.055770
0.095232
0.083804
0.074048
0.079762
0.070096
0.073932
0.077065
0.072796
0.077263
0.056824
0.098850
0.069305
0.063930
0.059902
0.080201
0.043913
0.047898
0.064300
0.086222
0.071202
0.068023
0.045668
0.084668
0.081315
0.070127
0.056691
0.066565
0.076102
0.136962
0.097976
0.091227
0.078099
0.103375
0.079007
0.075171
0.073941
0.073954
0.114615
0.104750
0.113586
0.141017
0.078870
0.084562
0.082476
0.098815
0.098454
0.091451
0.099372
0.045584
0.070668
0.113197
0.083792
0.076729
0.094899
0.124562
0.082787
0.108155
0.109842
0.127656
0.096789
0.119074
0.094069
0.095745
0.113135
0.123180
0.096085
0.077076
0.122158
0.104377
0.072543
0.097688
0.079909
0.078097
0.079304
0.086297
0.089707
0.092112
0.099687
0.086731
0.086972
0.136144
0.090760
0.068937
0.061344
0.079053
0.072256
0.088718
0.074722
0.073879
0.083407
0.123267
0.099201
0.098433
0.092945
0.101112
0.098220
0.102979
0.070360
0.102149
0.077899
0.101486
0.086120
0.107897
0.090520
0.101456
0.092022
0.122765
0.085844
0.062004
0.064672
0.062986
0.072158
0.079339
0.076886
0.079540
0.057509
0.095906
0.111726
0.065227
0.061243
0.120785
0.086906
0.106397
0.098380
0.108253
0.103335
0.093256
0.126839
0.111700
0.073596
0.124585
0.082503
0.092493
0.087800
0.083849
0.085223
0.089285
0.099299
0.090973
0.087060
0.114257
0.091013
0.094100
0.103073
0.070880
0.128653
0.078772
0.089939
0.074567
0.082185
0.115656
0.100253
0.099146
0.078097
0.096446
0.060430
0.071086
0.064408
0.084574
0.089684
0.094893
0.079063
0.067196
0.095207
0.095786
0.128317
0.063176
0.077464
0.062538
0.073967
0.070417
0.080589
0.088494
0.090165
0.082942
0.092492
0.079014
0.070546
0.099753
0.106920
0.104367
0.092382
0.091215
0.084676
0.078798
0.065844
0.073967
0.100301
0.089168
0.089272
0.079057
0.093903
0.098195
0.087447
0.083690
0.095430
0.084735
0.105460
0.099908
0.091176
0.098680
0.094826
0.094458
0.066892
0.064091
0.075116
0.071755
0.098754
0.096327
0.082591
0.091075
0.069028
0.080178
0.077374
0.060601
0.093561
0.055692
0.099718
0.082182
0.107624
0.129327
0.082023
0.095382
0.078795
0.058395
0.105169
0.123032
0.066844
0.068596
0.083270
0.107457
0.092373
0.083912
0.078425
0.091934
0.097198
0.112947
0.086991
0.054878
0.076621
0.111347
0.072332
0.084056
0.074651
0.073670
0.070694
0.051244
0.083095
0.072972
0.056930
0.096792
0.090976
0.083287
0.090800
0.078889
0.081125
0.061472
0.056254
0.072841
0.086958
0.115308
0.074018
0.074190
0.072936
0.067654
0.068537
0.102974
0.081273
0.067305
0.049167
0.071064
0.077418
0.089252
0.086248
0.082089
0.090190
0.054598
0.043414
0.053388
0.060501
0.074202
0.069291
0.047912
0.079327
0.084249
0.054389
0.060297
0.073147
0.068760
0.052992
0.068950
0.052835
0.069069
0.065996
0.071447
0.042288
0.066674
0.090340
0.067132
0.051625
0.067011
0.074069
0.081029
0.090860
0.074519
0.072918
0.060058
0.067203
0.072756
0.068203
0.096800
0.071851
0.075203
0.056761
0.070547
0.073106
0.100666
0.065521
0.055094
0.072613
0.086710
0.067779
0.081967
0.101712
0.076892
0.069696
0.108849
0.065481
0.073941
0.069387
0.085173
0.080231
0.072996
0.098733
0.097945
0.083664
0.076167
0.074950
0.069123
0.079885
0.076314
0.070989
0.070064
0.065280
0.047196
0.056254
0.052442
0.066588
0.057843
0.048047
0.084578
0.057904
0.059281
0.063491
0.061088
0.059473
0.089849
0.086302
0.056499
0.064760
0.084006
0.063959
0.092813
0.079727
0.096423
0.103181
0.096996
0.108755
0.047214
0.080358
0.108622
0.069376
0.048161
0.086802
0.082724
0.073010
0.073635
0.069572
0.070740
0.102792
0.098403
0.070548
0.079863
0.080401
0.147254
0.067765
0.066855
0.062212
0.088193
0.102185
0.120609
0.106269
0.072607
0.073072
0.101580
0.079031
0.119505
0.110694
0.082893
0.096947
0.116593
0.083592
0.097065
0.076566
0.105621
0.104964
0.106908
0.109633
0.087761
0.121116
0.112182
0.111330
0.065521
0.112962
0.091295
0.056535
0.067214
0.077341
0.059527
0.068089
0.079412
0.069827
0.070570
0.074198
0.082680
0.092500
0.078839
0.065777
0.057654
0.081426
0.088795
0.058036
0.087064
0.091983
0.115578
0.102412
0.064342
0.101903
0.083511
0.079446
0.096958
0.089993
