1.867814
0.062637
0.095461
0.046067
0.080904
0.074421
0.084271
0.049196
0.074967
0.062141
0.079703
0.078197
0.082747
0.102623
0.113068
0.068420
0.071880
0.072014
0.105678
0.097967
0.068196
0.094623
0.083603
0.102595
0.117716
0.159103
0.136180
0.124982
0.102644
0.080590
0.113487
0.089729
0.091751
0.111179
0.073761
0.097707
0.069862
0.084835
0.093337
0.107325
0.113820
0.097024
0.095811
0.082389
0.060250
0.105412
0.110184
0.113126
0.106205
0.062057
0.118476
0.073026
0.120592
0.092983
0.101903
0.086585
0.100137
0.107415
0.086513
0.118107
0.087745
0.072901
0.087686
0.065228
0.046525
0.059613
0.048514
0.067288
0.067742
0.069928
0.088816
0.057709
0.049881
0.081406
0.077458
0.082830
0.081012
0.098469
0.116990
0.103456
0.085927
0.083737
0.090045
0.105936
0.088863
0.103840
0.106267
0.059491
0.087837
0.069930
0.132699
0.099057
0.066012
0.066113
0.081788
0.083807
0.105346
0.102791
0.106874
0.074578
0.112816
0.133786
0.089144
0.101253
0.076178
0.057776
0.080503
0.094831
0.072069
0.087532
0.107212
0.085379
0.102751
0.080392
0.067180
0.077402
0.074558
0.046783
0.079714
0.085787
0.092017
0.052678
0.069576
0.090655
0.073266
0.081361
0.067194
0.063024
0.064380
0.065456
0.102380
0.076619
0.087211
0.059315
0.099327
0.066386
0.075424
0.067818
0.059904
0.057731
0.107125
0.077650
0.092321
0.070665
0.087408
0.095702
0.093435
0.082138
0.064880
0.069802
0.095948
0.088882
0.101255
0.134051
0.068782
0.049575
0.075805
0.075529
0.081629
0.106377
0.157645
0.069266
0.098555
0.101236
0.053638
0.065134
0.053626
0.051212
0.063610
0.056486
0.129349
0.064262
0.083795
0.046770
0.060614
0.072266
0.078662
0.081115
0.068562
0.079702
0.105510
0.063767
0.042979
0.078348
0.086521
0.090626
0.111390
0.135206
0.106781
0.118520
0.144960
0.141594
0.076198
0.084504
0.134633
0.134986
0.108975
0.066995
0.102694
0.092462
0.103544
0.113975
0.085059
0.078046
0.077945
0.084564
0.093519
0.093086
0.123223
0.110591
0.085014
0.060868
0.091058
0.071321
0.109863
0.088185
0.103285
0.108424
0.100838
0.060472
0.131179
0.071487
0.109879
0.074498
0.060054
0.096115
0.111837
0.089463
0.065596
0.069458
0.106117
0.101472
0.117727
0.136416
0.139308
0.106115
0.120383
0.140509
0.087919
0.106168
0.132227
0.072195
0.073303
0.100814
0.087031
0.060042
0.080837
0.059510
0.113652
0.111218
0.138818
0.114415
0.093891
0.138779
0.072528
0.082782
0.086659
0.104569
0.096282
0.109950
0.110780
0.080695
0.090217
0.092824
0.111114
0.092539
0.103636
0.078852
0.065756
0.071826
0.067403
0.092185
0.096682
0.098917
0.104880
0.085365
0.089694
0.060588
0.071934
0.104900
0.128052
0.073205
0.075806
0.096128
0.128486
0.120650
0.072772
0.071789
0.086751
0.090659
0.106921
0.073329
0.096992
0.072031
0.085108
0.085753
0.101549
0.095810
0.083844
0.082250
0.097537
0.090795
0.100598
0.121081
0.079641
0.098216
0.077610
0.076079
0.061025
0.074710
0.084193
0.085779
0.103763
0.105426
0.049009
0.070889
0.071265
0.100489
0.106548
0.069469
0.105703
0.116127
0.096426
0.085592
0.078655
0.093639
0.050723
0.092271
0.114299
0.131728
0.114639
0.126354
0.139444
0.136884
0.135523
0.110898
0.129301
0.105948
0.091037
0.097371
0.076880
0.073979
0.085812
0.101484
0.069677
0.094448
0.115300
0.100832
0.123392
0.115681
0.083637
0.089417
0.059252
0.072029
0.086603
0.072217
0.073493
0.059809
0.066618
0.077555
0.096085
0.065463
0.064581
0.075705
0.058335
0.081657
0.124311
0.109655
0.051848
0.088391
0.098743
0.097016
0.124136
0.078020
0.059502
0.069660
0.081817
0.108538
0.069728
0.082493
0.089811
0.100572
0.078643
0.105305
0.120094
0.101492
0.106567
0.149943
0.119924
0.108219
0.080918
0.068671
0.092047
0.055823
0.063386
0.051265
0.081944
0.101504
0.076756
0.103220
0.097651
0.064216
0.075300
0.092589
0.075065
0.064996
0.056507
0.053720
0.060586
0.091392
0.092922
0.080132
0.059944
0.108148
0.091792
0.105021
0.110011
0.045000
0.097415
0.068396
0.114551
0.143043
0.141999
0.121604
0.081282
0.090843
0.116832
0.111701
0.106982
0.124555
0.138514
0.099569
0.101118
0.122210
0.087589
0.084348
0.095381
0.090985
0.079915
0.076985
0.094056
0.089864
0.063687
0.081262
0.093125
0.080724
0.100709
0.049804
0.095126
0.124027
0.125765
0.108168
0.085141
0.096349
0.076440
0.077666
0.137798
0.144625
0.144566
0.094809
0.135501
0.099609
0.104384
0.123691
0.099506
0.094433
0.082638
0.088077
0.070610
0.070333
0.094847
0.068601
0.055028
0.079160
0.066804
0.084231
0.073736
0.052654
0.084509
0.079533
0.103172
0.090634
0.091494
0.077789
0.082225
0.076674
0.117614
0.117362
0.109266
0.059872
0.105920
0.069433
0.052715
0.062905
0.103163
0.090252
0.075794
0.065953
0.063625
0.053371
0.115372
0.065499
0.062633
0.100339
0.088047
0.059714
0.058592
0.070447
0.067757
0.080569
0.078062
0.081445
0.066806
0.064258
0.045624
0.071666
0.078236
0.094627
0.087440
0.066234
0.116918
0.076056
0.116601
0.095983
0.080025
0.112260
0.094231
0.094588
0.134520
0.120111
0.167972
0.078216
0.080237
0.065165
0.088090
0.048142
0.079877
0.115013
0.102329
0.102326
0.142158
0.119339
0.091251
0.058707
0.109473
0.097846
0.091070
0.077415
0.065428
0.082161
0.087053
0.106972
0.063695
0.077842
0.079576
0.077361
0.104904
0.112892
0.066084
0.084974
0.109335
0.079250
0.090601
0.094899
0.119822
0.089642
0.097339
0.062541
0.125772
0.098180
0.103839
0.061551
0.060762
0.079936
0.064626
0.092491
0.087423
0.094524
0.123359
0.106103
0.119316
0.056712
0.072116
0.068076
0.098074
0.069978
0.059658
0.062236
0.077072
0.090726
0.103768
0.093254
0.095512
0.117433
0.070567
0.118506
0.107208
0.108926
0.088181
0.097607
0.111124
0.084970
0.061071
0.096786
0.122403
0.080940
0.101686
0.118992
0.088527
0.126684
0.155350
0.133182
0.139861
0.133459
0.120676
0.121696
0.070460
0.086479
0.132815
0.078284
0.076744
0.060610
0.070655
0.096816
0.073012
0.064864
0.061621
0.094781
0.086249
0.079499
0.106058
0.060598
0.090559
0.109925
0.145294
0.132058
0.151494
0.132492
0.105754
0.128010
0.135917
0.087790
0.110042
0.083999
0.086956
0.104752
0.086689
0.107109
0.107701
0.081609
0.121761
0.102383
0.048570
0.068562
0.095909
0.107450
0.111811
0.080410
0.094206
0.134415
0.118849
0.097457
0.124669
0.097211
0.075128
0.097334
0.083243
0.084355
0.083616
0.085744
0.117592
0.107198
0.076436
0.102794
0.060812
0.060478
0.074962
0.054711
0.079845
0.093943
0.108015
0.087754
0.090313
0.053807
0.067744
0.059448
0.082458
0.068886
0.061790
0.072595
0.083083
0.069262
0.096054
0.095193
0.096220
0.127462
0.130425
0.128859
0.081614
0.105848
0.104350
0.075692
0.102887
0.077204
0.070911
0.049884
0.087491
0.055417
0.097342
0.114950
0.139509
0.121493
0.101533
0.131896
0.101943
0.064873
0.041718
0.062830
0.076977
0.090606
0.103434
0.078554
0.066822
0.086394
0.087776
0.072235
0.087620
0.067561
0.075080
0.070696
0.107533
0.101672
0.093626
0.097516
0.056984
0.099471
0.057235
0.087637
0.121476
0.130596
0.090881
0.079871
0.083352
0.069781
0.082036
0.089155
0.062935
0.087291
0.065460
0.067248
0.081538
0.099108
0.096910
0.105052
0.125047
0.128540
0.123831
0.111094
0.134939
0.115691
0.125682
0.134610
0.091709
0.095725
0.120134
0.092633
0.074426
0.083352
0.088949
0.073769
0.114036
0.097101
0.082463
0.066442
0.070850
0.065818
0.066100
0.093183
0.078034
0.084108
0.112556
0.081505
0.097369
0.105335
0.058927
0.078502
0.108292
0.092496
0.083276
0.113344
0.079717
0.119370
0.088183
0.102144
0.098099
0.046475
0.089437
0.078833
0.113480
0.061796
0.099374
0.077877
0.084145
0.078168
0.077155
0.068897
0.078193
0.056041
0.064321
0.100133
0.130225
0.094153
