1.780435
0.048201
0.057677
0.051847
0.078757
0.072948
0.084620
0.087090
0.113380
0.088389
0.145052
0.119040
0.088954
0.105571
0.091701
0.055154
0.053513
0.062830
0.083521
0.090917
0.099935
0.098519
0.060764
0.060583
0.070747
0.072689
0.041678
0.059237
0.095694
0.093648
0.090143
0.085073
0.098104
0.121810
0.097659
0.116777
0.083601
0.105137
0.094740
0.125993
0.119295
0.076886
0.124480
0.109920
0.114246
0.126047
0.111066
0.066552
0.099252
0.073383
0.102309
0.101109
0.086995
0.112135
0.107079
0.122900
0.112894
0.097794
0.120551
0.128269
0.138540
0.083514
0.099774
0.079149
0.075891
0.056395
0.056421
0.057188
0.076352
0.104152
0.137744
0.101627
0.116710
0.100067
0.129918
0.103157
0.103667
0.054399
0.055946
0.082300
0.105657
0.099677
0.093352
0.081578
0.066679
0.062453
0.062115
0.076299
0.102901
0.104358
0.113798
0.064732
0.095599
0.072261
0.074208
0.078217
0.070202
0.121223
0.118219
0.083094
0.098125
0.117258
0.064123
0.105450
0.090664
0.126964
0.082337
0.072153
0.087476
0.094573
0.105614
0.095741
0.070721
0.057617
0.070147
0.062362
0.093758
0.092915
0.109539
0.114973
0.077900
0.064284
0.079330
0.084709
0.079062
0.083724
0.108768
0.053809
0.113354
0.112378
0.118159
0.104774
0.083675
0.101126
0.096149
0.113125
0.130055
0.089170
0.094079
0.097914
0.124374
0.115999
0.088183
0.117403
0.086242
0.082860
0.081272
0.130106
0.087755
0.113423
0.113135
0.083260
0.087313
0.112093
0.068850
0.112799
0.103223
0.109567
0.096604
0.132576
0.153392
0.069928
0.085278
0.059317
0.070387
0.068127
0.104829
0.122162
0.064076
0.073060
0.097186
0.093387
0.100266
0.093411
0.136923
0.052638
0.077648
0.123737
0.110300
0.137700
0.136493
0.099679
0.095106
0.077155
0.074666
0.073900
0.093971
0.093961
0.104774
0.120897
0.108336
0.124426
0.083142
0.073258
0.067683
0.074110
0.116154
0.106544
0.108067
0.122135
0.132902
0.116070
0.109780
0.090653
0.115121
0.071846
0.084639
0.122734
0.112364
0.154446
0.079542
0.100930
0.099337
0.069440
0.090927
0.129252
0.078267
0.083939
0.107402
0.075341
0.094538
0.085550
0.057729
0.055518
0.064396
0.079159
0.077353
0.091052
0.054077
0.079297
0.102994
0.091469
0.076638
0.082838
0.084741
0.062534
0.080652
0.098235
0.107050
0.081011
0.124694
0.089894
0.063571
0.065251
0.065798
0.073662
0.055131
0.091174
0.075319
0.092216
0.097875
0.077682
0.092945
0.098420
0.099224
0.118607
0.091067
0.137105
0.106951
0.117911
0.128052
0.109870
0.052425
0.111345
0.124857
0.095623
0.086049
0.113510
0.053333
0.080539
0.102544
0.070494
0.097404
0.106686
0.125234
0.129216
0.074865
0.114637
0.106187
0.082447
0.116369
0.116573
0.102901
0.100482
0.107732
0.145670
0.137975
0.141750
0.106629
0.120172
0.091358
0.106835
0.102827
0.103621
0.082257
0.077039
0.081937
0.071820
0.076540
0.055444
0.086024
0.070208
0.070362
0.058387
0.048947
0.068843
0.052717
0.062196
0.064328
0.073476
0.099234
0.071280
0.077347
0.080509
0.079818
0.056748
0.059158
0.073143
0.077496
0.101462
0.071254
0.104468
0.079558
0.074589
0.070533
0.113133
0.104059
0.111242
0.132490
0.146843
0.165882
0.083447
0.109678
0.134057
0.091714
0.093542
0.080022
0.054599
0.079934
0.084884
0.117696
0.093532
0.121504
0.073939
0.061771
0.058447
0.089205
0.077879
0.065296
0.094777
0.082736
0.068086
0.079242
0.106385
0.132215
0.124565
0.106622
0.126054
0.133649
0.080688
0.134353
0.143024
0.085235
0.101738
0.098982
0.106896
0.062443
0.063842
0.101274
0.120685
0.127226
0.100543
0.066425
0.081876
0.075305
0.097904
0.088914
0.070253
0.068835
0.079789
0.108318
0.108146
0.086226
0.068358
0.068609
0.110762
0.071175
0.063293
0.064525
0.086696
0.083029
0.074356
0.066117
0.088626
0.069254
0.075844
0.083725
0.080946
0.087834
0.097458
0.092292
0.067106
0.070186
0.077014
0.088832
0.084113
0.070091
0.056401
0.073467
0.067662
0.085876
0.057079
0.045823
0.091397
0.065284
0.074873
0.104612
0.100661
0.078366
0.056761
0.132141
0.091486
0.072243
0.068134
0.099730
0.084492
0.083557
0.126057
0.137326
0.129698
0.111640
0.095736
0.094142
0.102114
0.153769
0.140758
0.093199
0.080815
0.113664
0.131336
0.117466
0.120724
0.074915
0.157031
0.092053
0.071604
0.084200
0.081108
0.121879
0.122948
0.153776
0.097689
0.086101
0.063886
0.106356
0.114963
0.121706
0.122914
0.086079
0.090342
0.142724
0.073171
0.065135
0.089910
0.109160
0.066968
0.094973
0.127036
0.121252
0.136621
0.147448
0.113170
0.155537
0.085265
0.141720
0.114900
