1.827157
0.074284
0.082119
0.051362
0.098499
0.093698
0.070576
0.057557
0.087123
0.080658
0.097625
0.065733
0.079906
0.067175
0.088791
0.060841
0.070199
0.068118
0.066864
0.110775
0.104978
0.090655
0.102782
0.074505
0.078193
0.053931
0.094543
0.086685
0.080801
0.088349
0.100460
0.066438
0.089355
0.070060
0.070968
0.080603
0.063797
0.070786
0.078017
0.073692
0.075288
0.075769
0.097842
0.110715
0.097960
0.100789
0.082923
0.104315
0.075159
0.078974
0.096034
0.099310
0.084294
0.090099
0.099835
0.064608
0.073284
0.085150
0.099737
0.104123
0.133457
0.121635
0.101126
0.090389
0.073718
0.100705
0.098214
0.090087
0.073470
0.060211
0.101244
0.080882
0.062517
0.064253
0.055424
0.071660
0.078322
0.052973
0.069231
0.068721
0.079317
0.054460
0.074726
0.082063
0.080883
0.089026
0.091651
0.088904
0.104275
0.079415
0.112978
0.079331
0.079709
0.070083
0.053030
0.075408
0.060117
0.089995
0.081804
0.054827
0.117804
0.086968
0.080321
0.079070
0.076490
0.093875
0.092528
0.072273
0.054204
0.046399
0.076491
0.068617
0.087179
0.096943
0.067542
0.076231
0.085982
0.073996
0.080583
0.071457
0.096135
0.065236
0.052862
0.060401
0.080322
0.094911
0.083355
0.082716
0.101107
0.070621
0.093283
0.071443
0.095222
0.079497
0.078838
0.066931
0.052252
0.082237
0.080168
0.086806
0.076795
0.063665
0.078354
0.092390
0.089566
0.105022
0.098795
0.099999
0.067279
0.097813
0.080873
0.074173
0.080498
0.087910
0.090339
0.091044
0.060496
0.059844
0.065030
0.059502
0.078968
0.068586
0.069232
0.080381
0.076283
0.076863
0.105360
0.088176
0.079076
0.067475
0.107866
0.116584
0.074089
0.078117
0.080119
0.084386
0.068541
0.055542
0.077247
0.073861
0.128099
0.084551
0.096073
0.087740
0.075756
0.080968
0.083069
0.061042
0.081063
0.089852
0.074746
0.098283
0.107452
0.086313
0.085165
0.062274
0.051556
0.076255
0.076285
0.071600
0.115174
0.057126
0.066180
0.068528
0.081333
0.101223
0.081441
0.100024
0.104800
0.108643
0.109313
0.107759
0.067266
0.059836
0.077281
0.070179
0.058420
0.085581
0.089016
0.051300
0.077870
0.100933
0.071249
0.079210
0.065857
0.082033
0.089612
0.073102
0.059211
0.101047
0.113566
0.062753
0.076016
0.094391
0.095153
0.077293
0.080131
0.071201
0.081222
0.084244
0.077534
0.091761
0.073734
0.066764
0.049122
0.087436
0.090740
0.097764
0.094457
0.094776
0.113465
0.098866
0.072267
0.076812
0.074075
0.107600
0.090142
0.098141
0.071882
0.081937
0.101178
0.105871
0.077932
0.074797
0.069790
0.083396
0.085071
0.071372
0.070388
0.073439
0.068937
0.056200
0.063629
0.059478
0.052441
0.061859
0.073318
0.063838
0.080209
0.078101
0.087502
0.076895
0.076766
0.077953
0.067125
0.063020
0.070302
0.059744
0.048543
0.066490
0.117779
0.086699
0.088932
0.081808
0.106335
0.067632
0.092275
0.109265
0.101961
0.113118
0.130374
0.098588
0.076046
0.079093
0.107546
0.102656
0.073801
0.092948
0.104506
0.119857
0.147267
0.085607
0.088668
0.058938
0.065565
0.098542
0.079158
0.086846
0.075168
0.088556
0.089123
0.070546
0.109797
0.056195
0.080587
0.065672
0.057891
0.113415
0.082344
0.071105
0.085627
0.078533
0.065984
0.092843
0.073169
0.100775
0.104354
0.069430
0.070921
0.069579
0.100684
0.072463
0.079840
0.069201
0.056193
0.067272
0.096817
0.069616
0.076430
0.052149
0.087538
0.094676
0.105783
0.079997
0.102356
0.065986
0.074095
0.058832
0.069141
0.052210
0.111650
0.082869
0.070745
0.071547
0.067378
0.075819
0.066300
0.099748
0.094227
0.076777
0.081735
0.105948
0.090855
0.095484
0.075949
0.075704
0.081052
0.066745
0.056719
0.053927
0.079798
0.054262
0.093033
0.092986
0.100044
0.063620
0.064006
0.072352
0.072179
0.104578
0.112405
0.094218
0.082492
0.105326
0.091593
0.093740
0.077685
0.068825
0.094131
0.082582
0.083153
0.076908
0.073632
0.074350
0.084779
0.078767
0.099588
0.090092
0.089640
0.078363
0.086915
0.074993
0.072685
0.086101
0.061845
0.069327
0.092860
0.072994
0.095686
0.071899
0.076389
0.079690
0.064368
0.071968
0.093656
0.084037
0.074358
0.077524
0.077656
0.076164
0.098071
0.090869
0.095244
0.084297
0.073295
0.061261
0.083694
0.080134
0.066960
0.092287
0.097578
0.068437
0.077499
0.084886
0.099710
0.085562
0.097293
0.103744
0.105504
0.105857
0.099824
0.077629
0.076598
0.089316
0.126230
0.133924
0.084381
0.075433
0.086985
0.097733
0.112374
0.092748
0.073062
0.077714
0.080009
0.070457
0.104496
0.065927
0.107437
0.060777
0.106278
0.104875
0.081799
0.092984
0.110689
0.073479
0.071757
0.090017
0.117982
0.095595
0.114645
0.102094
0.082383
0.088076
0.068731
0.084651
0.066726
0.070864
0.078786
0.106930
0.110591
0.109282
0.099922
0.072337
0.074475
0.090329
0.101550
0.098949
0.100605
0.107912
0.135427
0.072474
0.059151
0.060440
0.046852
0.060372
0.092111
0.102598
0.099188
0.088040
0.100888
0.055334
0.061598
0.064099
0.064954
0.062584
0.059361
0.071243
0.085085
0.057022
0.074745
0.066906
0.082960
0.082230
0.107610
0.091506
0.080021
0.100476
0.089589
0.060632
0.108073
0.068599
0.082912
0.075244
0.067448
0.096083
0.078413
0.088822
0.098912
0.085806
0.096286
0.060079
0.075765
0.095415
0.090473
0.083712
0.063459
0.100038
0.087822
0.057820
0.090887
0.114533
0.079073
0.074959
0.081401
0.100654
0.085260
0.065010
0.081560
0.073952
0.118953
0.088089
0.067658
0.069297
0.094166
0.074349
0.089550
0.085540
0.087245
0.116952
0.113931
0.113119
0.089306
0.070683
0.059571
0.076492
0.070344
0.075389
0.066552
0.052774
0.084000
0.055396
0.078896
0.101575
0.077472
0.061532
0.064547
0.078318
0.099561
0.056044
0.121099
0.072761
0.111662
0.067105
0.081206
0.078064
0.083474
0.097461
0.084336
0.091465
0.108189
0.098207
0.052532
0.082612
0.101493
0.065783
0.104128
0.082828
0.087153
0.073234
0.107014
0.087823
0.072004
0.086425
0.096032
0.070559
0.093897
0.069670
0.121583
0.102314
0.095570
0.064355
0.067552
0.061771
0.074586
0.066589
0.047415
0.098051
0.087339
0.083860
0.080021
0.093034
0.050080
0.091384
0.071063
0.087140
0.078914
0.103057
0.073009
0.093333
0.103339
0.071212
0.101973
0.089622
0.111257
0.068051
0.109629
0.060647
0.083880
0.062947
0.079844
0.074079
0.098058
0.093913
0.071442
0.100755
0.094172
0.062731
0.110640
0.080863
0.087848
0.106199
0.080769
0.066568
0.091283
0.073284
0.078618
0.098768
0.063373
0.071070
0.122478
0.068478
0.089878
0.094146
0.077151
0.100591
0.069562
0.058617
0.068887
0.081522
0.100019
0.094153
0.059478
0.079818
0.099186
0.088387
0.077101
0.062723
0.071563
0.075814
0.080637
0.059963
0.087734
0.080250
0.077090
0.094010
0.092888
0.090488
0.074301
0.086343
0.130320
0.084060
0.066812
0.087584
0.077455
0.108076
0.085960
