1.773109
0.089488
0.089307
0.061433
0.062373
0.093882
0.065730
0.055712
0.069286
0.054620
0.074623
0.065006
0.069968
0.066872
0.090651
0.074688
0.057290
0.076680
0.069490
0.073568
0.090665
0.064779
0.051970
0.080053
0.072601
0.053669
0.070311
0.059871
0.074462
0.085747
0.104904
0.067793
0.074697
0.106329
0.087523
0.080322
0.107062
0.133194
0.088557
0.099449
0.077051
0.073143
0.074601
0.086601
0.068060
0.060495
0.103684
0.090238
0.091428
0.056749
0.102987
0.059619
0.075910
0.072649
0.105964
0.084860
0.097104
0.079318
0.080812
0.095731
0.104119
0.109420
0.055454
0.078758
0.103122
0.095956
0.093251
0.071016
0.063297
0.083054
0.107096
0.100599
0.055293
0.073681
