1.736399
0.072091
0.057221
0.068554
0.050072
0.076015
0.082412
0.057636
0.069955
0.055580
0.091636
0.072224
0.079590
0.090537
0.069624
0.086864
0.086369
0.079778
0.058746
0.087757
0.096376
0.066202
0.062186
0.087188
0.097057
0.098712
0.092100
0.103382
0.093060
0.056744
0.110988
0.102747
0.065206
0.072874
0.072530
0.076421
0.067771
0.085271
0.060008
0.073155
0.110154
0.123716
0.090442
0.043047
0.063445
0.108125
0.067713
0.087929
0.079866
0.058280
0.095976
0.096877
0.098363
0.101920
0.082124
0.080662
0.090767
0.093385
0.087202
0.071852
0.077121
0.079881
0.079355
0.086753
0.080230
0.073011
0.073856
0.064832
0.059350
0.097566
0.100120
0.070703
0.091528
0.102210
0.098056
0.082866
0.073117
0.069805
0.091810
0.072240
0.088383
0.072937
0.087147
0.078876
0.088782
0.099254
0.073598
0.073996
0.066087
0.070275
0.104526
0.064330
0.077985
0.057562
0.068783
0.066347
0.097119
0.103574
0.090484
0.087223
0.091264
0.089726
0.082090
0.087490
0.074389
0.107936
0.111558
0.094981
0.119749
0.091571
0.099412
0.106228
0.091190
0.068416
0.061289
0.074827
0.070640
0.075965
0.104522
0.110002
0.115814
0.085237
0.082941
0.102570
0.081762
0.086988
0.114137
0.084894
0.062620
0.056702
0.106874
0.096146
0.084489
0.067190
0.073871
0.087884
0.078844
0.061768
0.092089
0.080439
0.088288
0.104411
0.078331
0.089516
0.077395
0.110410
0.095280
0.103845
0.120352
0.110046
0.104844
0.066810
0.087196
0.072392
0.101979
0.079962
0.102805
0.099747
0.058085
0.068221
0.115426
0.096192
0.119964
0.101993
0.070444
0.081710
0.063416
0.060153
0.075848
0.075855
0.090740
0.061967
0.085027
0.065147
0.085981
0.081800
0.061359
0.060218
0.089093
0.062371
0.100202
0.105725
0.126949
0.129078
0.123857
0.086545
0.096828
0.096376
0.090597
0.091801
0.086060
0.081954
0.066744
0.102881
0.084592
0.069187
0.068074
0.064524
0.073572
0.097947
0.089441
0.065963
0.078933
0.090452
0.080696
0.051352
0.066264
0.094579
0.061641
0.055805
0.087521
0.107649
0.080751
0.046090
0.082711
0.060466
0.060429
0.093964
0.088775
0.072170
0.079493
0.091889
0.065386
0.061036
0.047843
0.060188
0.073450
0.075784
0.094063
0.104026
0.100791
0.056711
0.063158
0.123204
0.108680
0.101254
0.071712
0.069913
0.074062
0.084440
0.105322
0.079853
0.092735
0.081633
0.088702
0.061837
0.059586
0.063397
0.063316
0.071250
0.088863
0.074855
0.073703
0.082801
0.056549
0.064887
0.061800
0.079893
0.068883
0.072059
0.105277
0.054851
0.050249
0.103596
0.077723
0.066299
0.077369
0.073962
0.063558
0.074509
0.097945
0.081344
0.070061
0.091848
0.063702
0.078469
0.066402
0.085680
0.087235
0.071749
0.096200
0.086146
0.102920
0.072202
0.081678
0.066179
0.109791
0.054317
0.088487
0.101025
0.094378
0.093813
0.108555
0.068853
0.076385
0.115242
0.087288
0.080052
0.053531
0.076422
0.088506
0.061784
0.065046
0.084080
0.116860
0.097678
0.053427
0.061708
0.085155
0.085426
0.118912
0.096912
0.103106
0.088282
0.095046
0.082784
0.061343
0.089128
0.099579
0.083713
0.100639
0.081930
0.099611
0.081934
0.064385
0.054827
0.108148
0.126778
0.076277
0.095780
0.112563
0.074247
0.092562
0.109152
0.097070
0.096686
0.091027
0.091759
0.083344
0.120708
0.122005
0.080804
0.090066
0.114141
0.106427
0.104661
0.113909
0.060570
0.062539
0.065490
0.107340
0.108042
0.098719
0.103060
0.080936
0.058689
0.062668
0.070351
0.073975
0.071598
0.079631
0.067045
