1.807082
0.079065
0.062157
0.049954
0.066560
0.065430
0.058939
0.085268
0.073634
0.083584
0.079139
0.042126
0.094346
0.068283
0.054132
0.071133
0.075920
0.084446
0.097206
0.104005
0.127914
0.068140
0.099123
0.062105
0.058307
0.071591
0.078763
0.083658
0.088312
0.109248
0.106618
0.088712
0.089751
0.063723
0.100144
0.083475
0.114626
0.101973
0.084123
0.098484
0.102227
0.055058
0.063986
0.067837
0.072119
0.124141
0.102195
0.083008
0.057369
0.053987
0.117670
0.055717
0.080289
0.081350
0.079912
0.109798
0.096677
0.065966
0.083002
0.075385
0.086673
0.101946
0.084274
0.075047
0.098426
0.064422
0.090678
0.088899
0.112595
0.096104
0.115505
0.105246
0.071602
0.063161
0.097428
0.090828
0.065212
0.109498
0.107405
0.154023
0.105020
0.124490
0.094251
0.100467
0.089795
0.087352
0.107020
0.075214
0.099358
0.055773
0.106309
0.082733
0.097213
0.069573
0.098238
0.111017
0.117782
0.073589
0.055755
0.045307
0.080466
0.086785
0.133039
0.083650
0.086203
0.124583
0.135509
0.129574
0.072592
0.081501
0.116447
0.119708
0.077181
0.072844
0.064476
0.117408
0.075267
0.083522
0.084621
0.060450
0.094427
0.090023
0.068027
0.037478
0.078526
0.070196
0.099267
0.105189
0.061076
0.070945
0.114247
0.061087
0.078763
0.107396
0.102597
0.083685
0.103699
0.101249
0.072971
0.060260
0.073046
0.060873
0.115955
0.074043
0.056125
0.083142
0.072847
0.075672
0.058737
0.084157
0.116245
0.113548
0.092494
0.074062
0.087706
0.082071
0.069635
0.074521
0.084388
0.071902
0.083528
0.075713
0.085247
0.087644
0.118529
0.113866
0.098635
0.102514
0.128893
0.096538
0.121106
0.110263
0.078836
0.054078
0.049583
0.064876
0.066435
0.081468
0.090376
0.107012
0.117258
0.105164
0.126662
0.072863
0.090054
0.075147
0.067544
0.107360
0.116094
0.089869
0.113982
0.153040
0.094736
0.085211
0.065646
0.080578
0.104689
0.078796
0.079724
0.093092
0.078465
0.055302
0.090436
0.076653
0.074631
0.078684
0.073660
0.063897
0.107008
0.090862
0.106067
0.086553
0.069918
0.054653
0.081048
0.076874
0.093607
0.093585
0.065331
0.048013
0.067147
0.055347
0.093176
0.076870
0.125360
0.060167
0.105714
0.084903
0.069355
0.090975
0.114670
0.087913
0.091012
0.098278
0.068705
0.070811
0.080819
0.070037
0.036914
0.119939
0.127425
0.120071
0.074300
0.079852
0.073353
0.088803
0.077251
0.095758
0.057930
0.083440
0.092441
0.057516
0.082310
0.094196
0.066420
0.091137
0.099526
0.079076
0.069901
0.058241
0.082789
0.069677
0.101007
0.087400
0.091146
0.048717
0.092196
0.109344
0.104201
0.099908
0.098116
0.094582
0.076031
0.117369
0.123008
0.061818
0.068753
0.084274
0.083484
0.080715
0.125818
0.098937
0.121536
