1.745013
0.091310
0.093664
0.115563
0.090283
0.108875
0.089531
0.092318
0.100576
0.071150
0.091447
0.079320
0.067755
0.091658
0.074874
0.061145
0.055368
0.081650
0.054043
0.068851
0.083075
0.092809
0.059317
0.076731
0.052808
0.072811
0.082433
0.072911
0.106775
0.048993
0.090483
0.071141
0.082001
0.083637
0.117388
0.131086
0.079159
0.118046
0.085212
0.077323
0.137212
0.084694
0.087601
0.093055
0.103142
0.127068
0.070760
0.082294
0.088561
0.087543
0.077449
0.106571
0.067676
0.102020
0.100492
0.073920
0.074823
0.071955
0.096099
0.084985
0.103423
0.056578
0.068496
0.067580
0.066263
0.089920
0.121465
0.115416
0.060455
0.061265
0.067685
0.060257
0.090503
0.065285
0.074066
0.071866
0.088158
0.081002
0.100130
0.092002
0.109790
0.087679
0.101471
0.096855
0.103088
0.112851
0.095860
0.105364
0.134353
0.050805
0.103612
0.060335
0.078911
0.059988
0.078331
0.064534
0.059674
0.051615
0.064250
0.074094
0.096225
0.061217
0.065503
0.065807
0.061158
0.044733
0.037941
0.037254
0.082416
0.053668
0.074317
0.074388
0.107009
0.066471
0.091073
0.097085
0.095155
0.106640
0.078007
0.112809
0.108585
0.089807
0.085064
0.091974
0.084650
0.055824
0.105861
0.083714
0.089025
0.089627
0.094894
0.067569
0.088863
0.073030
0.087854
0.089167
0.082307
0.075888
0.106560
0.082937
0.108291
0.099451
0.088640
0.070449
0.072024
0.071555
0.103417
0.074143
0.040586
0.057730
0.094652
0.059389
0.045043
0.046640
0.046850
0.057160
0.067286
0.070858
0.058136
0.070982
0.093833
0.070476
0.075940
0.082453
0.085097
0.111897
0.076721
0.094517
0.086047
0.063660
0.062520
0.052493
0.079968
0.077764
0.076373
0.090113
0.083894
0.068761
0.093789
0.061712
0.087770
0.051465
0.045132
0.051316
0.081654
0.099321
0.063249
0.063133
0.099515
0.090999
0.125480
0.127544
0.111206
0.129116
0.124222
0.114586
0.059656
0.070580
0.095434
0.072544
0.103978
0.072787
0.067949
0.091131
0.069082
0.076385
0.085465
0.060871
0.070907
0.084899
0.110387
0.090473
0.113386
0.067116
0.099275
0.084118
0.104243
0.077698
0.098844
0.123679
0.095650
0.100578
0.083269
0.113003
0.110813
0.097642
0.071226
0.092279
0.120639
0.085792
0.074710
0.086172
0.083306
0.089783
0.104003
0.100516
0.111758
0.086193
0.118964
0.052821
0.076794
0.111881
0.076809
0.110721
0.062057
0.086644
0.082347
0.065179
0.078691
0.068653
0.087230
0.040174
0.090084
0.048968
0.071904
0.107319
0.072767
0.074933
0.081727
0.056826
0.123989
0.087690
0.107964
0.068323
0.120194
0.118188
0.093637
0.067629
0.101664
0.087626
0.100549
0.085927
0.078497
0.110075
0.073709
0.059374
0.051869
0.060477
0.087014
0.083488
0.087386
0.090191
0.080616
0.101680
0.105267
0.086900
0.115450
0.085663
0.114910
0.116866
0.111517
0.113093
0.097192
0.102349
0.062828
0.093146
0.086298
0.109248
0.090019
0.061925
0.070258
0.067608
0.072193
0.105968
0.111779
0.056750
0.071480
0.078489
0.040762
0.092470
0.129817
0.068303
0.093105
0.050627
0.057361
0.101086
0.070997
0.089907
0.113999
0.087685
0.063595
0.065294
0.099570
0.053701
0.071447
0.062777
0.063614
0.055636
0.094881
0.044038
0.086775
0.048784
0.079031
0.067697
0.050302
0.084001
0.092516
0.071034
0.051066
0.071208
0.097406
0.122065
0.084941
0.094998
0.040488
0.073799
0.063958
0.056203
0.080482
0.121178
0.134038
0.126099
0.101403
0.084866
0.066584
0.079298
0.112845
0.080986
0.102167
0.055511
0.094326
0.065923
0.078597
0.050773
0.060899
0.097629
0.100686
0.078493
0.094938
0.061241
0.100131
0.081715
0.056589
0.075943
0.089607
0.108284
0.098972
0.096801
0.114174
0.080969
0.094486
0.086261
0.064945
0.099959
0.097846
0.099770
0.102734
0.071513
0.092793
0.118856
0.121305
0.052050
0.088629
0.049613
0.076276
0.101388
0.086277
0.100474
0.090155
0.069408
0.084457
0.093025
0.068907
0.107652
0.060676
0.058992
0.045693
0.056527
0.078760
0.078800
0.116168
0.079494
0.115462
0.116257
0.078647
0.073013
0.077778
0.064301
0.061677
0.048570
0.085035
0.068640
0.082713
0.099731
0.065392
0.044253
0.074267
0.087198
0.093824
0.091922
0.095378
0.105807
0.099036
0.080182
0.072983
0.111402
0.082141
0.104356
0.102718
0.126277
0.132051
0.099796
0.111517
0.083792
0.114209
0.084101
0.054625
0.114514
0.105253
0.110783
0.133365
0.083764
0.108890
0.098464
0.076953
0.061039
0.061966
0.060654
0.061740
0.043592
