1.954493
0.074429
0.089142
0.075053
0.078716
0.088750
0.092502
0.094215
0.089169
0.085828
0.100464
0.051329
0.079883
0.045855
0.051270
0.055193
0.060329
0.052981
0.081350
0.056928
0.098709
0.086562
0.059748
0.060073
0.068422
0.062907
0.056661
0.054380
0.077947
0.057357
0.121108
0.110551
0.050579
0.072978
0.082302
0.091464
0.079772
0.080976
0.106564
0.096026
0.128019
0.079786
0.093246
0.081526
0.079443
0.099040
0.075339
0.063186
0.119999
0.117591
0.072107
0.054639
0.060475
0.095973
0.065128
0.062129
0.050052
0.060127
0.073179
0.085544
0.104126
0.103928
0.091718
0.123763
0.058505
0.061786
0.041589
0.053191
0.049879
0.079852
0.084175
0.064384
0.056408
0.105564
0.061459
0.037493
0.075047
0.099194
0.110531
0.114671
0.108068
0.054314
0.055143
0.085451
0.088281
0.089877
0.073910
0.085958
0.106295
0.122830
0.111229
0.098760
0.130140
0.116884
0.101463
0.086686
0.079363
0.071501
0.056330
0.080349
0.089739
0.085108
0.104300
0.078753
0.082454
0.065135
0.091549
0.083674
0.050660
0.070398
0.102356
0.063054
0.113092
0.075909
0.102527
0.088578
0.106372
0.103299
0.045581
0.042472
0.078209
0.033515
0.077547
0.070026
0.095572
0.082339
0.037125
0.065266
0.033055
0.045449
0.084571
0.036237
0.051702
0.067300
0.067869
0.088788
0.058967
0.083476
0.078175
0.062150
0.056370
0.064188
0.081424
0.056885
0.096191
0.065221
0.044178
0.079565
0.085487
0.054301
0.098403
0.069483
0.080986
0.067739
0.086277
0.073784
0.033310
0.038664
0.044934
0.049760
0.058657
0.049188
0.055506
0.049013
0.058320
0.087683
0.075637
0.085052
0.099718
0.074841
0.077313
0.032884
0.072543
0.100398
0.086163
0.098020
0.075858
0.075253
0.077612
0.092092
0.123928
0.068295
0.108934
0.099058
0.077550
0.059152
0.048947
0.048196
0.064155
0.062442
0.072554
0.071422
0.057210
0.069241
0.101152
0.111540
0.066582
0.067430
0.057792
0.076404
0.125138
0.061742
0.096908
0.078580
0.120267
0.084890
0.086786
0.096410
0.085387
0.071240
0.076190
0.044106
0.052202
0.049170
0.073276
0.062749
0.054306
0.097867
0.109602
0.092523
0.085870
0.078270
0.098904
0.097041
0.093448
0.104154
0.112351
0.100203
0.095171
0.095312
0.118421
0.091226
0.084204
0.059255
0.040205
0.059265
0.087068
0.066464
0.087806
0.048255
0.100418
0.088455
0.068386
0.071021
0.079962
0.086443
0.100798
0.085613
0.090125
0.123675
0.123834
0.104729
0.118610
0.105599
0.072899
0.065754
0.065646
0.075838
0.052221
0.045796
0.092052
0.083738
0.077365
0.052460
0.093609
0.102540
0.114865
0.110426
0.089879
0.099165
0.079676
0.058573
0.072890
0.065745
0.076192
0.064856
0.080322
0.060034
0.099673
0.100188
0.064076
0.073319
0.058719
0.078632
0.069292
0.051248
0.061546
0.068752
0.044503
0.041667
0.079037
0.063215
0.078926
0.045601
0.055292
0.077615
0.079217
0.039188
0.059632
0.055920
0.066357
0.056584
0.037244
0.042197
0.046539
0.061784
0.075430
0.075229
0.072454
0.076514
0.058545
0.065603
0.100962
0.086910
0.109054
0.085721
0.059978
0.086588
0.071102
0.102057
0.112137
0.093716
0.064446
0.046420
0.077876
0.092261
