1.844849
0.066034
0.101464
0.110220
0.063281
0.089869
0.072505
0.122566
0.101642
0.095194
0.079648
0.084682
0.085603
0.125918
0.055044
0.069708
0.086426
0.090963
0.053380
0.079072
0.111977
0.113410
0.092031
0.113834
0.074066
0.082606
0.059086
0.077032
0.082543
0.105707
0.098471
0.094907
0.128686
0.090541
0.081448
0.098713
0.087190
0.086861
0.095766
0.085364
0.130944
0.090341
0.062462
0.059636
0.093458
0.098495
0.118870
0.087817
0.102128
0.100802
0.134323
0.149780
0.139750
0.118393
0.090832
0.097946
0.093222
0.091696
0.097316
0.101611
0.111245
0.116786
0.128107
0.125324
0.067400
0.080140
0.101711
0.107355
0.108284
0.124358
0.119045
0.116939
0.082005
0.072599
0.101605
0.077422
0.073352
0.057313
0.081207
0.119919
0.107866
0.128542
0.103101
0.111865
0.110356
0.103157
0.154069
0.059320
0.087268
0.085164
0.081687
0.070289
0.067285
0.092654
0.093969
0.069438
0.079101
0.066434
0.052396
0.085207
0.098819
0.088788
0.073089
0.076512
0.039992
0.052099
0.047566
0.075610
0.089879
0.062233
0.086769
0.065124
0.074458
0.077240
0.091948
0.119619
0.050459
0.066276
0.049073
0.071523
0.102863
0.123308
0.100391
0.066261
0.061582
0.063732
0.075763
0.059612
0.064714
0.056277
0.091248
0.071930
0.075617
0.105792
0.138231
0.063957
0.089612
0.058270
0.097948
0.066903
0.072354
0.081509
0.084288
0.053343
0.057827
0.083543
0.079255
0.086916
0.066368
0.058037
0.080311
0.122181
0.092368
0.130807
0.070249
0.095145
0.099942
0.069283
0.093815
0.055644
0.087718
0.054353
0.079102
0.085946
0.068426
0.089845
0.080223
0.082533
0.079747
0.084215
0.125733
0.107949
0.091028
0.082953
0.088039
0.136020
0.058621
0.098979
0.087946
0.080591
0.136510
0.103072
0.091636
0.067235
0.069852
0.079407
0.056738
0.070217
0.071044
0.068903
0.104542
0.059685
0.069748
0.090291
0.082179
0.080683
0.055150
0.060635
0.119276
0.115889
0.094923
0.079099
0.080940
0.075431
0.069188
0.091246
0.062572
0.047743
0.076751
0.092086
0.094971
0.087217
0.056046
0.057487
0.055072
0.085735
0.134466
0.118665
0.108478
0.092163
0.069834
0.054972
0.069174
0.076318
0.091494
0.082685
0.091175
0.121097
0.092285
0.128972
0.136186
0.102106
0.096489
0.078278
0.113158
0.056098
0.090309
0.093783
0.118672
0.104920
0.095121
0.077471
0.070871
0.084835
0.068809
0.063884
0.100261
0.073864
0.072347
0.076874
0.095130
0.051537
0.081536
0.093900
0.081501
0.079067
0.113104
0.097260
0.090296
0.093221
0.107518
0.093595
0.080935
0.082334
0.109723
0.074933
0.090220
0.073092
0.076548
0.062445
0.092749
0.058954
0.071754
0.059893
0.054205
0.061945
0.076310
0.065662
0.058150
0.066532
0.110247
0.123185
0.086934
0.099263
0.096588
0.105727
0.094397
0.082764
0.071318
0.074490
0.093140
0.088350
0.082825
0.093248
0.096957
0.092158
0.091216
0.097305
0.102846
0.092402
0.108464
0.062628
0.067687
0.073718
0.080005
0.075959
0.072701
0.073907
0.082658
0.087464
0.091429
0.097441
0.117936
0.094479
0.097246
0.085624
0.071381
0.073679
0.070019
0.071770
0.074227
0.068259
0.091145
0.110145
0.073670
0.087112
0.075343
0.075424
0.084045
0.078768
0.090987
0.064058
0.055047
0.059661
0.051459
0.089476
0.083387
0.099795
0.065670
0.068900
0.116989
0.064075
0.084996
0.101640
0.111953
0.099945
0.070436
0.084435
0.079252
0.069522
0.095022
0.070165
0.085854
0.139090
0.084275
0.088521
0.082509
0.126381
0.096426
0.105119
0.091088
0.114640
0.083596
0.073867
0.100866
0.088828
0.083122
0.078438
0.103688
0.061815
0.066150
0.060611
0.104116
0.058924
0.045486
0.091476
0.101738
0.074161
0.106699
0.055090
0.086946
0.092182
0.075641
0.077956
0.078718
0.057897
0.065962
0.117116
0.098320
0.085383
0.107603
0.038963
0.060683
0.089016
0.092396
0.040901
0.063197
0.051415
0.072034
0.053349
0.082953
0.096605
0.094839
0.088283
0.083164
0.100353
0.088420
0.100968
0.068820
0.123710
0.097185
0.128202
0.089667
0.057261
0.064761
0.068219
0.086119
0.124763
0.128798
0.074605
0.082112
0.113121
0.093275
0.147168
0.090208
0.121187
0.099941
0.064169
0.042487
0.074762
0.068929
0.071345
0.126153
0.105731
0.089647
0.088249
0.091991
0.105745
0.102216
0.104711
0.100443
0.125094
0.071721
0.072950
0.086237
0.123825
0.071483
0.101578
0.083826
0.089948
0.122591
0.060516
0.073240
0.070698
0.085059
0.119499
0.087620
0.095265
0.078083
0.085935
0.091254
0.113855
0.102914
0.072899
0.067365
0.058882
0.060215
0.088110
0.091913
0.069021
0.108953
0.141669
0.087845
0.108983
0.102532
0.119138
0.107097
0.110033
0.111519
0.115166
0.132227
0.068630
0.082891
0.090935
0.133002
0.111432
0.051382
0.064435
0.056027
0.061632
0.075764
0.059019
0.104191
0.107285
0.072136
0.102920
0.100201
0.064648
0.059174
0.061447
