1.752700
0.079225
0.087831
0.091791
0.110377
0.080933
0.069240
0.074656
0.089026
0.072923
0.128567
0.103516
0.073227
0.122071
0.111010
0.059955
0.101408
0.085773
0.056109
0.084765
0.082402
0.075783
0.091891
0.090438
0.095621
0.079383
0.076818
0.074285
0.065078
0.078989
0.088287
0.077055
0.080075
0.074526
0.064821
0.065278
0.101664
0.084957
0.086825
0.055516
0.088407
0.072180
0.088006
0.072871
0.084919
0.092111
0.082015
0.084540
0.086276
0.074619
0.100375
0.067350
0.119150
0.074670
0.068965
0.086883
0.058582
0.091658
0.090825
0.080580
0.078635
0.065903
0.083413
0.124582
0.079297
0.113758
0.073640
0.116532
0.100671
0.127853
0.092175
0.091868
0.100844
0.092281
0.095256
0.096003
0.084008
0.077759
0.079341
0.080552
0.064086
0.094948
0.126722
0.093496
0.085715
0.096215
0.090545
0.080050
0.089371
0.082960
0.082952
0.073610
0.100479
0.054374
0.110916
0.064397
0.097998
0.080396
0.105276
0.099289
0.114090
0.092853
0.098881
0.092843
0.080149
0.093660
0.093421
0.099864
0.122740
0.093756
0.124420
0.136442
0.114582
0.090692
0.059793
0.059677
0.064927
0.080470
0.083101
0.098023
0.123476
0.097250
0.100703
0.096870
0.086184
0.109608
0.083558
0.094962
0.071156
0.110083
0.074094
0.092211
0.074909
0.073469
0.092035
0.073306
0.090498
0.075010
0.106080
0.097552
0.117794
0.071266
0.113388
0.105252
0.088294
0.122446
0.094492
0.117693
0.113161
0.107507
0.088720
0.090806
0.102676
0.078565
0.083100
0.083748
0.084419
0.072484
0.109357
0.108295
0.110247
0.108375
0.112374
0.082908
0.110519
0.088597
0.086869
0.091969
0.094931
0.099613
0.116335
0.117428
0.099514
0.090596
0.113472
0.106883
0.109206
0.113927
0.078933
0.100918
0.117076
0.101009
0.060527
0.070831
0.074449
0.110237
0.092788
0.092636
0.077471
0.079243
0.121766
0.091902
0.093392
0.087064
0.068995
0.082947
0.076859
0.065770
0.080523
0.085751
0.104918
0.086031
0.097727
0.090238
0.088423
0.100253
0.110559
0.086297
0.088154
0.076530
0.095538
0.106231
0.106119
0.082026
0.074535
0.053447
0.114241
0.060521
0.100091
0.075439
0.084846
0.081126
0.064040
0.093157
0.083208
0.061499
0.073870
0.108149
0.112078
0.099308
0.103945
0.109510
0.113166
0.062309
0.104696
0.083873
0.076268
0.075483
0.092466
0.069746
0.082628
0.101206
0.108663
0.088368
0.056133
0.076688
0.092646
0.075647
0.081891
0.087835
0.100221
0.111577
0.113963
0.083529
0.072888
0.075189
0.091127
0.125489
0.114151
0.078182
0.105566
0.062635
0.058250
0.086390
0.078356
0.113644
0.066409
0.068005
0.068719
0.069890
0.108524
0.098363
0.078815
0.120836
0.122548
0.106002
0.106305
0.124510
0.080528
0.103341
0.098689
0.083799
0.094695
0.097941
0.074901
0.087304
0.066965
0.075245
0.087820
0.098855
0.088853
0.117394
0.112491
0.109489
0.077884
0.078109
0.104108
0.089393
0.081908
0.093174
0.092840
0.101120
0.114491
0.134938
0.121703
0.111706
0.076841
0.087245
0.083376
0.078021
0.113128
0.077485
0.071932
0.080214
0.079597
0.071870
0.085082
0.125206
0.093530
0.115793
0.121326
0.116083
0.075362
0.109413
0.121932
0.100141
0.078537
0.079848
0.082980
0.072422
0.081606
0.077290
0.075739
0.094347
0.075414
0.101197
0.060809
0.085807
0.115158
0.126127
0.103279
0.102041
0.084099
0.114176
0.076065
0.074151
0.077191
0.095959
0.079273
0.101412
0.078314
0.056621
0.075337
0.103654
0.092564
0.082456
0.088265
0.092054
0.086958
0.092921
0.109198
0.063936
0.106068
0.109770
0.071855
0.077147
0.096451
0.090636
0.099241
0.058933
0.096336
0.073123
0.082931
0.087275
0.070299
0.085385
0.108124
0.110773
0.095187
0.082062
0.101263
0.102670
0.057153
0.088459
0.107316
0.092051
0.067722
0.089294
0.098140
0.096248
0.129194
0.102917
0.076369
0.098957
0.099287
0.117534
0.101887
0.089236
0.071419
0.087723
0.095253
0.103481
0.090120
0.090854
0.089415
0.070156
0.045154
0.075390
0.054089
0.080033
0.085555
0.093263
0.104987
0.081564
0.092534
0.085943
0.062188
0.070456
0.076649
0.088665
0.102280
0.086859
0.101794
0.062594
0.091116
0.088319
0.076033
0.062476
0.084468
0.071992
0.082112
0.091872
0.120120
0.080665
0.099281
0.097548
0.101954
0.090337
0.071383
0.070033
0.085346
0.092185
0.089391
0.093417
0.086808
0.109540
0.108328
0.084526
0.099256
0.078313
0.086104
0.070608
0.090908
0.074996
0.061160
0.065006
0.061057
0.087222
0.082865
0.053488
0.120341
0.113378
0.101138
0.103889
0.095785
0.080307
0.095685
0.086143
0.081748
0.103631
0.118042
0.104567
0.107304
0.079804
0.100532
0.069471
0.108777
0.089389
0.077255
0.084818
0.090321
0.067887
0.069424
0.060683
0.050696
0.070709
0.070611
0.090283
0.069808
0.083908
0.109206
0.086693
0.097547
0.101720
0.096357
0.119092
0.091965
0.060971
0.084866
0.048975
0.084366
0.083942
0.084410
0.063415
0.073541
0.064367
0.070391
0.065020
0.068252
0.078140
0.100595
0.078436
0.065580
0.065727
0.088637
0.081929
0.098833
0.075423
0.092960
0.094406
0.095002
0.095138
0.076456
0.073296
0.086986
0.077850
0.063014
0.075365
0.081210
0.074979
0.078767
0.081261
0.080756
0.093957
0.068747
0.069788
0.079722
0.089019
0.082710
0.092856
0.097017
0.089576
0.068105
0.064279
0.098238
0.082872
0.077587
0.064487
0.070694
0.085229
0.067103
0.063525
0.089164
0.082115
0.077808
0.103670
0.090012
0.106667
0.060036
0.079330
0.105212
0.088355
0.098633
0.103950
0.084460
0.086498
0.051067
0.087342
0.096510
0.087815
0.085090
0.068186
0.063318
0.100288
0.114708
0.103346
0.097569
0.063867
0.062066
0.081872
0.101984
0.060099
0.075711
0.092227
0.073993
0.081222
0.084130
0.105026
0.082036
0.097342
0.108295
0.093472
0.103631
0.098197
0.080083
0.060394
0.093645
0.085141
0.079322
0.069547
0.079949
0.109526
0.062650
0.068507
0.071370
0.096742
0.090702
0.069012
0.076470
0.111632
0.077301
0.096415
0.102240
0.091428
0.090801
0.075282
0.063073
0.085359
0.095955
0.090499
0.104073
0.056077
0.071234
0.075360
0.075055
0.096388
0.077304
0.090321
0.081508
0.085473
0.086987
0.086301
0.095676
0.058794
0.076800
0.073604
0.068080
0.077846
0.057318
0.081912
0.068206
0.104632
0.069310
0.075355
0.085387
0.094657
0.067314
0.083233
0.084746
0.060302
0.106946
0.051246
0.062180
0.085438
0.090571
0.110488
0.054218
0.091962
0.083541
0.071196
0.100670
0.078424
0.106753
0.077470
0.096610
0.075022
0.059882
0.070982
0.077719
0.104425
0.141466
0.103913
0.133486
0.141425
0.112722
0.113334
0.104207
0.110096
0.089180
0.091599
0.088181
0.090430
0.081772
0.095866
0.062885
0.062460
0.082196
0.085240
0.088726
0.088318
0.123166
0.095669
0.099894
0.094474
0.090120
0.078086
0.115707
0.085186
0.073599
0.104530
0.085258
0.098526
0.080549
0.075715
0.100220
0.071581
0.080444
0.110489
0.100878
0.079535
0.121842
0.090815
0.107599
0.089242
0.064812
0.091589
0.086618
0.075511
0.072406
0.050554
0.084855
0.072686
0.092295
0.077802
0.070445
0.090271
0.097514
0.058700
0.053547
0.078919
0.093829
0.071538
0.078572
0.094935
0.083663
0.087525
0.073281
0.113782
0.076095
0.077216
0.105963
0.075011
0.095721
0.090760
0.078974
0.069906
0.079773
0.081653
0.098862
0.083481
0.115440
0.096483
0.098932
0.089037
0.082206
0.083569
0.071990
0.075430
0.101205
0.086155
0.105358
0.077005
0.051949
0.074871
0.064529
0.076729
0.112602
0.119306
0.064484
0.073399
0.096277
0.078053
0.098682
0.099293
0.103737
0.118217
0.096358
0.093109
0.064773
0.106991
0.076045
0.086230
0.069201
0.087182
0.083555
0.096171
0.121056
0.115100
0.119282
0.102661
0.078727
0.114243
0.101383
0.092794
0.120603
0.079012
0.103642
0.095603
0.098689
0.097162
0.088270
0.073232
0.089676
0.109164
0.069175
0.109453
0.072994
0.066709
0.078448
0.112947
0.108879
0.095786
0.088904
0.086700
0.066753
0.076251
0.079434
0.069302
0.098100
0.078507
0.075847
0.096373
0.100263
0.090503
0.071901
0.083089
0.068258
0.115517
0.106089
0.077692
0.112211
0.091837
0.109170
0.091133
0.098114
0.104716
0.100286
0.085941
0.105605
0.082928
0.118838
0.066933
0.106098
0.085291
0.068743
0.094970
0.098174
0.106885
0.105226
0.068594
0.074490
0.065644
0.071807
0.071678
0.079132
0.100460
0.065787
0.055842
0.085183
0.079262
0.101821
0.060560
0.077175
0.071608
0.085552
0.104874
0.118880
0.075967
0.087921
0.103560
0.079489
0.086453
0.089170
0.077185
0.095969
0.064714
0.076693
0.099116
0.093891
0.097662
0.107286
0.100856
0.078912
0.082910
0.077658
0.075673
0.086703
0.105665
0.097236
0.083582
0.102757
0.095367
0.107823
0.095127
0.069207
0.107721
0.072899
0.094755
0.078475
0.091989
0.108544
0.094293
0.101720
0.093998
0.104254
0.068743
0.087637
0.069213
0.070274
0.074104
0.102580
0.073107
0.079374
0.089582
0.080920
0.111740
0.097062
0.106452
0.093451
0.066756
0.119068
0.093954
0.083493
0.077349
0.100381
0.056448
0.080425
0.059723
0.087673
0.092828
0.086397
0.075950
0.062427
0.064200
0.066983
0.065884
0.063646
0.074625
0.066046
0.077527
0.094701
0.083827
0.069471
0.075897
0.081180
0.101563
0.094560
0.077384
0.074673
0.088697
0.071690
0.063949
0.072778
0.073011
0.091881
0.077102
0.086042
0.102961
0.094393
0.091120
0.118168
0.103619
0.088085
0.090118
0.092790
0.097314
0.105024
0.097691
0.109214
0.105676
0.117645
0.101057
0.077701
0.087918
0.086295
0.097552
0.098504
0.080868
0.072329
0.073750
0.090404
0.053272
0.054164
0.068501
0.053091
0.062800
0.069203
0.071268
0.071095
0.059993
0.091014
0.069496
0.092586
0.093953
0.079844
0.082123
0.076214
0.102272
0.074075
0.049102
0.102436
0.085817
0.112469
0.091499
0.090261
0.087001
0.069164
0.086246
0.090264
0.087968
0.119779
0.077267
0.099919
0.081980
0.105330
0.079823
0.065941
0.062044
0.095466
0.109633
0.103999
0.090522
0.083460
0.081657
0.068309
0.073913
0.060044
0.090481
0.074920
0.080724
0.087665
0.080012
0.055136
0.083391
0.078820
0.077300
0.077411
0.091866
0.074576
0.096391
0.084690
0.084054
0.092065
0.087934
0.082582
0.085998
0.074095
0.075483
0.080125
0.100745
0.114898
0.072927
0.095865
0.117411
0.070645
0.089321
0.066715
0.085084
0.085127
0.095996
0.106383
0.078460
0.063459
0.080402
0.082426
0.061323
0.087225
0.078856
0.075989
0.078739
0.117320
0.106367
0.095438
0.066114
0.093031
0.088991
0.074786
0.066135
0.067086
0.071102
0.090701
0.074375
0.088476
0.082474
0.072405
0.083953
0.075620
0.101005
0.107699
0.060439
0.090781
0.082370
0.071979
0.079746
0.104797
0.115568
0.098788
0.108230
0.126550
0.108165
0.087015
0.076919
0.051390
0.081412
0.076095
0.098053
0.070109
0.075395
0.100889
0.064221
0.111864
0.071328
0.104214
0.069067
0.088428
0.122290
0.111805
0.099668
0.091864
0.075616
0.101656
0.074972
0.083823
0.082441
0.053652
0.066554
0.100362
0.068776
0.083838
0.082788
0.092562
0.054669
0.056806
0.094257
0.074833
0.074732
0.086895
0.118134
0.096062
0.092491
0.104338
0.091189
0.074922
0.052844
0.065272
0.063314
0.082172
0.074471
0.086110
0.123474
0.071181
0.114959
0.098018
0.090673
0.101054
0.066567
0.065974
0.073619
0.091721
0.076944
0.100066
0.071666
0.078704
0.088023
0.062394
0.083546
0.058092
0.068742
0.067684
0.092709
0.098161
0.091092
0.071353
0.094361
0.070579
0.060629
0.069487
0.086859
0.076648
0.092186
0.081096
0.109199
0.064970
0.061023
0.075057
0.096133
0.106339
0.075758
0.064803
0.097688
0.129541
0.068281
0.125577
0.056810
0.075101
0.064683
0.082492
0.075558
0.098727
0.092865
0.098351
0.093734
0.093114
0.065923
0.067493
0.088670
0.105422
0.095178
0.088124
0.075056
0.087455
0.076475
0.098268
0.108345
0.103997
0.093623
0.108642
0.054826
0.077766
0.067551
0.080285
0.058378
0.075569
0.079660
0.094379
0.072715
0.076248
0.106354
0.093812
0.080657
0.086762
0.089491
0.081867
0.103201
0.099204
0.119142
0.071738
0.072659
0.089315
0.078991
0.116943
0.090639
0.109286
0.104896
0.117140
0.067438
0.097696
0.131049
0.120820
0.089634
0.097886
0.115596
0.070320
0.094030
0.090418
0.085127
0.073244
0.092772
0.078389
0.082693
0.091118
0.068045
0.070149
0.092188
0.053320
0.081335
0.061817
0.087359
0.077213
0.059886
0.096227
0.076720
0.082366
0.097895
0.090150
0.080399
0.078714
0.052113
0.080811
0.088192
0.088901
0.068252
0.075212
0.080537
0.090084
0.080967
0.073172
0.092470
0.075541
0.090654
0.114253
0.065377
0.077893
0.057348
0.067315
0.091870
0.064038
0.080818
0.069481
0.081690
0.100845
0.070529
0.113479
0.083118
0.096787
0.114394
0.102949
0.093212
0.095335
0.105231
0.112482
0.075287
0.095260
0.098997
0.099554
0.091230
0.093723
0.091593
0.090371
0.111622
0.116694
0.091228
0.065416
0.080268
0.071465
0.066301
0.094864
0.111224
0.086171
0.068471
0.096597
0.084641
0.069652
0.080239
0.118889
0.100784
0.093343
0.059596
0.106018
0.056241
0.090396
0.057237
0.073566
0.105625
0.080598
0.069368
0.068026
0.083505
0.096289
0.080631
0.092443
0.077827
0.077046
0.081943
0.052961
0.053411
0.079509
0.068969
0.076862
0.064080
0.099046
0.091581
0.110162
0.084666
0.075087
0.106712
0.136742
0.059708
0.099386
0.091861
0.070503
0.082578
0.093518
0.082778
0.096244
0.078813
0.111172
0.107821
0.093560
0.082695
0.099000
0.089313
0.078476
0.100913
0.089030
0.108738
0.088528
0.057003
0.086863
0.094538
0.077158
0.069063
0.054448
0.063720
0.088742
0.084825
0.106409
0.109218
0.097385
0.089013
0.088097
0.057637
0.078601
0.085058
0.084481
0.104446
0.058315
0.062367
0.103757
0.089520
0.098272
0.106290
0.125478
0.100763
0.085907
0.116383
0.096904
0.121000
0.073830
0.081377
0.108529
0.114160
0.080294
0.094414
0.096384
0.097597
0.098049
0.105952
0.100452
0.105471
0.097826
0.088843
0.121531
0.107125
0.124997
0.089855
0.078529
0.100344
0.093459
0.081409
0.093153
0.067194
0.096658
0.119710
0.105000
0.099287
0.090457
0.061866
0.078715
0.106853
0.117994
0.105212
0.071334
0.090543
0.090056
0.089712
0.055076
0.080415
0.058012
0.056525
0.118362
0.103652
0.084475
0.071251
0.081117
0.071815
0.080177
0.101031
0.076390
0.093368
0.090305
0.098111
0.074664
0.081869
0.096373
0.115969
0.091989
0.095754
0.105311
0.060540
0.125147
0.104806
0.078227
0.078573
0.101699
0.062390
0.087065
0.085892
0.084626
0.089188
0.115646
0.096627
0.074976
0.085819
0.092913
0.104402
0.114014
0.078496
0.100378
0.106789
