1.781901
0.089880
0.085832
0.088959
0.077667
0.059185
0.068049
0.059136
0.083978
0.062385
0.114965
0.084328
0.098428
0.083380
0.054954
0.068269
0.065246
0.066896
0.091834
0.047078
0.079129
0.067996
0.103106
0.106874
0.071846
0.100214
0.073722
0.086599
0.066034
0.085146
0.080654
0.098171
0.091074
0.107632
0.092574
0.059793
0.097071
0.093977
0.071274
0.095606
0.102629
0.090967
0.064897
0.058988
0.063609
0.098141
0.103929
0.090158
0.103312
0.094339
0.102380
0.090216
0.055746
0.089984
0.085514
0.096073
0.080984
0.087934
0.076856
0.079298
0.083894
0.057614
0.063828
0.102278
0.051814
0.099486
0.077623
0.057378
0.070700
0.059177
0.121599
0.058395
0.068904
0.102475
0.069131
0.087545
0.064494
0.058026
0.083525
0.051823
0.081518
0.048325
0.071181
0.107836
0.087976
0.098478
0.078883
0.076259
0.094209
0.076166
0.099164
0.080482
0.052078
0.068334
0.081702
0.091594
0.067681
0.072075
0.096161
0.065145
0.080648
0.083109
0.077179
0.057172
0.083156
0.071742
0.084272
0.083235
0.071411
0.061135
0.081005
0.063560
0.087924
0.055368
0.074655
0.076459
0.056544
0.100310
0.066918
0.102066
0.085305
0.082497
0.062787
0.081999
0.084364
0.058792
0.076988
0.073140
0.077732
0.082678
0.115962
0.094076
0.068808
0.080627
0.059901
0.061903
0.071105
0.095522
0.087870
0.070133
0.094130
0.059097
0.083420
0.115864
0.088933
0.083121
0.058371
0.102435
0.092475
0.106376
0.070179
0.094376
0.103960
0.086951
0.075109
0.080539
0.067799
0.075389
0.075652
0.061204
0.074102
0.098489
0.062620
0.086272
0.108872
0.090239
0.080574
0.098579
0.058098
0.106374
0.120078
0.114422
0.114871
0.127671
0.089762
0.086423
0.055283
0.078420
0.068122
0.063155
0.091752
0.062110
0.082496
0.076945
0.085853
0.093462
0.075897
0.067399
0.071443
0.074259
0.101582
0.063506
0.074212
0.109773
0.093125
0.096885
0.075443
0.087455
0.085677
0.109708
0.103162
0.097863
0.075473
0.116163
0.122856
0.074028
0.068777
0.116320
0.092596
0.093542
0.091246
0.070152
0.086435
0.095687
0.097890
0.079195
0.110927
0.052549
0.074930
0.081919
0.093659
0.059221
0.092381
0.094657
0.085830
0.072240
0.089184
0.077573
0.075417
0.067995
0.094014
0.075662
0.087523
0.066737
0.085113
0.064961
0.066092
0.080518
0.068082
0.093591
0.092851
0.100986
0.084249
0.074382
0.073364
0.049385
0.115619
0.076321
0.093246
0.081678
0.109884
0.114018
0.083241
0.131529
0.092741
0.112452
0.060356
0.104856
0.086439
0.076402
0.080648
0.075099
0.076174
0.093271
0.091916
0.073018
0.108878
0.086910
0.069946
0.097504
0.083326
0.091025
0.080951
0.069105
0.067825
0.056550
0.053819
0.049559
0.089582
0.076934
0.089111
0.067503
0.085822
0.077420
0.077403
0.073915
0.080943
0.077790
0.076322
0.061127
0.084317
0.091660
0.070096
0.077408
0.072208
0.063483
0.061144
0.054091
0.073584
0.070179
0.092368
0.070768
0.063620
0.058924
0.065868
0.075359
0.076129
0.074432
0.063578
0.058180
0.083318
0.118927
0.086371
0.081143
0.059045
0.106259
0.084268
0.103351
0.080880
0.134320
0.123605
0.090342
0.077544
0.084042
0.068447
0.071913
0.072743
0.057034
0.091080
0.087403
0.096135
0.078431
0.056812
0.066289
0.082469
0.081864
0.069360
0.066027
0.062417
0.092096
0.106706
0.091392
0.103917
0.088163
0.071397
0.047291
0.092643
0.062129
0.070845
0.086253
0.099523
0.086120
0.108181
0.068476
0.078356
0.068018
0.067726
0.081381
0.063658
0.080320
0.093486
0.068089
0.081678
0.074013
0.089311
0.063898
0.078933
0.088274
0.094864
0.073112
0.131022
0.091964
0.086189
0.089424
0.095840
0.084105
0.086034
0.067820
0.069926
0.068051
0.083113
0.064461
0.069614
0.071686
0.057235
0.067137
0.068915
0.070254
0.069248
0.069308
0.092835
0.091789
0.067103
0.075045
0.103879
0.107291
0.096184
0.080085
0.085773
0.069281
0.086221
0.081993
0.079437
0.077097
0.087929
0.080448
0.083453
0.080081
0.085443
0.064041
0.085502
0.085633
0.094265
0.081532
0.057443
0.080312
0.077167
0.062189
0.064178
0.063464
0.087056
0.082862
0.084983
0.082270
0.051739
0.084636
0.092630
0.077567
0.076389
0.050080
0.099338
0.085767
0.082722
0.084823
0.073289
0.078271
0.088403
0.076401
0.070882
0.074449
0.116912
0.083784
0.069358
0.063635
0.069566
0.079305
0.072074
0.065423
0.067707
0.073636
0.110430
0.066695
0.060007
0.087543
0.050904
0.095931
0.060761
0.070397
0.079572
0.090278
0.086380
0.075660
0.080557
0.091755
0.073048
0.077831
0.070601
0.066294
0.080098
0.079427
0.106985
0.078518
0.081028
0.102688
0.079092
0.058885
0.134983
0.085127
0.097661
0.085351
0.109277
0.058106
0.087137
0.070789
0.091040
0.092165
0.098872
0.080784
0.079889
0.072617
0.088875
0.062815
0.088171
0.068660
0.062564
0.104609
0.074468
0.080822
0.089445
0.117788
0.102918
0.087529
0.093646
0.078806
0.077317
0.060720
0.076198
0.108958
0.101501
0.077509
0.100863
0.060573
0.082071
0.069865
0.074173
0.090024
0.062409
0.075655
0.072118
0.048786
0.101716
0.076227
0.104995
0.091420
0.106021
0.079649
0.057853
0.057392
0.064213
0.075013
0.073100
0.077977
0.066144
0.059776
0.080539
0.065984
0.084042
0.101574
0.082432
0.057217
0.099203
0.067920
0.080832
0.080238
0.079516
0.083697
0.051507
0.073989
0.065122
0.090210
0.109824
0.066199
0.104091
0.085721
0.063274
0.062196
0.059321
0.048013
0.063118
0.064295
0.085692
0.070223
0.088622
0.073573
0.090588
0.074700
0.079794
0.079281
0.077421
0.085605
0.106997
0.087454
0.069109
0.089595
0.108862
0.050519
0.090845
0.055192
0.066571
0.082543
0.066627
0.062644
0.082891
0.080601
0.065801
0.077822
0.085708
0.077873
0.084713
0.089711
0.085818
0.065177
0.084538
0.078689
0.084418
0.062313
0.100263
0.100055
0.126357
0.072065
0.107218
0.077235
0.068725
0.066700
0.082853
0.082931
0.071342
0.085254
0.081108
0.088344
0.084221
0.102328
0.062893
0.095972
0.068328
0.078960
0.071415
0.083280
0.096179
0.082304
0.067012
0.082757
0.097498
0.107776
0.078764
0.092365
0.087127
0.059992
0.092187
0.084128
0.088850
0.058035
0.056185
0.065329
0.062685
0.081241
0.086570
0.090221
0.079748
0.076240
0.089610
0.062200
0.098063
0.069662
0.073740
0.077365
0.060086
0.075835
0.082200
0.067852
0.097773
0.096444
0.094375
0.077721
0.118803
0.106182
0.072332
0.060760
0.100073
0.059864
0.087114
0.062215
0.124736
0.089463
0.081025
0.083184
0.092321
0.087206
0.078983
0.086985
0.106884
0.069525
0.101992
0.090550
0.091862
0.073576
0.077431
0.087955
0.059469
0.073750
0.108119
0.091376
0.083613
0.089664
0.061267
0.103435
0.067142
0.096339
0.111608
0.043846
0.099718
0.081761
0.049328
0.079709
0.059532
0.088042
0.076874
0.062909
0.076097
0.077393
0.089603
0.070424
0.063198
0.082824
0.081814
0.081533
0.094074
0.077441
0.068568
0.096924
0.110346
0.082550
0.099124
0.073901
0.066258
0.053228
0.077683
0.060089
0.062813
0.064642
0.067494
0.090531
0.064506
0.092001
0.082831
0.105375
0.105465
0.082916
0.087757
0.085780
0.108557
0.077700
0.072426
0.089385
0.100305
0.099086
0.099141
0.055339
0.101142
0.086985
0.116860
0.108449
0.074083
0.104396
0.088005
0.093648
0.122297
0.077030
0.066566
0.092426
0.110059
0.090017
0.104558
0.100653
0.104217
0.069206
0.049973
0.084807
0.079288
0.083407
0.106978
0.078583
0.071108
0.084033
0.090548
0.097574
0.090120
