1.750175
0.061032
0.085838
0.063939
0.058787
0.069587
0.099464
0.082548
0.095104
0.073210
0.088859
0.086991
0.120811
0.070955
0.080954
0.078647
0.080697
0.087425
0.104980
0.063549
0.091387
0.085016
0.074591
0.068648
0.086878
0.099987
0.070692
0.098073
0.057810
0.103822
0.127724
0.099540
0.076525
0.064684
0.105785
0.081919
0.071530
0.081391
0.073609
0.075627
0.106709
0.064722
0.082021
0.075182
0.089726
0.074409
0.076472
0.072018
0.074004
0.080809
0.086582
0.095426
0.075726
0.073759
0.073585
0.078743
0.087032
0.079502
0.083758
0.066019
0.096111
0.067810
0.057221
0.071064
0.100687
0.074847
0.104470
0.098331
0.105969
0.100505
0.093221
0.051993
0.045197
0.082408
0.090142
0.087311
0.075951
0.084558
0.076943
0.074646
0.104933
0.081223
0.081174
0.076549
0.054814
0.059202
0.067894
0.077686
0.073417
0.101058
0.106550
0.047227
0.088747
0.084368
0.079546
0.087569
0.094050
0.066836
0.069449
0.060003
0.104720
0.078881
0.079652
0.084342
0.064066
0.073219
0.103441
0.065562
0.077704
0.107280
0.099606
0.098745
0.096341
0.114069
0.097940
0.057501
0.073399
0.110506
0.083798
0.071219
0.098225
0.084247
0.083679
0.082926
0.095206
0.087128
0.101967
0.068501
0.100315
0.096466
0.086850
0.096886
0.080804
0.101266
0.090897
0.082949
0.087333
0.081446
0.086051
0.062257
0.115477
0.107506
0.062712
0.076649
0.055755
0.050962
0.072179
0.067662
0.076439
0.079405
0.134353
0.096051
0.095398
0.091179
0.110798
0.103248
0.117690
0.090439
0.082450
0.064269
0.133982
0.101697
0.061588
0.079350
0.060254
0.081327
0.086044
0.115795
0.083346
0.099279
0.087070
0.080817
0.073115
0.063473
0.071673
0.073299
0.065004
0.071754
0.100309
0.114270
0.086122
0.109378
0.085865
0.125860
0.100195
0.099552
0.068025
0.102845
0.095044
0.101292
0.105368
0.120829
0.106125
0.105313
0.068886
0.074406
0.072776
0.070776
0.073825
0.089525
0.089505
0.088757
0.098174
0.086649
0.104043
0.134227
0.105098
0.140315
0.107482
0.118442
0.107028
0.068993
0.066056
0.124750
0.092049
0.091426
0.111812
0.118785
0.108119
0.109939
0.093110
0.105974
0.082051
0.083797
0.073565
0.088840
0.071487
0.069018
0.089077
0.073590
0.082989
0.085088
0.088199
0.104960
0.080620
0.077449
0.068689
0.101070
0.117443
0.082194
0.113105
0.076417
0.091485
0.077390
0.108890
0.079366
0.071457
0.079723
0.044276
0.075263
0.102954
0.066450
0.111244
0.101723
0.068961
0.051195
0.068140
0.084891
0.083730
0.083330
0.062553
0.064112
0.090580
0.085249
0.091474
0.086681
0.066532
0.060845
0.081372
0.078336
0.067268
0.072405
0.070698
0.075649
0.091500
0.085023
0.056452
0.088823
0.084002
0.075570
0.084241
0.100493
0.093824
0.105498
0.099267
0.068374
0.089250
0.056845
0.086218
0.071454
0.074029
0.078690
0.099995
0.095890
0.086486
0.061070
0.097378
0.087284
0.058552
0.097031
0.092104
0.089417
0.047022
0.078140
0.082486
0.062404
0.101547
0.064680
0.067253
0.076745
0.096223
0.090895
0.073920
0.082403
0.102353
0.085020
0.064786
0.074455
0.060721
0.078319
0.104345
0.070977
0.062947
0.087595
0.073128
0.063557
0.071208
0.087574
0.080577
0.062314
0.066914
0.054545
0.062446
0.057042
0.067827
0.065494
0.071302
0.072359
0.076398
0.069883
0.101695
0.065929
0.093066
0.086147
0.085288
0.077827
0.074632
0.089516
0.082202
0.085644
0.099277
0.075566
0.067625
0.083277
0.059140
0.089090
0.048357
0.092803
0.059554
0.078253
0.121885
0.078396
0.093485
0.128111
0.088864
0.089011
0.097697
0.101283
0.095483
0.075781
0.097814
0.068198
0.073255
0.080399
0.078410
0.067255
0.093596
0.129376
0.112131
0.096787
0.139781
0.131924
0.094954
0.104069
0.107875
0.096289
0.097150
0.096561
0.076355
0.076602
0.087055
0.067085
0.095933
0.104181
0.066364
0.100693
0.119839
0.071576
0.108182
0.081061
0.120237
0.061649
0.103612
0.102951
0.085441
0.085397
0.070460
0.059445
0.111814
0.103217
0.120622
0.093781
0.069551
0.102274
0.071595
0.116775
0.100475
0.066848
0.089789
0.100498
0.119686
0.094234
0.065690
0.062675
0.074816
0.085198
0.116543
0.088649
0.109109
0.075342
0.086836
0.074450
0.063210
0.082824
0.062813
0.087910
0.056814
0.096424
0.077555
0.106720
0.072835
0.079530
0.084770
0.111752
0.073241
0.082980
0.089833
0.059616
0.090084
0.068015
0.121825
0.059445
0.063938
0.074409
0.061307
0.065618
0.066725
0.075187
0.090137
0.088355
0.091751
0.077472
0.089959
0.078085
0.054254
0.079507
0.076463
0.088209
0.103674
0.104350
0.110402
0.086149
0.066563
0.071086
0.067411
0.062365
0.060341
0.074696
0.087903
0.088598
0.083650
0.074022
0.056886
0.058998
0.086300
0.066201
0.109663
0.087194
0.063117
0.084548
0.094908
0.067996
0.072690
0.072305
0.073821
0.053435
0.072111
0.084209
0.081935
0.084167
0.111091
0.090864
0.073867
0.082958
0.067637
0.050662
0.084952
0.069123
0.063770
0.104233
0.121017
0.077269
0.074311
0.072949
0.119033
0.083331
0.102005
0.057314
0.096829
0.061983
0.098459
0.058744
0.066745
0.093190
0.063072
0.101990
0.090742
0.089172
0.058062
0.074773
0.105846
0.087249
0.089164
0.076203
0.072388
0.062391
0.070879
0.063771
0.072910
0.081243
0.115154
0.108999
0.159485
0.072263
0.077538
0.083958
0.099902
0.094918
0.068394
0.060543
0.104359
0.085251
0.086597
0.087172
0.076668
0.066652
0.102525
0.078012
0.073304
0.083434
0.089532
0.050779
0.084853
0.079140
0.073946
0.086003
0.103327
0.072695
0.081124
0.099554
0.081486
0.073483
0.079883
0.073930
0.076645
0.062438
0.070540
0.070179
0.096158
0.077979
0.086006
0.091055
0.100201
0.069005
0.070626
0.088537
0.087169
0.076683
0.071911
0.104928
0.071842
0.062806
0.074342
0.070316
0.094248
0.073354
0.060701
0.097520
0.066554
0.072407
0.089150
0.075341
0.051324
0.075006
0.072073
0.075708
0.075869
0.069194
0.087547
0.078701
0.086422
0.059079
0.065968
0.054351
0.065431
0.044966
0.080541
0.062618
0.093402
0.076632
0.121140
0.094247
0.082189
0.089023
0.066101
0.080542
0.108094
0.129795
0.081000
0.068552
0.086681
0.067640
0.075314
0.076236
0.088528
0.090897
0.090761
0.094107
0.077591
0.080033
0.114145
0.062423
0.094755
0.063028
0.091715
0.096611
0.072565
0.090660
0.070347
0.069047
0.119143
0.084707
0.083263
0.061234
0.076845
0.088493
0.067254
0.079767
0.073445
0.073439
0.085429
0.084025
0.077445
0.075052
0.066627
0.100922
0.083838
