1.779175
0.089356
0.099419
0.104603
0.066557
0.086583
0.065586
0.078953
0.077586
0.080082
0.084892
0.097328
0.078784
0.085345
0.086387
0.077972
0.067706
0.074150
0.064316
0.071254
0.096643
0.054903
0.070170
0.069430
0.086037
0.076510
0.063385
0.067897
0.072886
0.061287
0.096251
0.052835
0.060260
0.067650
0.067848
0.086188
0.112877
0.087515
0.080677
0.064076
0.083314
0.070381
0.079203
0.084953
0.097687
0.064060
0.075154
0.072707
0.077208
0.095380
0.069386
0.063125
0.094777
0.080355
0.083928
0.065555
0.077183
0.064101
0.066891
0.056331
0.082717
0.078688
0.058623
0.105491
0.094678
0.099501
0.083549
0.078077
0.099954
0.081584
0.127863
0.060316
0.092457
0.087939
0.079366
0.079362
0.057929
0.075702
0.058004
0.065470
0.099859
0.100357
0.101323
0.070260
0.068854
0.096750
0.080521
0.067567
0.069500
0.061338
0.081988
0.068638
0.073947
0.077851
0.064050
0.092329
0.084908
0.060585
0.071155
0.117055
0.083218
0.099178
0.087610
0.065311
0.073374
0.078837
0.109770
0.085467
0.111995
0.084438
0.091502
0.081976
0.080342
0.068288
0.070063
0.065060
0.066046
0.063271
0.061491
0.041588
0.088987
0.067686
0.065319
0.101780
0.071211
0.088015
0.069466
0.070745
0.077196
0.054401
0.085509
0.101134
0.082788
0.091860
0.096288
0.096218
0.074208
0.068819
0.081514
0.090444
0.090215
0.077321
0.086076
0.106608
0.100288
0.090045
0.055424
0.108409
0.061548
0.080004
0.111387
0.048052
0.064223
0.057385
0.069614
0.070478
0.066013
0.062181
0.063578
0.080251
0.080974
0.076309
0.066174
0.070640
0.087274
0.065648
0.055990
0.065941
0.100281
0.070728
0.077185
0.068607
0.084286
0.088641
0.103615
0.089087
0.066920
0.085135
0.085666
0.071745
0.087919
0.104384
0.114025
0.062098
0.067972
0.106856
0.088444
0.101643
0.064766
0.092447
0.084821
0.073419
0.051252
0.087762
0.086037
0.090736
0.103728
0.103815
0.073837
0.089873
0.091241
0.083524
0.069317
0.076617
0.064142
0.074874
0.071316
0.092166
0.080870
0.080150
0.078078
0.090394
0.103262
0.109778
0.074649
0.079345
0.091601
0.103071
0.115272
0.085343
0.085443
0.080783
0.089130
0.087934
0.102203
0.078178
0.059680
0.076539
0.081305
0.068544
0.075980
0.072520
0.088922
0.065808
0.085219
0.099607
0.118464
0.084572
0.084199
0.076381
0.084520
0.065442
0.083027
0.107742
0.066081
0.064749
0.058965
0.079731
0.050252
0.082547
0.072167
0.057613
0.053899
0.112267
0.086175
0.060473
0.056124
0.053278
0.056240
0.068336
0.091305
0.075080
0.108340
0.079006
0.064672
0.081465
0.084944
0.063845
0.065593
0.101510
0.106483
0.090509
0.083125
0.089914
0.098586
0.084027
0.064412
0.072807
0.062318
0.096324
0.092410
0.072329
0.078519
0.051677
0.103873
0.074881
0.101648
0.090030
0.057593
0.106535
0.091735
0.071976
0.077729
0.072888
0.095450
0.076416
0.081612
0.100613
0.058882
0.084774
0.101588
0.064737
0.094881
0.068149
0.060271
0.081922
0.069298
0.058133
0.058338
0.061179
0.112442
0.090198
0.105568
0.097583
0.082801
0.091117
0.075471
0.074564
0.108403
0.089817
0.109800
0.072758
0.063471
0.078556
0.107446
0.094552
0.101578
0.094025
0.090848
0.082478
0.096471
0.086698
0.066058
0.078133
0.088935
0.096650
0.083004
0.081395
0.081803
0.086225
0.104928
0.063759
0.060914
0.061220
0.051979
0.073459
0.084637
0.096480
0.108375
0.070730
0.095934
0.091631
0.088599
0.064225
0.057863
0.074441
0.070255
0.100434
0.073323
0.114165
0.101395
0.057370
0.062685
0.064312
0.046706
0.068379
0.068312
0.063555
0.101582
0.070218
0.078920
0.065353
0.073521
0.085754
0.089645
0.062836
0.094436
0.081410
0.087424
0.076853
0.111433
0.083701
0.078978
0.068742
0.079126
0.065527
0.080841
0.084115
0.083052
0.107185
0.090649
0.101395
0.098358
0.092689
0.087210
0.116688
0.094673
0.097835
0.109014
0.100104
0.104017
0.099575
0.069886
0.053201
0.088840
0.058724
0.090078
0.061203
0.062941
0.077838
0.094851
0.065581
0.081609
0.096211
0.091250
0.110934
0.064035
0.102124
0.082433
0.054694
0.097953
0.058361
0.062453
0.064786
0.069384
0.086457
0.093164
0.074104
0.086880
0.078107
0.089020
0.059030
0.076154
0.070234
0.087242
0.063763
0.111629
0.040779
0.065800
0.049175
0.085789
0.074942
0.078439
0.069635
0.062792
0.072364
0.070741
0.064179
0.062011
0.055335
0.096858
0.098665
0.051471
0.094719
0.066429
0.095844
0.085265
0.085477
0.064750
0.071407
0.112773
0.076006
0.075895
0.062541
0.101696
0.063502
0.096630
0.058274
0.107394
0.074281
0.110221
0.079736
0.059030
0.092694
0.070277
0.059724
0.068152
0.071658
0.062258
0.081913
0.087928
0.073589
0.085174
0.092124
0.071270
0.076151
0.095929
0.101920
0.098759
0.099049
0.084475
0.114620
0.094939
0.071323
0.090580
0.072241
0.100959
0.103299
0.086478
0.081681
0.121949
0.110874
0.082162
0.091655
0.064231
0.107309
0.063015
0.086923
0.099334
0.083616
0.105964
0.083332
0.085913
0.078949
0.082065
0.081820
0.060831
0.083461
0.076683
0.066365
0.073780
0.073516
0.073753
0.062632
0.061912
0.088382
0.085575
0.091814
0.085525
0.068044
0.083969
0.069008
0.076676
0.077025
0.085043
0.076487
0.083926
0.056970
0.101966
0.095070
0.095264
0.083695
0.093756
0.054627
0.063504
0.086056
0.070266
0.070925
0.079199
0.105398
0.102676
0.061489
0.084750
0.093706
0.066085
0.055768
0.078715
0.097178
0.085413
0.061432
0.081635
0.085357
0.086339
0.095583
0.084042
0.097657
0.060186
0.070019
0.046873
0.079906
0.106229
0.053091
0.057261
0.059901
0.060715
0.080783
0.064934
0.087914
0.067313
0.083957
0.088618
0.075709
0.095778
0.080507
0.088261
0.085428
0.080593
0.088059
0.089623
0.096952
0.108193
0.090214
0.086651
0.087383
0.092687
0.103951
0.074823
0.066515
0.066706
0.061840
0.089051
0.081883
0.089028
0.086267
0.070988
0.066208
0.079081
0.050515
0.077565
0.075351
0.089083
0.069187
0.087580
0.079789
0.108164
0.057762
0.055479
0.071927
0.075334
0.085624
0.106638
0.078871
0.079667
0.071975
0.094378
0.055324
0.074229
0.044186
0.067821
0.084165
0.089163
0.098201
0.085078
0.093249
0.044860
0.064872
0.097103
0.058480
0.071579
0.064505
0.077701
0.061191
0.081998
0.054021
0.080006
0.083694
0.070309
0.078329
0.071457
0.065262
0.075461
0.082504
0.077715
0.083887
0.065917
0.087059
0.071150
0.063926
0.068471
0.071848
0.111186
0.058789
0.057157
0.073467
0.096941
0.075755
0.068835
0.064364
0.056496
0.054480
0.086139
0.076503
0.076874
0.046079
0.063137
0.068401
0.074482
0.083231
0.141049
0.096099
0.103737
0.093141
0.081964
0.085629
0.079605
0.102675
0.095885
0.074984
0.057941
0.093740
0.112533
0.114050
0.091051
0.069420
0.081234
0.058265
0.056566
0.067979
0.071070
0.086469
0.095924
0.099389
0.073708
0.087905
0.086301
0.071586
0.051907
0.066530
0.063560
0.073278
0.094057
0.088291
0.074767
0.072489
0.074994
0.079435
0.067756
0.083094
0.089502
0.088532
0.078147
0.057675
0.058800
0.107731
0.065036
0.061638
0.088376
0.061138
0.053949
0.059367
0.079982
0.076065
0.079693
0.091936
0.065574
0.086433
0.098937
0.097809
0.082750
0.090480
0.100740
0.096028
0.094696
0.083422
0.053041
0.071425
0.076503
0.086177
0.076905
0.122774
0.079915
0.082033
0.067905
0.087341
0.068114
0.070535
0.060508
0.071610
0.078295
0.087754
0.088757
0.097372
0.073068
0.065548
0.062469
0.083451
0.095323
0.102438
0.100643
0.120466
0.088223
0.078620
0.059404
0.056640
0.074596
0.078531
0.054699
0.074783
0.068832
0.066492
0.067102
0.078345
0.108723
0.089659
0.069943
0.085891
0.085605
0.079035
0.083735
0.092852
0.103241
0.076090
0.088529
0.081022
0.066513
0.075560
0.082446
0.087192
0.086955
0.072071
0.091385
0.092680
0.065385
0.064475
0.111113
0.123375
0.091022
0.131153
0.109993
0.078250
0.087116
0.093138
0.086102
0.067196
0.086388
0.097811
0.071871
0.092841
0.073572
0.064115
0.104136
0.067528
0.069729
0.081338
0.051512
0.066377
0.092126
0.058948
0.077848
0.094809
0.066488
0.053184
0.041253
0.069756
0.072091
0.085282
0.114967
0.098344
0.069731
0.055161
0.095083
0.058132
0.091215
0.083724
0.093899
0.085319
0.081425
0.060486
0.081144
0.086371
0.089888
0.069309
0.092857
0.077004
0.072773
0.060363
0.090613
0.072365
0.083075
0.079354
0.071049
0.074440
0.077048
0.078960
0.059334
0.077042
0.060411
0.069439
0.103877
0.074920
0.070589
0.058332
0.065542
0.067305
0.058283
0.076346
0.072945
0.074505
0.062439
0.074643
0.092916
0.053897
0.079943
0.074109
0.107253
0.088560
0.050742
0.070590
0.063752
0.080198
0.085971
0.094592
0.090847
0.069793
0.072158
0.079055
0.085505
0.100219
0.071220
0.094042
0.104493
0.082215
0.079546
0.077528
0.097368
0.099691
0.103198
0.066051
0.081529
0.108740
0.082171
0.061979
0.115164
0.082378
0.067034
0.095592
0.072025
0.083159
0.076820
0.096261
0.093917
0.084024
0.088751
0.058224
0.086428
0.097605
0.055200
0.060245
0.070626
0.111477
0.096679
0.093713
0.092927
0.088544
0.102947
0.123437
0.120879
0.095021
0.086761
0.090047
0.088908
0.052156
0.055777
0.063230
0.094188
0.091412
0.059831
0.066121
0.053241
0.064474
0.092808
0.056255
0.082084
0.074024
0.074463
0.063694
0.086248
0.089806
0.092056
0.093018
0.070680
0.068341
0.062397
0.075150
0.075839
0.062776
0.063453
0.079454
0.062646
0.071030
0.086048
0.072085
0.054154
0.072696
0.076457
0.112760
0.092272
0.083322
0.083489
0.118169
0.093705
0.065696
0.096073
0.084760
0.079033
0.076694
0.060984
0.064117
0.049231
0.065950
0.089199
0.076660
0.062464
0.057125
0.085336
0.070416
0.076057
0.087123
0.072020
0.104532
0.110941
0.084004
0.089624
0.073347
0.088449
0.064461
0.087152
0.063746
0.085445
0.098935
0.110387
0.066748
0.074330
0.081953
0.082908
0.085178
0.063864
0.104215
0.084584
0.093442
0.080304
0.059865
0.074098
0.092453
0.061999
0.085569
0.092508
0.083444
0.092700
0.062347
0.091848
0.092431
0.095491
0.083735
0.079639
0.058826
0.072390
0.083316
0.059985
0.097706
0.121144
0.096964
0.116083
0.091745
0.063218
0.078073
0.063472
0.059212
0.054793
0.048917
0.087500
0.097659
0.063271
0.049115
0.064455
0.063613
0.062327
0.055814
0.062529
0.075029
0.076098
0.055461
0.048242
0.055487
0.058915
0.071438
0.074574
0.085878
0.072409
0.087694
0.088195
0.106562
0.081606
0.098953
0.097905
0.083189
0.088878
0.059306
0.081408
0.060937
0.113693
0.089200
0.102798
0.088704
0.075158
0.055579
0.079864
0.071044
0.053566
0.068130
0.079541
0.061343
0.072727
0.082205
0.054699
0.079780
0.095027
0.108141
0.080623
0.088001
0.102397
0.090421
0.107518
0.075338
0.069460
0.051809
0.075875
0.081636
0.128588
0.122389
0.102526
0.070156
0.056258
0.051063
0.076354
0.093759
0.098279
0.058489
0.117794
0.084968
0.127393
0.095537
0.070303
0.077277
0.049749
0.085709
0.066877
0.088632
0.093142
0.098875
0.106790
0.094231
0.126910
0.120148
0.088783
0.077290
0.088229
0.069823
0.062962
0.066904
0.088318
0.083260
0.074493
0.087530
0.075942
0.091559
0.069035
0.052927
0.078515
0.075606
0.068309
0.076686
0.073308
0.095817
0.062571
0.074454
0.068161
0.074799
0.094367
0.080659
0.090166
0.100055
0.086026
0.092582
0.071918
0.067484
0.053432
0.070487
0.085107
0.075206
0.094149
0.101631
0.089688
0.080334
0.083110
0.067262
0.071148
0.095178
0.063485
0.061347
0.089805
0.062624
0.078052
0.059231
0.067024
0.083031
0.078193
0.101467
0.084582
0.071162
0.106266
0.097441
0.102624
0.110527
0.074759
0.076161
0.075162
0.099077
0.090288
0.066296
0.094947
0.114311
0.065346
0.104015
0.088236
0.090892
0.084780
0.075443
0.065357
0.052675
0.095358
0.076147
0.095452
0.095239
0.081193
0.087528
0.066998
0.071256
0.084120
0.078150
0.079088
0.072433
0.054134
0.059067
0.081741
0.070408
0.058539
0.063200
0.059672
0.080886
0.107338
0.094821
0.099934
0.071048
0.093769
0.075544
0.083559
0.070924
0.070881
0.091943
0.125603
0.082082
0.064950
0.067381
0.083402
0.086156
0.087392
0.073191
0.081522
0.062718
0.082367
0.082476
0.080837
0.062881
0.058588
0.059453
0.091295
0.070756
0.094204
0.073829
0.095389
0.091395
0.055972
0.061223
0.071645
0.083039
0.081947
0.104674
0.078714
0.080416
0.087721
0.093191
0.100338
0.047335
0.066417
0.084337
0.126497
0.091846
0.081083
0.060223
0.090061
0.064269
0.092414
0.115755
0.087273
0.094096
0.057756
0.080108
0.104087
0.051229
0.106695
0.077361
0.092702
0.085327
0.095284
0.113341
0.086886
0.098373
0.067045
0.061471
0.099816
0.070460
0.086388
0.079463
0.081472
0.056839
0.055494
0.076270
0.053797
0.057768
0.075066
0.080945
0.093115
0.089501
0.077497
0.082569
0.090018
0.081008
0.052048
0.059579
0.085781
0.075366
0.071048
0.082774
0.091549
0.059383
0.066805
0.077614
0.075682
0.068944
0.086694
0.053188
0.061446
0.067165
0.061651
0.071904
0.076813
0.071683
0.078044
0.103845
0.109113
0.098970
0.089678
0.086048
0.082825
0.087996
0.101246
0.100275
0.083732
0.069280
0.091407
0.081688
0.063071
0.093891
0.073539
0.079380
0.089727
0.087993
0.114258
0.077916
0.087081
0.075214
0.080554
0.058920
0.066526
0.061984
0.075300
0.081845
0.090233
0.096403
0.103954
0.065751
0.058082
0.061509
0.109648
0.089813
0.096738
0.082297
0.057185
0.074537
0.106349
0.109168
0.051357
0.078476
0.087389
0.093043
0.096709
0.084714
0.070837
0.078661
0.070822
0.072926
0.073717
0.083562
0.112375
0.094766
0.102860
0.130513
0.086190
0.089970
0.111017
0.091638
0.068389
0.060600
0.084724
0.067139
0.047691
0.095957
0.079708
0.069237
0.101032
0.070320
0.083025
0.061339
0.065816
0.074944
0.081068
0.094332
0.079662
0.101216
0.131981
0.069885
0.093167
0.095813
0.063049
0.105917
0.070337
0.068599
0.088034
0.059641
0.099514
0.076130
0.079877
0.080150
0.077253
0.060394
0.096125
0.070408
0.107221
0.071520
0.090858
0.063822
0.065860
0.084780
0.064941
0.105499
0.097773
0.069216
0.084970
0.078487
0.105968
0.122563
0.101112
0.116086
0.084616
0.075911
0.081506
0.104863
0.060786
0.097530
0.106792
0.090152
0.086565
0.098686
0.088671
0.082061
0.069667
0.083466
0.093671
0.073411
0.090170
0.063560
0.066062
0.094963
0.074564
0.089946
0.070864
0.084660
0.075382
0.084421
0.102446
0.107459
0.079924
0.070805
0.089611
0.083825
0.079833
0.075684
0.079307
0.083734
0.117896
0.086071
0.085846
0.079676
0.089140
0.079716
0.079325
0.117565
0.109238
0.068459
0.072665
0.048391
0.073278
0.083428
0.096393
0.083544
0.138699
0.054717
0.068639
0.064291
0.093539
0.091679
0.069821
0.078923
0.090979
0.075158
0.091597
0.083884
0.071623
0.059581
0.094893
0.067966
0.056122
0.060541
0.069323
0.055299
0.085486
0.055255
0.099032
0.079862
0.082477
0.068619
0.092528
0.073759
0.085924
0.100371
0.102834
0.063590
0.082577
0.092502
0.092066
0.059911
0.080818
0.069689
0.089186
0.082887
0.113100
0.078883
0.085333
0.091639
0.087126
0.094378
0.083347
0.067292
0.074802
0.097276
0.096117
0.102338
0.080499
0.081985
0.122351
0.081749
0.087322
0.118607
0.098052
0.089201
0.060997
0.080146
0.072317
0.069361
0.102654
0.084370
0.092974
0.079042
0.097988
0.089039
0.055255
0.083831
0.082641
0.078341
0.094345
0.073819
0.072514
0.088310
0.069426
0.056216
0.086889
0.052765
0.074706
0.075234
0.071208
0.043950
0.081223
0.059032
0.059162
0.084083
0.068070
0.054423
0.065971
0.071758
0.083872
0.053540
0.066359
0.091086
0.101244
0.090190
0.084978
0.091512
0.062755
0.081846
0.104020
0.074467
0.074206
0.085163
0.084316
0.086620
0.068639
0.085009
0.061136
0.061818
0.117342
0.091445
0.064940
0.068752
0.088255
0.089158
0.071190
0.067517
0.085383
0.063338
0.090818
0.082131
0.058764
0.089585
0.053247
0.100682
0.100930
0.081329
0.100539
0.058025
0.091072
0.074578
0.076462
0.078772
0.073851
0.081285
0.069879
0.094635
0.089086
0.060639
0.083508
0.074402
0.069993
0.096105
0.051788
0.085707
0.083463
0.069323
0.058916
0.074226
0.117619
0.058484
0.078660
0.083712
0.097939
0.058084
0.090937
0.071985
0.073848
0.085090
0.084677
0.054224
0.064300
0.094390
0.064925
0.088579
0.095125
0.072686
0.045941
0.071366
0.095151
0.082552
0.074778
0.077326
0.075953
0.083390
0.078582
0.072942
0.075722
0.065863
0.081302
0.077333
0.071937
0.060045
0.090882
0.079539
0.098807
0.085501
