1.754841
0.068718
0.047970
0.060404
0.070889
0.066423
0.051565
0.069341
0.055441
0.073529
0.078019
0.065636
0.070319
0.049432
0.070868
0.044214
0.049545
0.059156
0.066111
0.065331
0.087988
0.061585
0.090392
0.075241
0.078840
0.058609
0.070722
0.055921
0.062013
0.072079
0.094878
0.100423
0.080877
0.089998
0.098593
0.079289
0.073960
0.060402
0.043832
0.045004
0.073422
0.054876
0.055367
0.076503
0.084005
0.066149
0.068664
0.069346
0.081308
0.072359
0.095299
0.064511
0.057878
0.066661
0.058007
0.070623
0.092486
0.076855
0.086371
0.067373
0.091210
0.064210
0.038998
0.058417
0.049514
0.061081
0.080286
0.056063
0.043999
0.056409
0.072789
0.061463
0.054551
0.065501
0.062562
0.055439
0.062607
0.064764
0.062819
0.065037
0.080570
0.045452
0.051506
0.071061
0.044350
0.058401
0.058107
0.055285
0.052883
0.056691
0.074370
0.067866
0.062002
0.050447
0.044865
0.042192
0.069471
0.051005
0.059096
0.050519
0.070039
0.051908
0.059762
0.093271
0.051612
0.061626
0.069097
0.063199
0.081025
0.080578
0.099895
0.066060
0.085533
0.085257
0.066356
0.097107
0.055943
0.056363
0.044573
0.061008
0.080575
0.063928
0.057882
0.071574
0.058720
0.080571
0.074759
0.075490
