1.810669
0.082840
0.076982
0.073131
0.066967
0.098110
0.069708
0.073273
0.067973
0.066767
0.091450
0.069255
0.089305
0.090911
0.077857
0.060216
0.062285
0.081710
0.050468
0.069268
0.117022
0.073785
0.090896
0.072544
0.078362
0.054614
0.082631
0.074027
0.077554
0.080326
0.085658
0.073435
0.078207
0.060727
0.066652
0.064456
0.084354
0.056311
0.085215
0.088471
0.088173
0.067024
0.065635
0.075148
0.091820
0.073594
0.071728
0.080859
0.091762
0.051873
0.093676
0.061850
0.069385
0.093920
0.074519
0.086115
0.097879
0.093826
0.094161
0.084016
0.121160
0.085500
0.101603
0.097016
0.101314
0.089058
0.092206
0.044828
0.050637
0.097341
0.130017
0.124130
0.085383
0.085496
0.066586
0.075493
0.065320
0.089580
0.070238
0.060121
0.084684
0.070932
0.082957
0.070077
0.065864
0.068196
0.080790
0.088278
0.110021
0.069887
0.099872
0.067228
0.061805
0.085535
0.072917
0.096078
0.104765
0.051138
0.104975
0.100045
0.095037
0.080666
0.067156
0.076559
0.097824
0.090719
0.090167
0.071592
0.077895
0.086697
0.109271
0.089481
0.078082
0.070273
0.052676
0.071528
0.087452
0.077036
0.079490
0.075277
0.078756
0.053622
0.065967
0.059353
0.077743
0.073568
0.077555
0.084738
0.053439
0.109382
0.110670
0.075833
0.098813
0.098383
0.066851
0.120536
0.111680
0.095253
0.084075
0.087688
0.110034
0.073137
0.059965
0.051034
0.067259
0.082516
0.080349
0.069782
0.062072
0.076248
0.087255
0.048424
0.053064
0.073326
0.082586
0.078019
0.070311
0.076199
0.079472
0.080867
0.091512
0.081386
0.073704
0.066582
0.068509
0.071617
0.097111
0.065406
0.085293
0.094093
0.078447
0.071212
0.068195
0.060290
0.065896
0.103865
0.119161
0.123544
0.056123
0.090582
0.118778
0.103094
0.096016
0.093428
0.074599
0.060246
0.093324
0.086459
0.077689
0.079418
0.101990
0.099902
0.075382
0.065951
0.106794
0.096454
0.086262
0.079740
0.085171
0.092318
0.094873
0.085763
0.078179
0.066194
0.057732
0.064360
0.063801
0.071919
0.086825
0.103700
0.095782
0.077993
0.093647
0.081889
0.102804
0.099446
0.097131
0.081032
0.080958
0.081929
0.085364
0.060450
0.064005
0.062521
0.080991
0.069444
0.074693
0.064679
0.092330
0.060263
0.087667
0.055530
0.101619
0.089897
0.080707
0.073181
0.062180
0.081387
0.095613
0.106165
0.105792
0.107785
0.086419
0.110319
0.068117
0.084348
0.077944
0.064071
0.098716
0.088694
0.093864
0.080706
0.074979
0.105131
0.094765
0.091815
0.124676
0.121218
0.090118
0.084478
0.115878
0.072087
0.081253
0.052273
0.077920
0.086921
0.081289
0.077425
0.088344
0.099549
0.118305
0.076958
0.104938
0.088225
0.086769
0.072049
0.090555
0.068784
0.091341
0.091540
0.089570
0.077496
0.085773
0.082988
0.094643
0.053818
0.093693
0.099243
0.067726
0.090271
0.102075
0.076077
0.084552
0.074749
0.075928
0.074784
0.072707
0.071332
0.073339
0.080094
0.103317
0.091048
0.072731
0.069651
0.068826
0.115109
0.098481
0.081928
0.086934
0.076562
0.108625
0.109318
0.106371
0.094063
0.099039
0.076706
0.082269
0.062204
0.062167
0.074530
0.078979
0.057421
0.087536
0.064156
0.112510
0.073475
0.078911
0.064765
0.057675
0.072381
0.094175
0.096973
0.084432
0.070456
0.068463
0.086021
0.078221
0.078092
0.108214
0.063576
0.088346
0.061009
0.080279
0.093929
0.090152
0.113680
0.056723
0.093863
0.091528
0.074397
0.102770
0.063815
0.083838
0.082761
0.096831
0.094057
0.094013
0.068572
0.085000
0.056645
0.110833
0.074283
0.083582
0.079319
0.091723
0.077235
0.065398
0.052669
0.084757
0.074777
0.070301
0.063824
0.066271
0.074740
0.077098
0.075498
0.065139
0.077379
0.060009
0.057443
0.082781
0.058316
0.072343
0.072562
0.058769
0.050089
0.068959
0.075654
0.074471
0.083876
0.082130
0.073622
0.083364
0.068099
0.077915
0.072262
0.098983
0.079005
0.073301
0.068599
0.078662
0.085389
0.093997
0.090911
0.093230
0.071120
0.102306
0.078584
0.084978
0.079100
0.084534
0.094630
0.077240
0.090222
0.103160
0.101608
0.072816
0.080509
0.085144
0.072440
0.080187
0.065923
0.067924
0.059071
0.071286
0.072834
0.063355
0.057383
0.055024
0.076390
0.082399
0.067162
0.070919
0.065748
0.075346
0.079445
0.078657
0.097384
0.074146
0.079527
0.099372
0.084944
0.048373
0.062579
0.085239
0.073167
0.054555
0.081667
0.062967
0.059742
0.120980
0.110783
0.095815
0.087812
0.059183
0.060788
0.067300
0.049140
0.066594
0.069728
0.075994
0.067929
0.079658
0.050550
0.073883
0.073221
0.073125
0.055710
0.076941
0.063448
0.071213
0.080125
0.080706
0.079491
0.073463
0.064897
0.056924
0.062759
0.085684
0.080204
0.083404
0.068206
0.077351
0.064149
0.063358
0.098259
0.075487
0.077651
0.075324
0.065697
0.093582
0.088269
0.083191
0.116584
0.080830
0.072198
0.074836
0.084238
0.087531
0.067084
0.096976
0.069023
0.083404
0.113136
0.086200
0.075108
0.074602
0.066271
0.083594
0.088111
0.098192
0.062235
0.081966
0.084266
0.086716
0.066165
0.046358
0.068292
0.076233
0.068479
0.095872
0.085488
0.089867
0.087985
0.075802
0.068413
0.063083
0.072165
0.086730
0.079900
0.096257
0.081507
0.083191
0.094176
0.088096
0.094150
0.086738
0.078167
0.105568
0.073661
0.088014
0.060783
0.081353
0.077210
0.073945
0.091076
0.075900
0.066468
0.066843
0.065867
0.111666
0.073208
0.090465
0.049414
0.083375
0.096522
0.079932
0.086750
0.093899
0.076163
0.080868
0.058888
0.070397
0.080315
0.098077
0.069345
0.082875
0.082511
0.045468
0.056771
0.080399
0.065083
0.068962
0.057786
0.063066
0.061868
0.082115
0.083893
0.086579
0.080461
0.092076
0.079646
0.098423
0.087061
0.056687
0.079825
0.097153
0.077514
0.074669
0.100073
0.123102
0.096676
0.100713
0.088897
0.102668
0.111970
0.142774
0.061176
0.104177
0.065209
0.095458
0.072086
0.074907
0.063615
0.068592
0.087543
0.062967
0.072508
0.080320
0.082701
0.099116
0.066972
0.054587
0.054284
0.050910
0.057931
0.070779
0.077171
0.079269
0.097979
0.115621
0.067104
0.073227
0.102570
0.092862
0.068537
0.086464
0.088235
0.078418
0.112457
0.108634
0.088088
0.071315
0.081315
0.063497
0.073564
0.073322
0.080565
0.084458
0.084236
0.097193
0.084930
0.087149
0.090664
0.053116
0.060902
0.073599
0.098593
0.078161
0.099268
0.082419
0.068141
0.069087
0.102215
0.073406
0.089433
0.074546
0.074781
0.080327
0.091946
0.116956
0.098819
0.068768
0.055287
0.066593
0.083133
0.089132
0.072688
0.068196
0.082642
0.094879
0.092629
0.103047
0.079957
0.092887
0.081828
0.065872
0.089551
0.064703
0.068898
0.086984
0.062787
0.085225
0.089742
0.088612
0.077523
0.092464
0.052992
0.073331
0.073789
0.096324
0.098703
0.064783
0.079534
0.069550
0.079443
0.092834
0.094867
0.084537
0.068221
0.085896
0.070750
0.086188
0.084152
0.086378
0.118461
0.104739
0.093723
0.102586
0.090178
0.094177
0.079057
0.069598
0.073431
0.064863
0.065329
0.084745
0.084737
0.069527
0.063807
0.063530
0.076921
0.074128
0.065372
0.092463
0.089236
0.095886
0.081732
0.074546
0.085995
0.086248
0.064810
0.074032
0.075803
0.079856
0.069749
0.084264
0.082946
0.093746
0.080132
0.086763
0.062672
0.090111
0.078028
0.092529
0.086914
0.083321
0.071818
0.095686
0.088697
0.115988
0.101537
0.093335
0.061198
0.074799
0.080842
0.078933
0.099118
0.072093
0.066269
0.094391
0.080173
0.059234
0.059494
0.058388
0.061672
0.091504
0.087789
0.063933
0.083231
0.108890
0.079754
0.074255
0.088225
0.082420
0.062001
0.068620
0.089789
0.077432
0.079795
0.115593
0.075664
0.064919
0.063281
0.067505
0.076744
0.108644
0.080050
0.064681
0.099122
0.100684
0.077959
0.075006
0.066723
0.057581
0.057745
0.080395
0.086766
0.074281
0.080130
0.098699
0.068177
0.088243
0.070488
0.100317
0.091494
0.094920
0.062598
0.096434
0.088936
0.079049
0.060618
0.080276
0.079817
0.058048
0.083383
0.059237
0.097209
0.063550
0.078364
0.073497
0.088558
0.081023
0.060145
0.062498
0.080070
0.081012
0.096165
0.073879
0.097189
0.091909
0.080921
0.086666
0.069149
0.070047
0.089432
0.084225
0.087294
0.071094
0.081535
0.113858
0.087562
0.098423
0.062945
0.065328
0.067751
0.087788
0.056902
0.075073
0.071478
0.090698
0.076613
0.075043
0.059891
0.072163
0.067160
0.066653
0.094949
0.099753
0.073541
0.086882
0.071632
0.077379
0.072498
0.092560
0.081043
0.081923
0.061693
0.074251
0.078168
0.095078
0.095340
0.074348
0.080723
0.119401
0.069841
0.097271
0.091110
0.092213
0.069187
0.106173
0.093389
0.082009
0.086163
0.079787
0.076164
0.094586
0.099927
0.094892
0.094125
0.109480
0.089729
0.072992
0.077741
0.079833
0.077665
0.085915
0.066283
0.082515
0.064228
0.083295
0.060124
0.076156
0.082564
0.077501
0.076536
0.093014
0.078557
0.061181
0.070320
0.080872
0.077497
0.082399
0.082227
0.092203
0.091761
0.085052
0.068049
0.088446
0.095476
0.115686
0.065797
0.084555
0.063916
0.094755
0.088775
0.079851
0.069847
0.106024
0.059446
0.097552
0.074399
0.101164
0.088597
0.078026
0.096705
0.103230
0.081600
0.087649
0.077372
0.096405
0.090768
0.109090
0.108128
0.076101
0.063489
0.081696
0.079992
0.063567
0.055989
0.073925
0.066540
0.068168
0.077865
0.066586
0.079836
0.087390
0.072603
0.074483
0.084949
0.102139
0.104915
0.067281
0.068920
0.070490
0.096271
0.061452
0.080643
0.070765
0.073736
0.116030
0.111512
0.067796
0.089597
0.074243
0.088111
0.071892
0.108903
0.089888
0.102392
0.112770
0.099763
0.088085
0.093537
0.078806
0.076480
0.082963
0.068436
0.079006
0.067745
0.082026
0.063800
0.089247
0.061448
0.074671
0.062570
0.073300
0.049530
0.060090
0.077258
0.084152
0.070334
0.073265
0.078703
0.078844
0.072317
0.077525
0.068172
0.065579
0.076061
0.082636
0.075841
0.083176
0.062285
0.068692
0.083854
0.077114
0.094768
0.106277
0.082433
0.104300
0.089710
0.066542
0.090146
0.090663
0.076384
0.069507
0.075816
0.078546
0.074926
0.089107
0.072436
0.081111
0.072259
0.080896
0.092443
0.094195
0.076549
0.079110
0.094540
0.089522
0.064880
0.083878
0.084224
0.079424
0.085875
0.085347
0.078958
0.083219
0.081588
0.075536
0.083223
0.077455
0.096370
0.088998
0.065074
0.066171
0.073514
0.090330
0.070301
0.075796
0.052202
0.057215
0.072081
0.065241
0.070200
0.074352
0.075398
0.072457
0.069050
0.076616
0.060127
0.075949
0.081232
0.071679
0.068680
0.072341
0.057693
0.066133
0.086668
0.087697
0.069830
0.054148
0.068016
0.091943
0.081897
0.054012
0.051374
0.074583
0.080961
0.085600
0.055203
0.069066
0.061677
0.065180
0.073780
0.079174
0.076334
0.072535
0.102249
0.118623
0.101612
0.097772
0.060835
0.065307
0.088068
0.067263
0.071012
0.091575
0.095275
0.073943
0.086180
0.069170
0.059095
0.076310
0.074231
0.077050
0.077439
0.062144
0.075422
0.085225
0.083773
0.073845
0.104759
0.076257
0.081992
0.091669
0.095822
