1.764998
0.078645
0.065319
0.064497
0.063311
0.069788
0.096992
0.083928
0.103930
0.066397
0.095845
0.055354
0.063796
0.069415
0.080583
0.079963
0.048467
0.059154
0.047837
0.063720
0.064693
0.040913
0.074070
0.076468
0.065203
0.056823
0.087267
0.083629
0.058866
0.056470
0.099260
0.066456
0.047288
0.056342
0.052795
0.074872
0.061855
0.078733
0.070419
0.059446
0.079248
0.057420
0.055890
0.057406
0.064593
0.086314
0.057554
0.059369
0.067822
0.089461
0.073841
0.039474
0.053733
0.058941
0.041679
0.060875
0.054496
0.050258
0.058488
0.052794
0.071738
0.054333
0.073226
0.055825
0.058038
0.071301
0.111722
0.098879
0.059816
0.069508
0.075227
0.060513
0.060752
0.070078
0.079844
0.079932
0.055817
0.065784
0.081733
0.093680
0.087610
0.056635
0.060306
0.078188
0.058465
0.054597
0.061387
0.060647
0.059751
0.083493
0.114268
0.067205
0.087137
0.059930
0.075882
0.046769
0.066643
0.058463
0.072248
0.069819
0.073618
0.068087
0.083219
0.086420
0.066797
0.080480
0.050791
0.076305
0.057374
0.058365
0.080978
0.075631
0.070325
0.052543
0.078157
0.083177
0.098474
0.103678
0.085243
0.058142
0.110169
0.060828
0.079406
0.077987
0.048491
0.047395
0.068412
0.085926
0.092159
0.096915
0.094758
0.069243
0.105916
0.058375
0.050841
0.052265
0.078356
0.090147
0.068744
0.053440
0.087249
0.068404
0.063668
0.079189
0.078287
0.059405
0.068959
0.071285
0.070225
0.064252
0.095296
0.069773
0.081238
0.058502
0.061954
0.060648
0.057365
0.050402
0.055666
0.053583
0.069600
0.083139
0.083701
0.090121
0.110436
0.078095
0.079897
0.088408
0.082820
0.069152
0.104934
0.074313
0.074318
0.049370
0.050946
0.054085
0.049918
0.051952
0.041448
0.042024
0.072465
0.059380
0.067072
0.059500
0.059010
0.051668
0.062361
0.050996
0.070732
0.041924
0.057190
0.045970
0.041337
0.057561
0.072181
0.068854
0.063621
0.043548
0.058333
0.074780
0.072191
0.078585
0.082999
0.060219
0.078311
0.057374
0.061187
0.072938
0.069279
0.062576
0.060808
0.038742
0.060307
0.053764
0.060941
0.060217
0.056140
0.044744
0.072438
0.069651
0.078679
0.055906
0.063885
0.069524
0.068954
0.052471
0.052568
0.063213
0.057822
0.062231
0.070254
0.060605
0.057638
0.060358
0.045612
0.055646
0.070575
0.053286
0.055980
0.037296
0.063714
0.049387
0.067493
0.067276
0.069186
0.065175
0.072757
0.070222
0.117083
0.085292
