1.826970
0.081852
0.054705
0.063183
0.065326
0.085515
0.084382
0.055881
0.078297
0.071174
0.080776
0.087816
0.085278
0.058503
0.051471
0.057229
0.064276
0.067290
0.044725
0.053171
0.080995
0.082947
0.084080
0.083403
0.063794
0.062557
0.044330
0.062070
0.058580
0.064323
0.082675
0.061330
0.063179
0.074552
0.062886
0.067955
0.059958
0.074867
0.057213
0.057256
0.081985
0.064945
0.067609
0.053611
0.046715
0.043852
0.053714
0.056584
0.054803
0.048326
0.084095
0.054586
0.081842
0.047094
0.086018
0.053893
0.059955
0.080048
0.053649
0.076250
0.099197
0.077195
0.083392
0.083539
0.047184
0.075594
0.049532
0.049031
0.034715
0.055375
0.084140
0.063825
0.076578
0.074981
0.095997
0.086131
0.098368
0.078841
0.058261
0.038957
0.069761
0.051633
0.067306
0.059731
0.056106
0.044726
0.054739
0.048527
0.078755
0.056090
0.067736
0.048374
0.032614
0.042896
0.045086
0.057133
0.060908
0.060591
0.051620
0.048712
0.063763
0.081451
0.049681
0.060145
0.074665
0.066703
0.075751
0.078718
0.074998
0.062631
0.082332
0.050528
0.054331
0.048844
0.047168
0.046630
0.047888
0.068787
0.071488
0.072850
0.076685
0.040948
0.055410
0.074330
0.060039
0.051277
0.065095
0.061910
0.085340
0.078077
0.103975
0.080401
0.053664
0.060456
0.073233
0.090152
0.060419
0.046221
0.072630
0.066177
0.060111
0.044265
0.042897
0.061615
0.068443
0.066507
0.077131
0.082988
0.072026
0.064543
0.095404
0.084216
0.069542
0.089742
0.048583
0.102998
0.068965
0.066596
0.077925
0.053044
0.056692
0.061022
0.081259
0.068624
0.067255
0.067433
0.057730
0.043312
0.057842
0.065449
0.090124
0.050188
0.069255
0.081947
0.077959
0.066310
0.075249
0.083153
0.048940
0.059565
0.074002
0.056211
0.062626
0.073551
0.065579
0.055709
0.066785
0.050034
0.064028
0.070595
0.065550
0.060476
0.069772
0.050948
0.058496
0.071197
0.041629
0.071787
0.059908
0.058627
0.096097
0.088901
0.077750
0.060785
0.137505
0.095543
0.074412
0.059471
0.048137
0.044396
0.056419
0.052987
0.060225
0.052359
0.046242
0.069952
0.059442
0.063645
0.076615
0.075095
0.052032
0.078507
0.086421
0.075627
0.077221
0.059576
0.066440
0.053682
0.065373
0.062883
0.075495
0.078159
0.071487
0.047216
0.056909
0.048956
0.043689
0.057562
0.066707
0.052061
0.089700
0.053519
0.045311
0.042121
0.062056
0.053376
0.068910
0.065775
0.071128
0.081848
0.086699
0.068402
0.061386
0.067946
0.090794
0.078556
0.070705
0.064986
0.057575
0.054438
0.083811
0.093930
0.090387
0.083045
0.075889
0.056270
0.074786
0.057769
0.050646
0.052049
0.068812
0.050390
0.061632
0.067472
0.087837
0.071530
0.072962
0.066448
0.062876
0.063978
0.070401
0.055344
0.053797
0.067611
0.063500
0.071918
0.073779
0.051925
0.049419
0.058952
0.092356
0.068456
0.073080
0.061077
0.090618
0.067589
0.072179
0.047665
0.088233
0.069219
0.074996
0.052459
0.056968
0.067339
0.042354
