1.745443
0.085911
0.084003
0.068132
0.068273
0.069371
0.074592
0.071737
0.068424
0.053583
0.081075
0.077221
0.068400
0.083719
0.064731
0.074931
0.073314
0.069528
0.091598
0.070998
0.092963
0.060704
0.073584
0.060687
0.070278
0.063792
0.060600
0.085232
0.075082
0.053900
0.113450
0.089389
0.075526
0.087020
0.085933
0.077580
0.078336
0.058181
0.063846
0.096482
0.079845
0.080129
0.077900
0.083390
0.109868
0.066982
0.073320
0.066080
0.078030
0.063098
0.099655
0.075002
0.079043
0.068561
0.060183
0.097863
0.072969
0.070237
0.083387
0.072736
0.106703
0.081245
0.090615
0.076760
0.078067
0.071192
0.068467
0.078696
0.070089
0.065415
0.120795
0.071731
0.063156
0.079785
0.078937
0.051821
0.091169
0.078723
0.071835
0.081819
0.122869
0.065083
0.074851
0.068668
0.065752
0.059805
0.082226
0.077797
0.088641
0.079945
0.092330
0.053883
0.072325
0.068933
0.077271
0.061967
0.087977
0.055789
0.086900
0.069559
0.058538
0.061205
0.052029
0.073452
0.040624
0.070210
0.067007
0.058717
0.071680
0.068581
0.071806
0.056234
0.063509
0.070474
0.087012
0.084282
0.096776
0.056257
0.087397
0.105066
0.086163
0.101533
0.079921
0.062381
0.067158
0.065174
0.049469
0.063870
0.081039
0.066211
0.076429
0.071015
0.089816
0.053623
0.093444
0.045064
0.086118
0.065829
0.062399
0.092113
0.069400
0.071052
0.061993
0.081394
0.089462
0.067908
0.059181
0.069660
0.061162
0.057112
0.083641
0.062131
0.094909
0.065337
0.072159
0.092202
0.074733
0.069204
0.063654
0.069405
0.084059
0.083832
0.074613
0.074300
0.082600
0.085361
0.076460
0.079367
0.097079
0.075673
0.075314
0.075833
0.084320
0.094322
0.071804
0.063662
0.081691
0.051842
0.061316
0.067435
0.085586
0.067772
0.057231
0.059766
0.067921
0.085884
0.080298
0.096514
0.110665
0.063594
0.106292
0.091192
0.068497
0.095491
0.100200
0.082232
0.072232
0.077798
0.068437
0.072223
0.100603
0.088967
0.070971
0.081810
0.071444
0.084030
0.081498
0.050636
0.052630
0.058794
0.087782
0.073831
0.060650
0.050512
0.074641
0.067075
0.068395
0.082064
0.074178
0.063082
0.073554
0.048030
0.063718
0.052684
0.066347
0.071476
0.060818
0.052089
0.069494
0.074732
0.072617
0.104181
0.085914
0.068954
0.085961
0.074100
0.071358
0.074402
0.065999
0.074664
0.099016
0.066502
0.064870
0.067914
0.069244
0.056339
0.072752
0.057776
0.086930
0.064521
0.106352
0.065833
0.059099
0.061526
0.072622
0.064861
0.072768
0.081882
0.096355
0.075913
0.085848
0.068990
0.059264
0.070140
0.095273
0.073184
0.057074
0.073199
0.056847
0.063285
0.091263
0.105199
0.080824
0.089074
0.063257
0.058635
0.078676
0.075598
0.070469
0.097849
0.105961
0.077034
0.081824
0.073077
0.067563
0.113460
0.063214
0.103544
0.098459
0.090541
0.099216
0.105890
0.084113
0.064590
0.071201
0.073157
0.068256
0.057757
0.063064
0.053086
0.099404
0.068974
0.081863
0.059453
0.048239
0.043230
0.060997
0.078153
0.052554
0.057257
0.082649
0.064123
0.053644
0.081716
0.071162
0.086322
0.084572
0.089903
0.075727
0.082442
0.106447
0.056784
0.070572
0.056079
0.076238
0.122352
0.053433
0.057984
0.072152
0.077669
0.092188
0.078742
0.066029
0.057968
0.069239
0.056026
0.064863
0.079227
0.070278
0.077399
0.100795
0.069863
0.086311
0.071435
0.059687
0.062507
0.084076
0.073557
0.060003
0.079992
0.095948
0.090797
0.083034
0.069680
0.062926
0.081689
0.072776
0.056433
0.061438
0.084654
0.089499
0.063693
0.072814
0.084214
0.061414
0.082983
0.063322
0.089083
0.104439
0.059519
0.084394
0.059793
0.063457
0.055917
0.062078
0.062120
0.059441
0.078301
0.075778
0.086582
0.095691
0.091162
0.073739
0.078924
0.122533
0.074113
0.061316
0.097125
0.093323
0.072945
0.084700
0.065451
0.066367
0.073735
0.069464
0.067132
0.076303
0.047600
0.065065
0.083713
0.104160
0.055505
0.059927
0.070945
0.053403
0.070915
0.043847
0.066254
0.068795
0.086551
0.087727
0.080474
0.063217
0.075894
0.055012
0.071589
0.077878
0.077695
0.068738
0.075346
0.067693
0.090191
0.075155
0.090677
0.074362
0.075834
0.073336
0.065811
0.067948
0.078850
0.101355
0.076089
0.064458
0.074614
0.100529
0.070289
0.083431
0.089715
0.080548
0.066537
0.098295
0.081720
0.097538
0.091484
0.107657
0.090286
0.059975
0.087100
0.060426
0.081152
0.071702
0.066966
0.083448
0.074035
0.058198
0.075780
0.089140
0.083776
0.100225
0.082178
0.078778
0.063353
0.084674
0.112835
0.077734
0.056794
0.054274
0.078904
0.087295
0.051932
0.096778
0.085021
0.088432
0.084265
0.094376
0.091792
0.097461
0.073352
0.074939
0.061210
0.089620
0.051420
0.072097
0.089691
0.054750
0.054595
0.043262
0.074034
0.084759
0.065252
0.101607
0.114768
0.086704
0.055679
0.076412
0.067711
0.075600
0.073509
0.070579
0.069916
0.074314
0.080542
0.059970
0.066801
0.068778
0.086861
0.111065
0.054415
0.069968
0.078593
0.089659
0.087183
0.103448
0.086777
0.086628
0.070225
0.090463
0.065873
0.053198
0.068699
0.098878
0.068380
0.080605
0.081475
0.076164
0.078963
0.069247
0.068275
0.077990
0.060724
0.102574
0.088572
0.073880
0.097984
0.066241
0.064515
0.059844
0.078253
0.083757
0.075025
0.083441
0.097563
0.057349
0.063859
0.098044
0.079935
0.106428
0.080638
0.083296
0.080687
0.089968
0.075982
0.080194
0.083807
0.070516
0.062171
0.087715
0.105314
0.067941
0.070525
0.099195
0.071864
0.064369
0.078203
0.050582
0.076549
0.071717
0.047051
0.056580
0.052835
0.092472
0.084980
0.079854
0.066806
0.074802
0.067746
0.071649
0.066927
0.070783
0.077161
0.084914
0.064024
0.077657
0.093603
0.082714
0.076238
0.090449
0.060034
0.065010
0.074290
0.079719
0.077436
0.066747
0.084656
0.061449
0.060165
0.054055
0.075164
0.053855
0.081686
0.085554
0.055391
0.048400
0.078108
0.068078
0.061869
0.072269
0.069030
0.064585
0.050342
0.086082
0.077172
0.086244
0.081164
0.092321
0.074517
0.091439
0.088744
0.074742
0.061223
0.091222
0.063040
0.073341
0.077326
0.104120
0.099108
0.085112
0.078976
0.082962
0.076894
0.098754
0.073375
0.062245
0.066511
0.064929
0.080329
0.045334
0.077507
0.098178
0.068476
0.072612
0.056908
0.061376
0.087567
0.089051
0.089387
0.097649
0.075338
0.078260
0.060886
0.082946
0.079349
0.061474
0.068774
0.063946
0.053043
0.072129
0.078894
0.070627
0.052145
0.087604
0.080968
0.059822
0.079720
0.090054
0.075946
0.065436
0.071247
0.095495
0.070000
0.085476
0.079668
0.072054
0.069627
0.056231
0.085283
0.054317
0.053115
0.080834
0.053946
0.098943
0.085074
0.083161
0.106429
0.076186
0.085224
0.075078
0.079567
0.079766
0.072223
0.100639
0.075771
0.075095
0.069850
0.058963
0.066197
0.074853
0.077831
0.079993
0.067106
0.099304
0.080715
0.071225
0.057390
0.067942
0.075836
0.073612
0.070837
0.073298
0.044125
0.076710
0.085786
0.060369
