1.784302
0.106713
0.070335
0.054548
0.075615
0.071174
0.053039
0.087863
0.072667
0.049209
0.097954
0.063149
0.073497
0.054101
0.092134
0.098514
0.062644
0.046964
0.071707
0.080617
0.090523
0.071458
0.090199
0.055564
0.092632
0.073367
0.063805
0.075982
0.094192
0.065919
0.087881
0.071487
0.068990
0.099309
0.049231
0.067907
0.058065
0.080022
0.092785
0.057944
0.097509
0.077902
0.058146
0.080952
0.082796
0.078696
0.093425
0.109410
0.102052
0.072664
0.106704
0.071369
0.074601
0.037738
0.064153
0.063896
0.089328
0.076395
0.051142
0.066385
0.095586
0.103243
0.076627
0.063326
0.063130
0.072774
0.063276
0.053833
0.065001
0.065571
0.076478
0.058082
0.072865
0.095333
0.061005
0.067848
0.084214
0.075006
0.074587
0.072701
0.080152
0.079607
0.070678
0.127022
0.076794
0.062613
0.076188
0.075651
0.086468
0.067068
0.086435
0.095792
0.080301
0.071393
0.067591
0.083931
0.057156
0.105722
0.077450
0.081378
0.070689
0.079204
0.060284
0.101234
0.088548
0.083258
0.068195
0.071095
0.074134
0.068648
0.082306
0.089712
0.076374
0.065444
0.070939
0.057684
0.072918
0.064702
0.076279
0.075500
0.109401
0.072779
0.050336
0.065075
0.079226
0.071884
0.090124
0.080773
0.069814
0.086760
0.100541
0.096460
0.058062
0.057041
0.081321
0.071133
0.089570
0.055478
0.069687
0.052009
0.083364
0.064031
0.066080
0.054912
0.074270
0.068062
0.052482
0.060195
0.068001
0.075360
0.102891
0.072877
0.065167
0.057363
0.057858
0.046451
0.061548
0.058890
0.075061
0.094956
0.065736
0.075996
0.069543
0.081456
0.083726
0.048823
0.072619
0.083022
0.096214
0.067524
0.095670
0.067797
0.061655
0.056063
0.065095
0.072170
0.057684
0.053468
0.063397
0.064111
0.083711
0.064173
0.092062
0.060197
0.077138
0.072571
0.079072
0.074390
0.080269
0.062483
0.102096
0.080401
0.063572
0.075821
0.049593
0.065098
0.076311
0.097899
0.111061
0.093131
0.100848
0.089164
0.061480
0.093642
0.068628
0.086944
0.079574
0.072682
0.071964
0.079494
0.092721
0.073109
0.067593
0.062556
0.062264
0.073031
0.080972
0.075921
0.070832
0.078212
0.105916
0.097722
0.089376
0.074561
0.073849
0.081547
0.048378
0.073750
0.065525
0.078390
0.094014
0.078653
0.085557
0.087693
0.082556
0.050657
0.058910
0.066590
0.060810
0.065704
0.100808
0.084719
0.083202
0.083659
0.064474
0.089608
0.065128
0.081980
0.080562
0.079855
0.097137
0.082305
0.084161
0.067051
0.058793
0.074336
0.080838
0.081621
0.070802
0.096383
0.130883
0.066888
0.086175
0.064377
0.079114
0.065073
0.071378
0.056854
0.091822
0.082042
0.067811
0.053225
0.052796
0.078074
0.047590
0.066918
0.077854
0.066914
0.079875
0.066399
0.080683
0.076049
0.083666
0.076733
0.058011
0.059141
0.070721
0.069277
0.059040
0.073286
0.094747
0.087069
0.096743
0.073384
0.054127
0.055398
0.059791
0.073869
0.100609
0.053295
0.084107
0.058431
0.061827
0.066200
0.071075
0.074100
0.070336
0.045933
0.066092
0.055048
0.096660
0.074698
0.057317
0.060915
0.076891
0.063771
0.045928
0.070459
0.070688
0.065858
0.091243
0.073635
0.065238
0.066561
0.065180
0.062598
0.066008
0.070533
0.060011
0.055241
0.073587
0.058157
0.075790
0.063553
0.073983
0.069647
0.074426
0.060169
0.063429
0.075769
0.083260
0.066785
0.078993
0.056126
0.065545
0.086945
0.086616
0.082442
0.064402
0.062695
0.073795
0.061665
0.060121
0.054494
0.051378
0.067819
0.073518
0.067656
0.055603
0.063143
0.078690
0.075280
0.062532
0.057431
0.081377
0.061163
0.069052
0.060601
0.065432
0.056055
0.071316
0.071316
0.053381
0.053580
0.049715
0.051977
0.067729
0.062767
0.064708
0.062052
0.078901
0.076030
0.066293
0.069267
0.058413
0.077100
0.064642
0.055595
0.049484
0.061954
0.090635
0.060205
0.057932
0.075923
0.078074
0.068073
0.061011
0.074033
0.051878
0.065620
0.069906
0.076484
0.078809
0.071251
0.083077
0.077453
0.052643
0.047618
0.064732
0.049555
0.081134
0.062235
0.074152
0.052028
0.059694
0.058791
0.063679
0.076587
0.048716
0.077199
0.066136
0.089695
0.098370
0.064935
0.068747
0.077754
0.066238
0.045310
0.058449
0.058165
0.058084
0.049636
0.063433
0.050331
0.067483
0.085409
0.060266
0.089847
0.064816
0.055959
0.070385
0.056921
0.067244
0.051681
0.057094
0.069337
0.051832
0.071415
0.062985
0.069444
0.092792
0.057374
0.055458
0.051824
0.076136
0.085778
0.056472
0.059779
0.097950
0.061600
0.087147
0.075621
0.077338
0.082962
0.061230
0.063486
0.066729
0.084910
0.078627
0.067065
0.079715
0.077871
0.071849
0.057904
0.069257
0.071925
0.058963
0.062692
0.075377
0.052585
0.058335
0.049605
0.046749
0.061372
0.055581
0.059736
0.061526
0.073860
0.047143
0.056384
0.081614
0.074485
0.060979
0.059827
0.076761
0.056910
0.058442
0.068498
0.082724
0.050947
0.071568
0.066229
0.082302
0.050554
0.052876
0.057589
0.053343
0.043784
0.054842
0.051360
0.064672
0.051382
0.056543
0.093829
0.048265
0.066812
0.057762
0.071109
0.072842
0.060769
0.066205
0.058667
0.046190
0.060721
0.057873
0.069313
0.069860
0.058248
0.065084
0.072139
0.066945
0.066108
0.063263
0.082539
0.068606
0.071274
0.081659
0.080130
0.056963
0.065975
0.080961
0.062709
0.049945
0.082362
0.085595
0.067611
0.076351
0.068581
0.059502
0.080146
0.087509
0.061749
0.057919
0.096632
0.052051
0.088387
0.070020
0.072835
0.070142
0.070158
0.094136
0.065093
0.074329
0.077111
0.056201
0.066454
0.063772
0.053361
0.042436
0.055901
0.069045
0.058558
0.062532
0.059344
0.053478
0.055556
0.062561
0.059212
0.050129
0.050822
0.071247
0.069596
0.057451
0.072572
0.080589
0.055644
0.066996
0.085157
0.077362
0.057273
0.085442
0.057486
0.066332
0.052982
0.057595
0.067383
0.053529
0.059370
0.076361
0.055055
0.087842
0.070609
0.058594
0.058588
0.053572
0.062648
0.049406
0.080043
0.071456
0.050856
0.065138
0.056731
0.070373
0.058368
0.070261
0.064836
0.066866
0.050646
0.054219
0.087865
0.078116
0.072642
0.074177
0.062391
0.078497
0.073622
0.065278
0.081079
0.055530
0.067875
0.086350
0.082354
0.076168
0.043278
0.059325
0.077881
0.052608
0.064223
0.063566
0.049211
0.065891
0.068303
0.057119
0.056864
0.072766
0.053672
0.052693
0.071337
0.085920
0.068860
0.100285
0.048086
0.057071
0.069416
0.063166
0.055854
0.066558
0.056816
0.055621
0.085415
0.076946
0.068443
0.065322
0.070986
0.072325
0.071393
0.074964
0.064230
0.097404
0.055538
0.075012
0.057143
0.088450
0.057170
0.061970
0.074948
0.067933
0.063051
0.062677
0.054571
0.093807
0.061157
0.056653
0.071265
0.054519
0.050508
0.072625
0.060882
0.064799
0.061624
0.061206
0.067220
0.074667
0.081046
0.071377
0.083820
0.066092
0.068296
0.061287
0.065013
0.093299
0.076595
0.067250
0.077874
0.071931
0.078931
0.078195
0.063823
0.069646
0.050127
0.067615
0.048323
0.051592
0.069896
0.051850
0.050020
0.058660
0.057665
0.058409
0.066456
0.087552
0.049485
0.058976
0.059067
0.079841
0.059620
0.073211
0.048544
0.068850
0.068040
0.069642
0.051332
0.043252
0.049156
0.056167
0.055275
0.061905
0.065456
0.044282
0.054497
0.065753
0.064298
0.051912
0.063050
0.066172
0.070571
0.082659
0.082670
0.063283
0.064695
0.075084
0.052963
0.049958
0.056819
0.048388
0.074343
0.055900
0.078690
0.086295
0.073950
0.096539
0.081174
0.084687
0.060671
0.081375
0.046460
0.093266
0.074329
0.081978
0.057853
0.086695
0.067100
0.075306
0.053190
0.045340
0.066682
0.064046
0.081065
0.066056
0.072064
0.086014
0.051582
0.054335
0.055120
0.063152
0.059914
0.058493
0.061485
0.055974
0.056559
0.094438
0.060670
