1.724804
0.061749
0.070487
0.059878
0.050588
0.044549
0.063804
0.061225
0.065797
0.086958
0.106684
0.051078
0.075399
0.060298
0.068584
0.046494
0.063649
0.066630
0.061828
0.070471
0.084986
0.089087
0.080049
0.067194
0.060721
0.071435
0.060180
0.102544
0.067743
0.068368
0.078091
0.059060
0.060041
0.052211
0.051682
0.056793
0.058669
0.050960
0.057402
0.061691
0.064876
0.070980
0.051369
0.037597
0.062563
0.084207
0.072054
0.055868
0.076858
0.052505
0.085300
0.060432
0.055217
0.063348
0.095954
0.064634
0.064013
0.049376
0.051646
0.051172
0.075038
0.060827
0.058773
0.062519
0.060525
0.071164
0.062733
0.057997
0.056427
0.073074
0.083202
0.059584
0.055049
0.055881
0.048167
0.047612
0.067113
0.059120
0.050227
0.064478
0.081922
0.067107
0.062127
0.078274
0.079714
0.091556
0.100185
0.087427
0.064882
0.088693
0.098598
0.064084
0.071222
0.057237
0.054736
0.044091
0.062717
0.044796
0.054913
0.052074
0.081762
0.065410
0.083606
0.058731
0.075414
0.073928
0.090541
0.075794
0.054237
0.073425
0.080835
0.075662
0.060548
0.062631
0.093015
0.058321
0.067741
0.061132
0.067826
0.064953
0.081562
0.066142
0.091351
0.068231
0.057483
0.082660
0.048553
0.047030
0.064247
0.063380
0.085899
0.041738
0.070135
0.041085
0.058164
0.059009
0.050740
0.056163
0.070048
0.051535
0.074251
0.068340
0.066022
0.078099
0.081347
0.070436
0.084210
0.065569
0.077477
0.078449
0.070823
0.057511
0.052250
0.070502
0.096700
0.058460
0.074455
0.065704
0.063817
0.089806
0.094677
0.102729
0.085182
0.088347
0.051628
0.072373
