1.738142
0.063202
0.049200
0.063722
0.048021
0.050303
0.059673
0.074886
0.072232
0.056086
0.084773
0.048916
0.053483
0.050345
0.062441
0.048981
0.050839
0.047758
0.054072
0.049435
0.088411
0.073806
0.071312
0.060068
0.078933
0.052912
0.069691
0.057514
0.070739
0.060571
0.065415
0.054116
0.046833
0.047580
0.052977
0.039220
0.066466
0.055613
0.080037
0.068759
0.068807
0.060026
0.058534
0.062238
0.073997
0.064618
0.065366
0.062424
0.095808
0.080554
0.072247
0.063170
0.074722
0.068857
0.084119
0.063502
0.085410
0.102181
0.045793
0.078270
0.070181
0.093527
0.045758
0.057609
0.062189
0.055340
0.058519
0.061594
0.068296
0.052975
0.070883
0.054250
0.071568
0.050484
0.079210
0.077641
0.058316
0.066984
0.078317
0.057255
0.088518
0.050568
0.068696
0.061288
0.053961
0.057397
0.054793
0.051253
0.075382
0.075025
0.083265
0.059359
0.048795
0.044982
0.061308
0.054580
0.075256
0.068614
0.061162
0.049344
0.074805
0.065756
0.072021
0.057300
0.050371
0.057302
0.083421
0.064271
0.076698
0.063419
0.097965
0.049464
0.061370
0.068047
0.042123
0.053131
0.052078
0.055025
0.065013
0.065532
0.084064
0.084991
0.080958
0.066694
0.059864
0.078918
0.059141
0.058892
0.058137
0.067458
0.085162
0.062432
0.051887
0.075049
0.070108
0.056918
0.064470
0.064925
0.059659
0.065402
0.091812
0.059927
0.052819
0.058087
0.063439
0.050600
0.064983
0.058366
0.057619
0.059794
0.079587
0.051149
0.054087
0.066197
0.065948
0.071016
0.081279
0.069531
0.056692
0.070338
0.073120
0.064205
0.102714
0.060920
0.054653
0.067645
0.050943
0.052323
0.066192
0.060672
0.077174
0.052219
0.058183
0.067386
0.059747
0.061331
0.061394
0.051464
0.078208
0.070971
0.068465
0.059425
0.061058
0.055536
0.047481
0.062352
0.049934
0.052772
0.077199
0.048235
0.082824
0.073402
0.059054
0.077243
0.061870
0.083664
0.055212
0.074131
0.058764
0.083303
0.081003
0.076061
0.092541
0.076251
0.068651
0.078762
0.060310
0.058228
0.062896
0.067648
0.095487
0.068322
0.067260
0.062292
0.070766
0.070519
0.056195
0.068857
0.050772
0.058498
0.078391
0.065944
0.058607
0.087488
0.094936
0.084957
0.084302
0.074565
0.069859
0.070226
0.079452
0.056101
0.057623
0.075434
0.085484
0.071638
0.066837
0.074377
0.064683
0.054261
0.075754
0.066803
0.046068
0.059018
0.049567
0.072693
0.077867
0.078818
0.054857
0.078001
0.088937
0.069578
0.074081
0.079002
0.055888
0.078882
0.068597
0.064608
0.071427
0.064382
0.077971
0.065809
0.057133
0.061985
0.067217
0.051679
0.074734
0.059309
0.067036
0.082074
0.084792
0.080082
0.069895
0.057078
0.094280
0.057866
0.052378
0.063356
0.064087
0.066708
0.066482
0.064793
0.066083
0.092589
0.080968
0.063096
0.058293
0.067326
0.069739
0.067526
0.088133
0.071534
0.075131
0.071055
0.075461
0.053938
0.058681
0.057396
0.068525
0.086098
0.092798
0.098310
0.077851
0.059234
0.049682
0.063517
0.059411
