1.769906
0.082758
0.042975
0.068703
0.084165
0.054397
0.059105
0.065063
0.052983
0.047789
0.066665
0.038392
0.075153
0.060469
0.075449
0.055500
0.051404
0.046757
0.055288
0.062753
0.069493
0.050521
0.053047
0.051205
0.050207
0.071290
0.055421
0.044202
0.049224
0.046415
0.063355
0.051672
0.056780
0.048701
0.055335
0.067194
0.057110
0.054327
0.062572
0.077821
0.082983
0.053052
0.068376
0.061577
0.069384
0.061456
0.077233
0.055782
0.058681
0.061586
0.089606
0.067633
0.081207
0.067222
0.070490
0.046934
0.063336
0.046606
0.056840
0.073602
0.082448
0.067525
0.083889
0.046038
0.057159
0.055451
0.062379
0.068058
0.073386
0.080515
0.081193
0.062008
0.057056
0.060158
0.057255
0.087488
0.065123
0.073711
0.071730
0.078496
0.092334
0.058579
0.065488
0.057446
0.066361
0.068726
0.062732
0.067063
0.072320
0.068464
0.099079
0.086440
0.067634
0.057678
0.050632
0.067636
0.071025
0.075275
0.067369
0.075002
0.077265
0.059896
0.061870
0.067353
0.065189
0.049872
0.066681
0.063135
0.100482
0.083401
0.082016
0.059213
0.082731
0.055594
0.053065
0.046534
0.049491
0.050665
0.060501
0.059689
0.071239
0.062314
0.062158
0.064882
0.062966
0.067601
0.072035
0.054978
0.042491
0.065475
0.087892
0.084371
0.067327
0.081543
0.079412
0.058035
0.058319
0.074351
0.053189
0.069568
0.095478
0.039547
0.058055
0.054649
0.051016
0.059620
0.062857
0.070793
0.081593
0.070135
0.079544
0.060828
0.043874
0.051627
0.069828
0.049003
0.060688
0.048359
0.072339
0.072509
0.074430
0.063120
0.076917
0.062629
0.066730
0.054508
0.057362
0.049117
0.051385
0.062597
0.083578
0.069648
0.075453
0.084792
0.048948
0.062598
0.061423
0.070259
0.064849
0.089480
0.077904
0.056924
0.055001
0.063599
0.071921
0.075086
0.064201
0.071283
0.068873
0.062438
0.066078
0.048283
0.064152
0.052088
0.051299
0.051734
0.069630
0.093172
0.064875
0.072678
0.064037
0.056972
0.047099
0.050142
0.053045
0.052560
0.056633
0.075640
0.081700
0.072881
0.078505
0.072062
0.069685
0.071309
0.074733
0.071997
0.069870
0.068805
0.063771
0.075521
0.086388
0.111325
0.081735
0.076876
0.071489
0.056861
0.065427
0.065947
0.044288
0.047879
0.067446
0.050005
0.061306
0.061656
0.053799
0.069543
0.070027
0.054135
0.064074
0.074647
0.088477
0.062809
0.059365
0.058847
0.048888
0.058678
0.051521
0.055823
0.042876
0.052154
0.077087
0.068863
0.059951
0.058222
0.061803
0.081029
0.068726
0.117756
0.067673
0.062270
0.081692
0.056631
0.077462
0.061280
0.085138
0.077116
0.074215
0.080840
0.078196
0.063828
0.081546
0.076959
0.059509
0.065012
0.059524
0.049729
0.056628
0.050205
0.054825
0.072150
0.107130
0.072288
0.056770
0.068149
0.071512
0.043144
0.065042
0.056787
0.072917
0.049363
0.086615
0.063192
0.063179
0.078911
0.079895
0.067854
0.074644
0.098547
0.073614
0.066705
0.080375
0.052979
0.063881
0.075191
0.070451
0.053043
0.066048
