1.731612
0.102484
0.073806
0.065419
0.056593
0.056252
0.065022
0.089155
0.088357
0.082623
0.117944
0.067903
0.049095
0.068931
0.081146
0.096098
0.079170
0.083679
0.118878
0.050297
0.094580
0.062985
0.069678
0.069889
0.090103
0.066581
0.058521
0.083140
0.068149
0.066330
0.065299
0.074297
0.052121
0.055542
0.053246
0.046791
0.072068
0.076304
0.041986
0.060998
0.063398
0.069056
0.068897
0.064506
0.085620
0.060189
0.092536
0.076036
0.083437
0.081489
0.077316
0.084879
0.064424
0.084746
0.047880
0.050970
0.066091
0.059839
0.060821
0.062200
0.069623
0.086843
0.111790
0.075724
0.069652
0.054322
0.063858
0.088084
0.068288
0.079242
0.072968
0.065385
0.087315
0.042769
0.068538
0.063784
0.080786
0.078997
0.086943
0.115312
0.089359
0.097008
0.093754
0.091377
0.084731
0.084594
0.092524
0.096499
0.068798
0.076965
0.078184
0.052672
0.050391
0.074157
0.084906
0.089189
0.081663
0.099377
0.074340
0.038130
0.085056
0.046949
0.073097
0.072241
0.053558
0.067997
0.068794
0.095112
0.074493
0.063934
0.060315
0.037230
0.061734
0.088940
0.060299
0.039743
0.044622
0.063361
0.041264
0.068322
0.071349
0.064316
