1.749291
0.083547
0.065397
0.057104
0.071360
0.046562
0.055380
0.055604
0.053235
0.052950
0.078565
0.060486
0.070690
0.065893
0.071974
0.065779
0.078274
0.064131
0.067483
0.061226
0.076694
0.044516
0.056826
0.066399
0.049170
0.059596
0.060036
0.053080
0.066556
0.062823
0.066741
0.053234
0.077950
0.065976
0.067046
0.044375
0.059625
0.055144
0.069098
0.065287
0.091424
0.045178
0.054548
0.047539
0.053497
0.050467
0.060587
0.049683
0.049039
0.057072
0.073383
0.067603
0.060342
0.064838
0.067001
0.087527
0.058104
0.059201
0.060268
0.072004
0.081928
0.064886
0.058195
0.064566
0.063373
0.082031
0.059441
0.091692
0.068361
0.072492
0.082508
0.054858
0.047143
0.050219
0.079098
0.086968
0.046413
0.097909
0.055964
0.063428
0.067180
0.060704
0.049732
0.068215
0.068744
0.043161
0.059988
0.053234
0.069453
0.095367
0.090601
0.075021
0.049457
0.068287
0.039730
0.068653
0.089931
0.090543
0.081985
0.071896
0.083635
0.054735
0.062754
0.064904
0.054569
0.071901
0.066084
0.079528
0.063060
0.080061
0.088817
0.084552
0.079145
0.086024
0.075682
0.074699
0.068580
0.072447
0.061220
0.074621
0.114874
0.062398
0.059872
0.069000
0.053869
0.057177
0.067492
0.054511
0.054451
0.044891
0.078400
0.041028
0.059210
0.053280
0.053057
0.081570
0.052241
0.048239
0.057194
0.042263
0.067641
0.068313
0.064708
0.071972
0.098289
0.077233
0.082288
0.047853
0.065244
0.070775
0.076964
0.060611
0.062364
0.063850
0.050851
0.076392
0.058981
0.070498
0.042613
0.057549
0.081650
0.080985
0.074979
0.068542
0.062877
0.067777
0.075877
0.052316
0.056767
0.062342
0.063101
0.047271
0.050984
0.070233
0.062038
0.063604
0.069946
0.050700
0.054498
0.058844
0.098315
0.083317
0.076574
0.060429
0.049985
0.073524
0.076556
0.066864
0.075486
0.066275
0.101944
0.070654
0.054989
0.065152
0.053311
0.053455
0.061357
0.058028
0.054949
0.063494
0.081085
0.042794
0.061722
0.044939
0.062922
0.062025
0.053216
0.052680
0.068117
0.081110
0.081205
0.063332
0.062453
0.073480
0.072221
0.068946
0.058567
0.066122
0.062622
0.063229
0.096143
0.070878
0.044455
0.056554
0.056561
0.050812
0.055624
0.053488
0.048143
0.054270
0.071367
0.054128
0.047071
0.078299
0.058411
0.073465
0.066581
0.062443
0.058026
0.071949
0.094309
0.066455
0.065815
0.060958
0.054349
0.052783
0.058720
0.061463
0.056703
0.056526
0.082349
0.062932
0.078224
0.063815
0.072243
0.065890
0.057125
0.061258
0.066451
0.052908
0.072016
0.063238
0.056218
0.059932
0.049971
0.080153
0.071620
0.076316
0.081956
0.069029
0.067855
0.059341
0.043314
0.055923
0.059281
0.059058
0.068435
0.062766
0.071893
0.063779
0.080515
0.073091
0.074726
0.078050
0.043102
0.071070
0.042094
0.060061
0.087187
0.065131
0.097776
0.052524
0.045397
0.042589
0.091304
0.076989
0.056812
0.079592
0.083514
0.061505
0.079668
0.053967
0.047722
0.065371
0.042847
0.061143
0.047102
0.068188
0.055398
0.049713
0.090356
0.062807
0.062756
