1.762005
0.069880
0.060555
0.076870
0.079153
0.077240
0.052495
0.066513
0.048442
0.046409
0.075874
0.048847
0.070987
0.053349
0.071193
0.072644
0.077790
0.075510
0.066724
0.075414
0.081026
0.053102
0.052675
0.080600
0.049101
0.057148
0.069389
0.075231
0.041667
0.057787
0.079083
0.056801
0.064708
0.116894
0.081458
0.077790
0.072214
0.078034
0.093565
0.078083
0.085468
0.066138
0.064454
0.056760
0.057525
0.076670
0.047987
0.053872
0.042891
0.063147
0.100133
0.096350
0.041304
0.035721
0.051476
0.057652
0.059051
0.047944
0.058877
0.053232
0.094980
0.110722
0.060859
0.070581
0.059782
0.042516
0.048926
0.057351
0.060982
0.056426
0.073004
0.054803
0.060097
0.050834
0.066269
0.046090
0.053776
0.060925
0.084124
0.043970
0.080416
0.085399
0.067079
0.055043
