1.725296
0.080661
0.047935
0.062210
0.073010
0.067519
0.077140
0.055735
0.058361
0.056901
0.075160
0.067483
0.055438
0.072136
0.096187
0.077617
0.058949
0.072644
0.070440
0.065493
0.094317
0.075129
0.066129
0.073933
0.076659
0.074443
0.074627
0.062452
0.092823
0.079087
0.091489
0.054953
0.078794
0.064017
0.065694
0.062243
0.053954
0.082077
0.054776
0.061646
0.077385
0.068394
0.049057
0.050124
0.057206
0.061174
0.060639
0.068367
0.057149
0.050934
0.093100
0.056070
0.050630
0.061018
0.086957
0.093438
0.069451
0.049029
0.093519
0.068517
0.075372
0.071284
0.064878
0.057232
0.079228
0.077288
0.071644
0.104472
0.085618
0.060374
0.086172
0.060357
0.075439
0.072077
0.068552
0.066980
0.060961
0.082581
0.081429
0.061127
0.059303
0.070904
0.057669
0.069057
0.073439
0.052375
0.048642
0.078855
0.097286
0.078464
0.082569
0.068750
0.064651
0.062295
0.044413
0.066947
0.048680
0.066111
0.066556
0.052970
0.099807
0.060841
0.061333
0.053723
0.057493
0.049926
0.061790
0.068542
0.073682
0.068838
0.110485
0.068316
0.062741
0.062888
0.074224
0.055027
0.085027
0.073602
0.077736
0.079838
0.074663
0.063759
0.058750
0.064325
0.049705
0.038985
0.048632
0.074891
0.053566
0.072285
0.090984
0.057459
0.085828
0.088109
0.080980
0.071050
0.047555
0.081168
0.060316
0.070070
0.071023
0.066152
0.064877
0.095899
0.057940
0.057009
0.059690
0.054673
0.060880
0.055332
0.068146
0.054312
0.057843
0.056050
0.042381
0.055477
0.046643
0.056265
0.050180
0.077538
0.071514
0.057737
0.065595
0.050414
0.088609
0.048551
0.057260
0.071438
0.085753
0.068322
0.077775
0.051614
0.050778
0.049904
0.058738
0.048444
0.056107
0.053391
0.050108
0.050203
0.084478
0.080995
0.079266
0.055152
0.059845
0.056231
0.048026
0.070499
0.045322
0.059550
0.075441
0.053979
0.054597
0.059834
0.050699
0.079515
0.070626
0.036444
0.054193
0.061913
0.086812
0.079830
0.065595
0.041183
0.056788
0.045701
0.049436
0.071069
0.059745
0.063344
0.089370
0.058865
0.048354
0.060622
0.061247
0.064361
0.082627
0.049268
0.055650
0.050404
0.078981
0.054612
0.070150
0.085340
0.066391
0.081524
0.064819
0.085672
0.070009
0.077780
0.081678
0.059444
0.062206
0.060413
0.047771
0.089630
0.067300
0.057693
0.063737
0.071340
0.065696
0.064783
0.049050
0.064030
0.076097
0.075031
0.090825
0.094730
0.051459
0.052408
0.070814
0.071107
0.069917
0.074012
0.057652
0.051132
0.053188
0.044967
0.055143
0.067305
0.060499
0.051981
0.075742
0.102632
0.090928
0.071638
0.086905
0.074389
0.060371
0.052443
0.082197
0.044999
0.051221
0.052374
0.049298
0.074412
0.066754
0.055814
0.053696
0.063181
0.083058
0.051816
0.059582
0.054961
0.074650
0.055502
0.062876
0.055827
0.086227
0.048444
0.068393
0.078433
0.044487
0.057060
0.053283
0.052367
0.061616
0.053250
0.057712
0.067907
0.097851
0.059999
0.056568
0.059811
0.065471
0.069896
0.058366
0.068635
0.043844
0.046534
0.079932
0.043746
0.077119
0.061785
0.064188
0.058440
0.064746
0.057178
0.062845
0.052476
0.056688
0.092485
0.076322
0.081978
0.071949
0.051737
0.077121
0.060167
0.053438
0.055920
0.066420
0.056398
0.073831
0.058473
0.075355
0.042425
0.060442
0.049988
0.058325
0.066314
0.086400
0.056454
0.050262
0.067487
0.081255
0.046636
0.059604
0.042953
0.052723
0.069289
0.127267
0.061839
0.063095
0.048449
0.060576
0.058721
0.075671
0.048696
0.050114
0.058647
0.097110
0.055595
0.065162
0.090391
0.081372
0.051128
0.094905
0.060354
0.054679
0.056320
0.092411
0.058340
0.064353
0.057359
0.067058
0.067518
0.049864
0.063269
0.060426
0.049904
0.070414
0.072001
0.054642
0.054307
0.069300
0.061183
0.053767
0.061960
0.054450
0.063908
0.086726
0.066634
0.093137
0.067372
0.062877
0.061361
0.050411
0.043220
0.050192
0.051246
0.079145
0.058295
0.058488
0.052083
0.081870
0.061638
0.059031
0.057827
0.055290
0.047010
0.076315
0.059115
0.064839
0.052047
0.053156
0.071654
0.054023
0.042449
0.063305
0.063127
0.076016
0.050694
0.051365
0.044051
0.061929
0.057587
0.038698
0.063359
0.043483
0.045182
0.072241
0.069840
0.067894
0.072178
0.066407
0.053861
0.058921
0.059810
0.069096
0.076431
0.098277
0.059296
0.076043
0.065455
0.076263
0.065603
0.043245
0.055402
0.056337
0.068099
0.077068
0.067517
0.072799
0.087872
0.071027
0.046034
0.061343
0.045590
0.055067
0.050126
0.075886
0.068274
0.062944
0.073847
0.049727
0.043091
0.059103
0.058332
0.054892
0.066303
0.098823
0.073344
0.063370
0.060829
0.061213
0.057710
0.102984
0.068396
0.065433
0.054317
0.082985
0.052401
0.072517
0.085366
0.061886
0.064880
0.058719
0.085226
0.063648
0.068963
0.069404
0.061281
0.050947
0.066535
0.050505
0.063632
0.071296
0.063680
0.044770
0.044916
0.092081
0.061913
0.049039
0.062501
0.057778
0.075644
0.049515
0.090781
0.052109
0.071407
0.109598
0.072475
0.069847
0.058577
0.052875
0.051789
0.064503
0.053813
0.046067
0.058611
0.072690
0.056159
0.068405
0.066413
0.063989
0.062123
0.047574
0.054534
0.066903
0.051230
0.072245
0.058061
0.097513
0.066565
0.063005
0.050661
0.048847
0.055916
0.055553
0.056030
0.080819
0.066951
0.073236
0.058714
0.060881
0.057216
0.040054
0.047860
0.058913
0.065804
0.063049
0.059099
0.058410
0.061952
0.051682
0.098511
0.071620
0.074948
0.059360
0.055150
0.090203
0.096943
0.060914
0.071699
0.063155
0.038332
0.065139
0.056581
0.059445
0.060992
0.071842
0.062398
0.054803
0.065977
0.059000
0.057984
0.057459
0.060824
0.045376
0.061509
0.098129
0.071021
0.056228
0.053442
0.048291
0.065773
0.058856
0.052993
0.064106
0.063638
0.067182
0.050581
0.069180
0.062211
0.061017
0.055228
0.056951
0.045818
0.062821
0.056135
0.068599
0.059706
0.054791
0.062812
0.063741
0.048434
0.062764
0.060842
0.074678
0.053265
0.073985
0.070363
0.073601
0.062140
0.048336
0.058455
0.048514
0.054327
0.057912
0.048729
0.077862
0.050747
0.061379
0.045149
0.069187
0.061196
0.056955
0.047564
0.056393
0.057048
0.090415
0.050735
0.049280
0.058015
0.070469
0.049606
0.061297
0.049585
0.053283
0.050211
0.075855
0.059096
0.059914
0.074509
0.064961
0.059143
0.073889
0.069480
0.053456
0.056903
0.094115
0.054248
0.065356
0.072426
0.071802
0.061225
0.042821
0.058465
0.053911
0.062534
0.082042
0.062354
0.095737
0.057576
0.062990
0.084213
0.048617
0.067918
0.064120
0.090858
0.070085
0.077733
0.062159
0.081241
0.070192
0.080927
0.052351
0.073478
0.053172
0.053000
0.093150
0.048935
0.057717
0.045982
0.051733
0.055456
0.054374
0.063910
0.060363
0.075804
0.068627
0.077137
0.068963
0.060909
0.069748
0.073371
0.069283
0.079719
0.065155
0.070943
0.056150
0.057470
0.084039
0.071472
0.049840
0.071872
0.055574
0.063910
0.061293
0.074367
0.081148
0.091659
0.067462
0.067300
0.060048
0.056961
0.064675
0.056521
0.061322
0.056415
0.070264
0.058035
0.067942
0.059125
0.073186
0.063308
0.082820
0.072781
0.066848
0.071564
0.079216
0.071791
0.056013
0.060537
0.061880
0.065366
0.049824
0.064112
0.073363
0.048644
0.079272
0.062712
0.065906
0.054367
0.056472
0.060511
0.057902
0.054166
0.065610
0.066595
0.083133
0.050728
0.053818
0.060262
0.060238
0.060882
0.068455
0.081288
0.066955
0.077651
0.066792
0.081447
0.069287
0.074501
0.054728
0.051977
0.077802
0.067889
0.062495
0.045992
0.069613
0.063714
0.049658
0.061562
0.081368
0.061603
0.056656
0.055863
0.054801
0.061015
0.087507
0.049445
0.067774
0.069988
0.059957
0.076853
0.063162
0.068882
0.064572
0.066441
0.089228
0.074451
0.074980
0.075403
0.078687
0.061149
0.052096
0.059067
0.056535
0.070476
0.087545
0.100685
0.070747
0.049779
0.052777
0.051389
0.057628
0.076295
0.046702
0.051300
0.086099
0.085062
0.077594
0.087552
0.078185
0.060979
0.058512
0.061196
0.056528
0.070436
0.105487
0.062261
0.074364
0.069072
0.063887
0.055148
0.056439
0.064945
0.067194
0.072868
0.106828
0.083841
0.061855
0.059480
0.063451
0.063255
0.048267
0.072091
0.055821
0.051672
0.077426
0.072039
0.058792
0.060879
0.054873
0.058106
0.046427
0.064621
0.064321
0.063281
0.079159
0.052251
0.070540
0.060925
0.052279
0.060752
0.065999
0.076833
0.070079
0.083552
0.071600
0.054712
0.064535
0.055674
0.058283
0.075952
0.056074
0.075546
0.062500
0.055825
0.073981
0.057017
0.066467
0.068281
0.073684
0.066096
0.062848
0.055590
0.047838
0.055554
0.080064
0.058043
0.051045
0.049272
0.066267
0.062680
0.081441
0.057534
0.062051
0.089683
0.090551
0.073944
0.075765
0.086525
0.091820
0.069089
0.059542
0.045880
0.068239
0.061355
0.078982
0.047755
0.072467
0.051153
0.061187
0.050938
0.053549
0.056609
0.045478
0.079859
0.082701
0.057266
0.046718
0.046114
0.058632
0.073505
0.062389
0.053999
0.055973
0.064581
0.075672
0.081770
0.078111
0.042991
0.056955
0.055375
0.064586
0.054175
0.053447
0.079235
0.091666
0.101416
0.071516
0.055332
0.070008
0.073423
0.082451
0.067268
0.061104
0.065250
0.098895
0.060370
0.057127
0.050659
0.068191
0.063224
0.083161
0.074841
0.056955
0.040327
0.073489
0.064825
0.059296
0.066052
0.066745
0.055557
0.046058
0.056154
0.037072
0.063736
0.073369
0.039771
0.047078
0.047193
0.062172
0.062828
0.059498
0.055254
0.052693
0.070828
0.086161
0.065643
0.048011
0.071988
0.058467
0.074084
0.042253
0.056689
0.083494
0.056009
0.075195
0.058100
0.064960
0.065000
0.073337
0.044091
0.052495
0.066148
0.083372
0.091368
0.078782
0.073254
0.074967
0.061825
0.064562
0.071255
0.059601
0.069275
0.060638
0.061810
0.072226
0.061950
0.069685
0.071935
0.067841
0.080821
0.076326
0.060883
0.065565
0.070057
0.105789
0.057767
0.085872
0.068599
0.062986
0.064285
0.070756
0.062995
0.040332
0.047426
0.089023
0.056708
0.068069
0.064100
0.067256
0.082673
0.067260
0.056733
0.060276
0.064578
0.080508
0.044169
0.060972
0.069393
0.071090
0.070162
0.049489
0.061885
0.061712
0.057760
0.058382
0.062727
0.071054
0.064300
0.062545
0.053133
0.081070
0.064145
0.070562
0.058777
0.073271
0.057289
0.068383
0.067131
0.073780
0.057165
0.057317
0.073534
0.065209
0.073078
0.067266
0.061926
0.059489
0.060023
0.043668
0.071468
0.063197
0.059899
0.075318
0.061758
0.083380
0.051288
0.055514
0.058043
0.100052
0.080425
0.073462
0.090601
0.054663
0.059223
0.091976
0.063806
0.088122
0.064652
0.067624
0.050848
0.056354
0.049687
0.058349
0.081357
0.083283
0.055874
0.054495
0.065446
0.044513
0.095987
0.070219
0.055897
0.054318
0.062398
0.067000
0.066475
0.050235
0.059095
0.055766
0.061637
0.062308
0.056964
0.052853
0.057158
0.085219
0.066399
0.047736
0.090098
0.054774
0.049737
0.046519
0.046018
0.060467
0.068662
0.113472
0.073730
0.058286
0.076587
0.063979
0.060275
0.048721
0.055123
0.070856
0.066509
0.096792
0.062802
0.056600
0.056571
0.053617
0.065465
0.054685
0.071274
0.051947
0.075904
0.081345
0.054558
0.059688
0.055693
0.052347
0.077853
0.088357
0.063300
0.079005
0.074904
0.085589
0.096043
0.066622
0.059180
0.090358
0.071214
0.055522
0.069054
0.083489
0.095425
0.074194
0.064386
0.064211
0.069917
0.078557
0.063647
0.059554
0.059808
0.060857
0.055819
0.069902
0.053529
0.072910
0.057623
0.041953
0.067306
0.079245
0.060004
0.058560
0.069767
0.099407
0.061976
0.045630
0.086467
0.050072
0.057376
0.056621
0.081672
0.066945
0.076651
0.087516
0.060657
0.043116
0.069304
0.071801
0.061471
0.064476
0.079768
0.071790
0.075187
0.070957
0.071317
0.081525
0.071327
0.088715
0.054131
0.063160
0.079338
0.065469
0.060203
0.100016
0.068487
0.055099
0.060907
0.062678
0.048696
0.057840
0.075434
0.077060
0.053691
0.078490
0.065561
0.065001
0.057920
0.056029
0.066142
0.097219
0.061229
0.047882
0.057673
0.075933
0.071258
0.059039
0.046917
0.064519
0.081677
0.088963
0.069555
0.092202
0.049011
0.088668
0.089602
0.077965
0.064218
0.060414
0.075311
0.071609
0.077051
0.053954
0.053905
0.091065
0.051096
0.085083
0.063949
0.057178
0.064985
0.051924
0.077451
0.048663
0.058190
0.091946
0.077600
0.050201
0.055479
0.053592
0.059824
0.059054
0.049496
0.052350
0.050624
0.062694
0.059431
0.049465
0.053923
0.047616
0.050652
0.075061
0.073222
0.056595
0.052177
0.099969
0.053375
0.072274
0.086429
0.065084
0.089504
0.070088
0.045248
0.055172
0.053141
0.066175
0.053575
0.081433
0.103042
0.089827
0.097583
0.083907
0.075628
0.074988
0.083300
0.075876
0.056600
0.051597
0.065659
0.063708
0.069690
0.064284
0.067461
0.082193
0.080139
0.103126
0.072394
0.063640
0.062211
0.077021
0.069227
0.058292
0.104125
0.112189
0.066158
0.074386
0.068036
0.075813
0.063221
0.069966
0.098905
0.059443
0.059768
0.046030
0.059896
0.069109
0.048862
0.072967
0.051692
0.052919
0.059695
