1.697637
0.069729
0.043102
0.069832
0.063902
0.105869
0.108627
0.088039
0.073997
0.066629
0.097314
0.069228
0.062017
0.047944
0.062066
0.050195
0.070431
0.084831
0.050383
0.069283
0.082582
0.055753
0.071212
0.070709
0.055105
0.072606
0.070053
0.059750
0.064998
0.068652
0.070539
0.053176
0.058572
0.047813
0.076411
0.077730
0.078830
0.070970
0.047411
0.061072
0.079142
0.063821
0.052886
0.065986
0.059864
0.049685
0.052671
0.071112
0.088801
0.075742
0.084346
0.063686
0.056436
0.055981
0.073486
0.058344
0.070625
0.054900
0.071218
0.075300
0.088165
0.073680
0.039098
0.056274
0.051911
0.062433
0.056601
0.093954
0.059373
0.068305
0.092577
0.053492
0.074667
0.059822
0.044160
0.047122
0.048646
0.065628
0.049539
0.087018
0.077155
0.065619
0.076628
0.083745
0.066318
0.047082
0.065945
0.067116
0.064926
0.051074
0.066894
0.058632
0.058590
0.052464
0.070166
0.061863
0.072016
0.056131
0.069967
0.082318
0.067830
0.058658
0.064829
0.069417
0.088116
0.074749
0.070566
0.071398
0.071045
0.082415
0.088959
0.044940
0.079487
0.064146
0.074018
0.069762
0.072550
0.065095
0.053918
0.063912
0.085796
0.056778
0.059422
0.052519
0.062771
0.066047
0.066330
0.061088
0.053185
0.088112
0.084554
0.085904
0.054607
0.051298
0.043219
0.060410
0.054709
0.053023
0.051257
0.081974
0.066662
0.062943
0.049398
0.063117
0.070449
0.063340
0.095666
0.106341
0.079692
0.075915
0.098950
0.067809
0.071080
0.084928
0.067296
0.050654
0.052413
0.042974
0.054584
0.055143
0.087575
0.068992
0.055191
0.049170
0.062300
0.069005
0.061941
0.064245
0.085966
0.050159
0.066105
0.048983
0.052782
0.047463
0.057280
0.063143
0.067626
0.062264
0.054426
0.050572
0.096088
0.051043
0.083130
0.081348
0.067030
0.054258
0.043787
0.051550
0.049627
0.060616
0.071885
0.050340
0.057893
0.060638
0.059676
0.064997
0.078895
0.059090
0.075099
0.055713
0.071031
0.065668
0.050545
0.058148
0.052298
0.086452
0.071194
0.068393
0.058830
0.044337
0.080008
0.060726
0.064531
0.069099
0.078531
0.069648
0.058470
0.064987
0.063420
0.059437
0.076912
0.047718
0.056995
0.069895
0.049798
0.045028
0.054280
0.051520
0.047976
0.067409
0.085452
0.058111
0.063528
0.053680
0.075369
0.081883
0.086533
0.084962
0.097268
0.075520
0.082991
0.072598
0.060693
0.051543
0.060991
0.054579
0.057324
0.042217
0.050300
0.053665
0.064176
0.068424
0.069455
0.047533
0.104142
0.059673
0.062516
0.056486
0.058792
0.062136
0.084320
0.063720
0.070240
0.046111
0.060442
0.048602
0.050468
0.076504
0.070706
0.079926
0.093439
0.071500
0.091679
0.058759
0.068099
0.081774
0.055179
0.070498
0.044652
0.046690
0.088842
0.070089
0.076926
0.050597
0.062771
0.063403
0.054359
0.054373
0.070009
0.074001
0.099459
0.059643
0.045659
0.060481
0.062726
0.071059
0.070294
0.063149
0.052717
0.052794
0.074459
0.057535
0.052526
0.051669
0.055315
0.060755
0.059158
0.065027
0.067850
0.070323
0.074470
0.063414
0.050315
0.062436
0.070905
0.072569
0.070665
0.053499
0.054862
0.047838
0.069514
0.079861
0.063470
0.059546
0.043017
0.069467
0.064205
0.058396
0.062115
0.063878
0.082477
0.082553
0.076969
0.046865
0.088635
0.056603
0.051592
0.056987
0.058936
0.052745
0.094984
0.059851
0.065886
0.067253
0.061180
0.061878
0.097339
0.066160
0.084007
0.081563
0.110515
0.049628
0.058910
0.053205
0.057035
0.054505
0.073713
0.060660
0.108025
0.089756
0.091175
0.148389
0.068006
0.050472
0.050507
0.081689
0.056988
0.059157
0.056134
0.061052
0.074975
0.054756
0.061722
0.058659
0.061920
0.080545
0.049477
0.067157
0.096677
0.095216
0.083152
0.080270
0.054533
0.041851
0.072421
0.064182
0.071730
0.052895
0.074870
0.051917
0.079709
0.061823
0.074961
0.083276
0.073055
0.048393
0.080014
0.058908
0.058716
0.071176
0.084602
0.046598
0.060851
0.064068
0.070918
0.078738
0.055560
0.061310
0.063990
0.068037
0.091124
0.057404
0.057734
0.050758
0.057466
0.083229
0.077079
0.039889
0.052544
0.056132
0.069741
0.054461
0.057446
0.081832
0.057648
0.079168
0.056457
0.057609
0.054144
0.052357
0.072599
0.052116
0.053113
0.089003
0.049419
0.070476
0.084714
0.079098
0.056616
0.084064
0.088814
0.054080
0.063352
0.054734
0.044242
0.056580
0.063741
0.063393
0.101271
0.054249
0.079679
0.056999
0.062689
0.071503
0.072556
0.065488
0.056153
0.047343
0.055306
0.087967
0.059904
0.047214
0.054662
0.075204
0.050147
0.071212
0.057922
0.060906
0.082907
0.085550
0.085125
0.053199
0.052211
0.044843
0.059962
0.074914
0.069476
0.053283
0.052876
0.080918
0.089803
0.076782
0.075930
0.086714
0.061507
0.072540
0.070622
0.040469
0.087571
0.045598
0.075818
0.059738
0.066018
0.054486
0.068254
0.040257
0.071064
0.048416
0.052356
0.070537
0.086177
0.097565
0.092633
0.058212
0.065078
0.061645
0.076067
0.041977
0.054514
0.065440
0.068001
0.070291
0.075778
0.083396
0.093269
0.088546
0.054713
0.098341
0.075583
0.074825
0.077662
0.070167
0.057603
0.060231
0.058389
0.089733
0.053242
0.054690
0.075853
0.078338
0.090324
0.050377
0.055849
0.060863
0.065331
0.061571
0.054641
0.048837
0.052181
0.047362
0.066541
0.054215
0.074916
0.047081
0.093078
0.062947
0.051892
0.066678
0.071270
0.047097
0.094550
0.078843
0.062280
0.067335
0.054906
0.057075
0.063398
0.065189
0.055695
0.053838
0.093334
0.048773
0.050880
0.056961
0.057623
0.056377
0.068944
0.072533
0.062464
0.062190
0.092837
0.090461
0.092327
0.054785
0.063524
0.056983
0.053817
0.044160
0.058240
0.050691
0.065480
0.052955
0.076186
0.073750
0.060065
0.047832
0.054343
0.077854
0.077857
0.058738
0.087817
0.056395
0.052222
0.066092
0.073044
0.060575
0.087590
0.065362
0.060224
0.048341
0.076557
0.096197
0.047552
0.056152
0.057250
0.055189
0.065457
0.090215
0.079893
0.069186
0.090248
0.067192
0.062311
0.065865
0.067694
0.061194
0.059574
0.069148
0.064231
0.065250
0.089760
0.074718
0.049690
0.053226
0.057642
0.052617
0.098905
0.070049
0.052844
0.071603
0.085237
0.064316
0.065202
0.068545
0.054329
0.060619
0.064905
0.072897
0.066794
0.066637
0.088675
0.063631
0.070356
0.069265
0.065349
0.072358
0.058221
0.064912
0.062969
0.065375
0.077534
0.067590
0.062439
0.062855
0.053242
0.044888
0.046519
0.066309
0.065617
0.095871
0.091171
0.106831
0.065083
0.053160
0.059673
0.058508
0.068274
0.048061
0.057522
0.054930
0.065859
0.061286
0.067927
0.044459
0.048389
0.060406
0.060079
0.076888
0.078166
0.080542
0.080170
0.051138
0.065731
0.053366
0.056833
0.085989
0.116667
0.052656
0.077736
0.063676
0.058031
0.050275
0.064703
0.074393
0.068418
0.049196
0.055404
0.066669
0.069175
0.051757
0.084356
0.066378
0.087648
0.063311
0.063406
0.065981
0.082560
0.064574
0.074979
0.073814
0.082342
0.051408
0.103250
0.087970
0.081627
0.095699
0.082367
0.109968
0.103408
0.094238
0.085312
0.077390
0.097420
0.069838
0.081456
0.087794
0.105195
0.065070
0.057743
0.080121
0.100275
0.058541
0.058186
0.064862
0.059407
0.084228
0.082960
0.080137
0.065296
0.050911
0.081369
0.067069
0.072327
0.049651
0.081555
0.046124
0.084219
0.061872
0.083937
0.057192
0.076750
0.055202
0.056828
0.058088
0.072001
0.066741
0.061020
0.051498
0.066476
0.068988
0.069634
0.056160
0.063789
0.067341
0.072845
0.080050
0.058338
0.071906
0.061811
0.090346
0.064235
0.039348
0.059176
0.050939
0.057194
0.062037
0.068360
0.088586
0.097165
0.080357
0.077141
0.082739
0.074669
0.071587
0.052552
0.046646
0.067337
0.060002
0.072243
0.049242
0.077083
0.045570
0.060380
0.059556
0.066479
0.081155
0.070525
0.081969
0.076796
0.064762
0.093097
0.071939
0.092430
0.079638
0.090528
0.097449
0.083269
0.068915
0.092464
0.069674
0.090608
0.087152
0.090929
0.058681
0.079536
0.062577
0.075465
0.099120
0.090104
0.095881
0.084708
0.059914
0.044016
0.053194
0.063716
0.052053
0.066820
0.078126
0.058783
0.061823
0.076649
0.060054
0.044812
0.057065
0.051010
0.074513
0.058035
0.056177
0.059353
0.055451
0.094188
0.072538
0.065343
0.056222
0.064146
0.067975
0.075818
0.059084
0.046163
0.065291
0.098092
0.063061
0.045605
0.053504
0.060731
0.076637
0.061529
0.063286
0.057060
0.060983
0.075463
0.066983
0.068475
0.057563
0.057127
0.065640
0.056150
0.050812
0.073869
0.053199
0.077544
0.049588
0.062489
0.049781
0.057777
0.049825
0.078117
0.063387
0.064460
0.081641
0.087887
0.073859
0.059026
0.074160
0.081699
0.073588
0.066276
0.077526
0.089155
0.070466
0.087769
0.056523
0.068681
0.061431
0.063697
0.066433
0.047497
0.080418
0.057441
0.052741
0.073219
0.049033
0.061871
0.081592
0.093936
0.051047
0.077701
0.059788
0.059045
0.061430
0.087217
0.052735
0.074489
0.056707
0.114804
0.088948
0.092103
0.067455
0.051548
0.084912
0.094316
0.069311
0.045694
0.050175
0.053077
0.060843
0.051055
0.062492
0.062121
0.061165
0.074557
0.060942
0.053743
0.061462
0.070443
0.087074
0.078854
0.072536
0.077832
0.069040
0.097850
0.051518
0.055066
0.050936
0.059489
0.068261
0.048025
0.047240
0.064734
0.068049
0.074009
0.061918
0.068368
0.051280
0.050794
0.063475
0.047889
0.067049
0.057681
0.073110
0.099452
0.096333
0.065906
0.075271
0.081232
0.047862
0.055206
0.063354
0.060702
0.057882
0.091317
0.078998
0.069195
0.064422
0.058153
0.064285
0.067705
0.068670
0.060323
0.067935
0.106062
0.065155
0.054947
0.061773
0.044234
0.059215
0.060294
0.095561
0.067655
0.076256
0.089524
0.061064
0.058104
0.074524
0.063638
0.059805
0.069063
0.059658
0.046081
0.059994
0.074598
0.062948
0.069691
0.064443
0.059682
0.065037
0.061028
0.068022
0.074399
0.045210
0.077653
0.090149
0.073183
0.063664
0.070973
0.074608
0.058138
0.054910
0.075003
0.052943
0.060138
0.057907
0.062848
0.044773
0.063921
0.061641
0.064378
0.060425
0.093632
0.068453
0.103767
0.071291
0.067395
0.066558
0.056445
0.047436
0.068309
0.048797
0.054471
0.052580
0.065153
0.074684
0.063057
0.086888
0.078711
0.078653
0.073964
0.069561
0.058794
0.071143
0.085899
0.043140
0.047155
0.056137
0.048323
0.061182
0.054835
0.055932
0.055801
0.056829
0.063146
0.076291
0.045267
0.057479
0.076914
0.044840
0.046475
0.067385
0.057386
0.055890
0.065123
0.057610
0.053354
0.057915
0.040311
0.048995
0.075660
0.044783
0.071288
0.070397
0.070917
0.037557
0.055959
0.058998
0.060043
0.052432
0.079063
0.077863
0.080551
0.046841
0.118235
0.045549
0.052644
0.065518
0.099750
0.076827
0.057948
0.056014
0.090990
0.090896
0.071424
0.074871
0.052990
0.085145
0.089909
0.045665
0.054398
0.055273
0.058216
0.071106
0.093722
0.066700
0.057933
0.073189
0.065748
0.075178
0.066308
0.064382
0.073213
0.064229
0.075681
0.061997
0.065361
0.048311
0.055420
0.054994
0.064417
0.070017
0.055612
0.070740
0.067516
0.049939
0.046276
0.051290
0.051064
0.056750
0.055006
0.066304
0.060215
0.055866
0.072217
0.061450
0.042461
0.050910
0.056924
0.064601
0.070859
0.054413
0.052578
0.074760
0.083798
0.067933
0.069430
0.066255
0.072099
0.070074
0.082017
0.087437
0.054884
0.077227
0.076020
0.051363
0.056533
0.050150
0.060936
0.076087
0.056355
0.045738
0.077933
0.076022
0.104595
0.072217
0.053175
0.070191
0.094398
0.067210
0.048391
0.066618
0.075238
0.058986
0.085957
0.075102
0.093653
0.104033
0.078558
0.101878
0.072160
0.063506
0.087877
0.088999
0.093857
0.059188
0.053200
0.056968
0.075376
0.066308
0.052685
0.046722
0.088078
0.065965
0.088170
0.057800
0.101252
0.057507
0.053963
0.068868
0.075626
0.061376
0.066848
0.070775
0.101418
0.066890
0.070329
0.081026
0.073807
0.055156
0.053453
0.054348
0.073717
0.069719
0.096711
0.075452
0.072819
0.100307
0.065258
0.072734
0.085891
0.076858
0.061077
0.108377
0.087253
0.055258
0.075497
0.049545
0.073601
0.084169
0.056652
0.061035
0.055621
0.085053
0.077356
0.076587
0.086974
0.083694
0.062202
0.069578
0.074356
0.107081
0.113561
0.092326
0.086412
0.076390
0.113621
0.077218
0.068586
0.082627
0.084452
0.092464
0.089087
0.065382
0.086776
0.065639
0.072038
0.067936
0.062336
0.041765
0.062990
0.056075
0.073825
0.053869
0.054885
0.058159
0.047359
0.076777
0.047572
0.064538
0.073548
0.063188
0.073527
0.076036
0.072906
0.065527
0.071332
0.090464
0.074619
0.062369
0.058010
0.067086
0.088079
0.052574
0.092403
0.052989
0.057066
0.054486
0.050506
0.053325
0.063193
0.062686
0.069172
0.053887
0.088832
0.074419
0.059254
0.078675
0.063279
0.055161
0.049294
0.054171
0.065596
0.075845
0.074273
0.078745
0.062789
0.066258
0.108692
0.067672
0.058223
0.055762
0.070258
0.066036
0.081777
0.064371
0.063695
0.078320
0.084106
0.073500
0.075837
0.056616
0.053852
0.068576
0.104538
0.073050
0.055395
0.053332
0.052041
0.070070
0.063392
0.074926
0.098376
0.112064
0.088954
0.088141
0.095746
0.097062
0.066336
0.065785
0.061759
0.097616
0.076739
0.056877
0.094496
0.053521
0.063996
0.061180
0.053311
0.071257
0.092141
0.057028
0.108856
0.085202
0.084271
0.080501
0.083120
0.068630
0.102796
0.097132
0.087352
0.047517
0.043901
0.068402
0.074105
0.057953
0.053610
0.070109
0.053098
0.065456
0.054528
0.057449
0.080254
0.087080
0.085088
0.092692
0.050006
0.061459
0.053709
0.055721
0.061366
0.069470
0.072468
0.048798
0.080466
0.064404
0.066031
0.044823
0.062060
0.065443
0.069205
0.045039
0.061681
0.047545
0.069078
0.067300
0.055896
0.065724
0.058512
0.074598
0.053966
0.064296
0.048115
0.057461
0.074454
0.047140
0.049969
0.055623
0.077204
0.048948
0.058263
0.063210
0.070580
0.062470
0.101371
0.061308
0.072289
0.084441
0.078748
0.056967
0.044001
0.055836
0.064726
0.067446
0.063500
0.077317
0.052733
0.041085
0.046429
0.055613
0.072459
0.069566
0.068003
0.069226
0.083130
0.071545
0.076432
0.073002
0.048733
0.067810
0.080132
0.054585
0.046122
0.086640
0.079724
0.058453
0.055909
0.060137
0.060948
0.055590
0.059094
0.060899
0.054701
0.075750
0.082408
0.064037
0.081413
0.044441
0.090239
0.063677
0.064849
0.066780
0.054340
0.051957
0.098561
0.054847
0.059866
0.066314
0.049696
0.054283
0.077768
0.045029
0.069240
0.054279
0.078712
0.061833
0.055306
0.068060
0.062527
0.058776
0.055527
0.043946
0.048459
0.052624
0.088245
0.050074
0.051266
0.054764
0.058658
0.049674
0.056256
0.070418
0.069320
0.056477
0.081888
0.091699
0.077672
0.062947
0.061673
0.058276
0.052630
0.053730
0.059209
0.055064
0.072029
0.064579
0.058018
0.084526
0.066821
0.075624
0.073686
0.058509
0.054255
0.056971
0.086371
0.058524
0.099266
0.070580
0.062234
0.095595
0.053977
0.070923
0.065197
0.077600
0.069122
0.058940
0.063447
0.060175
0.060764
0.080384
0.054761
0.057046
0.075535
0.059427
0.078108
0.063193
0.044314
0.073090
0.075711
0.066627
0.061177
0.090513
0.054432
0.060369
0.084369
0.065005
0.045994
0.054973
0.068873
0.070995
0.048185
0.059484
0.064394
0.123540
0.069064
0.079098
0.048697
0.045096
0.061499
0.073340
0.065765
0.060080
0.069093
0.067181
0.064048
0.058759
0.059308
0.041486
0.061895
0.053334
0.054323
0.089547
0.089626
0.058603
0.083959
0.054582
0.060952
0.046137
0.065388
0.089880
0.064505
0.074014
0.067264
0.070379
0.113652
0.058171
0.093393
0.059708
0.063245
0.071203
0.062946
0.065833
0.070390
0.067011
0.144761
0.067780
0.061996
0.067615
0.067036
0.070917
0.054653
0.058633
0.052105
0.085274
0.070133
0.061393
0.056614
0.053044
0.055957
0.052490
0.047676
0.063500
0.062548
0.062895
0.074977
0.058051
0.062207
0.058321
0.084148
0.048689
0.053897
0.049452
0.051965
0.062055
0.077920
0.059561
0.048445
0.060477
0.063797
0.052849
0.060264
0.064523
0.083465
0.066286
0.090932
0.074033
0.084824
0.053668
0.057717
0.061855
0.069450
0.061580
0.068971
0.080380
0.076231
0.055146
0.062246
0.062860
0.069336
0.083389
0.058282
0.077013
0.063129
0.072384
0.087121
0.075742
0.065380
0.051518
0.057242
0.062587
0.060668
0.082202
0.052070
0.072258
0.102330
0.068821
0.057978
0.067868
0.065871
0.056827
0.056559
0.060816
0.055767
0.060576
0.061510
0.060741
0.064383
0.067851
0.049031
0.056100
0.064919
0.057530
0.082422
0.056179
0.095519
0.053081
0.056689
0.057396
0.063742
0.054716
0.070910
0.064313
0.086724
0.082814
0.093309
0.076061
0.055401
0.071257
0.084019
0.072071
0.052286
0.051136
0.094059
0.048007
0.077329
0.075048
0.058510
0.087997
0.077432
0.072322
0.081952
0.047755
0.079195
0.069340
0.098702
0.052117
0.066195
0.036437
0.045269
0.053158
0.043205
0.043926
0.051804
0.046845
0.088635
0.077421
0.063188
0.072699
0.073127
0.088641
0.053478
0.048976
0.076751
0.059056
0.076812
