1.705736
0.093977
0.081740
0.069010
0.106576
0.082150
0.094945
0.068952
0.080289
0.054048
0.116553
0.082956
0.076669
0.070519
0.079227
0.062963
0.082332
0.061693
0.066614
0.061702
0.097255
0.065799
0.069541
0.063170
0.051704
0.054850
0.062047
0.059055
0.077300
0.057668
0.091803
0.055120
0.062020
0.066146
0.058320
0.064429
0.075004
0.091366
0.060075
0.070474
0.089041
0.058185
0.061178
0.064656
0.059817
0.065379
0.069768
0.047047
0.049537
0.059909
0.067700
0.053474
0.076300
0.083656
0.059747
0.079059
0.052763
0.086261
0.064336
0.056406
0.092407
0.086456
0.072418
0.093625
0.094695
0.082815
0.075718
0.062014
0.079154
0.085858
0.083480
0.074581
0.075414
0.065612
0.083615
0.055150
0.067685
0.057451
0.047068
0.057307
0.081267
0.054727
0.079090
0.080351
0.053946
0.044030
0.059066
0.066201
0.085681
0.069675
0.107517
0.076638
0.072175
0.080321
0.062455
0.061192
0.061794
0.075446
0.096751
0.061938
0.087471
0.082158
0.070214
0.071470
0.074076
0.086435
0.079105
0.081801
0.100622
0.076851
0.067965
0.047746
0.068353
0.051121
0.063411
0.067097
0.055243
0.061716
0.052448
0.051522
0.108092
0.089701
0.071095
0.057027
0.059780
0.062363
0.053398
0.059506
0.068145
0.088743
0.113407
0.070944
0.067909
0.044212
