1.759372
0.070700
0.085982
0.071481
0.064232
0.054315
0.049376
0.052161
0.057712
0.073356
0.070590
0.070736
0.080685
0.069736
0.045475
0.053042
0.060678
0.053914
0.050463
0.071211
0.102714
0.077025
0.065652
0.059185
0.058047
0.057693
0.046579
0.082612
0.064114
0.061572
0.096131
0.048095
0.057690
0.058117
0.069288
0.048191
0.078815
0.080420
0.086464
0.085439
0.090369
0.069586
0.065173
0.074467
0.061126
0.062613
0.047171
0.047097
0.066793
0.058985
0.082655
0.067323
0.068151
0.073480
0.080524
0.075019
0.069264
0.074852
0.068849
0.058078
0.085145
0.065150
0.080322
0.128207
0.076113
0.049937
0.056327
0.070606
0.077040
0.083037
0.076691
0.057387
0.064719
0.049429
0.053614
0.048971
0.054135
0.050352
0.050606
0.055551
0.077444
0.075641
0.076394
0.068536
0.054040
0.060646
0.068718
0.083803
0.055284
0.064104
0.072968
0.046142
0.039682
0.053596
0.052006
0.053290
0.071075
0.049253
0.049874
0.042590
