1.768646
0.099491
0.081066
0.060786
0.069329
0.065185
0.048373
0.054003
0.058524
0.053538
0.081565
0.061610
0.045081
0.067415
0.047435
0.060614
0.053080
0.042351
0.059696
0.067315
0.070823
0.048755
0.049451
0.063465
0.064070
0.068003
0.057236
0.066923
0.054354
0.056446
0.087336
0.055059
0.075476
0.092199
0.080390
0.082385
0.102973
0.062514
0.038076
0.075551
0.089300
0.079385
0.083149
0.067198
0.073862
0.076729
0.096554
0.079842
0.075670
0.082981
0.085773
0.055843
0.059574
0.051051
0.086718
0.052775
0.072993
0.090253
0.087523
0.068759
0.098626
0.067887
0.057377
0.042525
0.039769
0.054278
0.056132
0.061220
0.058275
0.050396
0.072639
0.057861
0.051797
0.073737
0.067744
0.056373
0.047187
0.054109
0.065254
0.061829
0.091708
0.059705
0.063832
0.057112
0.062306
0.091233
0.070599
0.071440
0.059129
0.081580
0.084164
0.085742
0.089188
0.066772
0.088770
0.055652
0.059920
0.053924
0.079210
0.056762
0.072579
0.044051
0.082347
0.078138
0.082960
0.090456
0.062033
0.076767
0.059005
0.041849
0.067586
0.066427
0.040962
0.044724
0.042861
0.068150
0.070436
0.077935
0.077402
0.053651
0.072138
0.051696
0.066484
0.047247
0.053708
0.045778
0.061754
0.051937
0.063085
0.064111
0.091588
0.067501
0.067910
0.050832
0.074590
0.068781
0.037593
0.061112
0.069460
0.067128
0.083261
0.066391
0.068923
0.069841
0.112826
0.105868
0.060005
0.071000
0.085379
0.067470
0.086486
0.079031
0.055058
0.036938
0.067075
0.070169
0.068703
0.078063
0.076471
0.061215
0.081340
0.065659
0.064047
0.063876
0.063148
0.076836
0.070683
0.048928
0.063903
0.076855
0.093675
0.059373
0.057902
0.104766
0.050918
0.061695
0.055222
0.064550
0.069230
0.047862
0.077403
0.065477
0.078525
0.050911
0.083518
0.095253
0.064871
0.078794
0.096832
0.058730
0.098882
0.056914
0.055612
0.045699
0.046332
0.050124
0.062698
0.043697
0.062844
0.062490
0.085728
0.058342
0.059276
0.066743
0.063065
0.058692
0.070330
0.046849
0.052472
0.071791
0.083797
0.052145
0.062104
0.079871
0.081542
0.073977
0.059376
0.089567
0.080029
0.085815
0.105918
0.082022
0.088402
0.071111
0.072104
0.075973
0.084217
0.073090
0.046995
0.053883
0.069874
0.055528
0.039429
0.065417
0.049661
0.063192
0.052862
0.070964
0.051185
0.059552
0.073359
0.054540
0.064400
0.068532
0.052035
0.064143
0.053586
0.077399
0.084582
0.048499
0.074600
0.064961
0.077166
0.076617
0.059989
0.087265
0.082168
0.066278
0.057661
0.051769
0.094324
0.060266
0.058523
0.055129
0.064600
0.075052
0.078013
0.062844
0.076428
0.072908
0.101016
0.047902
0.048021
0.052103
0.055182
0.050951
0.050956
0.081031
0.044335
0.046367
0.089842
0.043456
0.053999
0.058642
0.055010
0.064439
0.048099
0.049002
0.050969
0.068221
0.069066
0.079852
0.075750
0.051367
0.054937
0.072728
0.076839
0.064625
0.086189
0.093313
0.088360
0.073134
0.087657
0.073925
0.046429
0.066983
0.068193
0.106403
0.062291
0.055349
0.107387
0.070518
0.067146
0.056894
0.066228
0.065474
0.046957
0.043231
0.064332
0.071006
0.091821
0.046911
0.074770
0.072993
0.050668
0.094533
0.066341
0.070061
0.052244
0.085036
0.086094
0.053831
0.054275
0.063613
0.064173
0.054902
0.054271
0.078685
0.058389
0.066369
0.128047
0.065971
0.074371
0.064613
0.080894
0.086863
0.077598
0.084854
0.076188
0.062288
0.076869
0.073715
0.078711
0.072225
0.083369
0.074728
0.089481
0.083267
0.080782
0.082200
0.094659
0.048352
0.066851
0.041784
0.050205
0.065812
0.059239
0.053629
0.081257
0.067235
0.085196
0.063896
0.085774
0.068019
0.068098
0.070840
0.091726
0.067593
0.077188
0.053424
0.073742
0.064012
0.077993
0.066288
0.073579
0.079395
0.077767
0.078601
0.108083
0.089754
0.101248
0.094502
0.089993
0.061247
0.061533
0.045603
0.062678
0.077056
0.082590
0.044220
0.109632
0.073765
0.074375
0.054700
0.053584
0.061821
0.052914
0.044320
0.082361
0.066328
0.084579
0.085900
0.076229
0.075531
0.081142
0.070057
0.052407
0.059791
0.049409
0.057283
0.070028
0.060675
0.074205
0.096467
0.041963
0.048205
0.049899
0.052189
0.054896
0.045749
0.106547
0.064116
0.058847
0.041805
0.056107
0.062097
0.053268
0.044172
0.052559
0.060773
0.081813
0.059546
0.081952
0.072011
0.068741
0.076442
0.065521
0.078707
0.068643
0.077161
0.103336
0.076103
0.089311
0.073869
0.065805
0.077725
0.090512
0.071826
0.112863
0.078105
0.066232
0.078196
0.072501
0.097604
0.073664
0.120129
0.054417
0.075471
0.090908
0.070871
0.096692
0.081285
0.062855
0.071125
0.075860
0.086117
0.096202
0.087322
0.059364
0.065166
0.097027
0.070036
0.080132
0.050471
0.077997
0.071592
0.066543
0.085284
0.049973
0.078721
0.096118
0.071985
0.079452
0.078490
0.095449
0.054233
0.065726
0.078903
0.056429
0.075193
0.070807
0.077192
0.058349
0.058505
0.061727
0.054817
0.069038
0.040351
0.049431
0.070684
0.107418
0.078467
0.095968
0.102991
0.075923
0.078792
0.082616
0.122367
0.085081
0.081341
0.097872
0.076106
0.060749
0.063024
0.075490
0.082637
0.066940
0.056844
0.054869
0.053553
0.076926
0.076811
0.076226
0.068285
0.079211
0.070630
0.054131
0.072321
0.049587
0.064824
0.065285
0.056475
0.066794
0.060894
0.076807
0.082059
0.086424
0.090966
0.071026
0.054918
0.075410
0.072416
0.053236
0.078537
0.078004
0.072452
0.068163
0.071284
0.058444
0.065755
0.086193
0.069929
0.066306
0.056724
0.051273
0.068453
0.061543
0.056919
0.081873
0.071328
0.087687
0.079067
0.070802
0.057344
0.086371
0.076718
0.075833
0.096451
0.072332
0.054711
0.102821
0.069406
0.097368
0.097831
0.065247
0.096988
0.096741
0.101541
0.049882
0.073824
0.068156
0.073126
0.048368
0.043200
0.054873
0.054584
0.055033
0.064811
0.073293
0.060579
0.077330
0.077597
0.061823
0.068618
0.057129
0.090822
0.058272
0.067250
0.054410
0.055147
0.064873
0.044187
0.045347
0.056479
0.058447
0.063133
0.077302
0.075752
0.061743
0.039420
0.076886
0.081968
0.045752
0.065833
0.051000
0.073737
0.056637
0.068401
0.079340
0.058290
0.070003
0.070541
0.073788
0.078877
0.103415
0.063696
0.050140
0.055262
0.070704
0.072645
0.080670
0.068209
0.073087
0.076219
0.052664
0.061183
0.060074
0.073855
0.069253
0.066182
0.136458
0.093008
0.052501
0.082351
0.086956
0.093501
0.070440
0.083627
0.051443
0.055996
0.087062
0.039763
0.063131
0.073619
0.087402
0.072046
0.073485
0.082176
0.071991
0.079462
0.095988
0.056122
0.063487
0.067133
0.065301
0.043727
0.054329
0.077902
0.069649
0.044576
0.063160
0.072605
0.049087
0.062478
0.072693
0.069478
0.077080
0.050832
0.071545
0.067146
0.087605
0.090600
0.070289
0.059236
0.056942
0.075921
0.050570
0.036269
0.058118
0.058177
0.070287
0.063468
0.070753
0.059461
0.068639
0.056890
0.049397
0.046863
0.062849
0.063052
0.075140
0.046156
0.068712
0.071625
0.038269
0.044272
0.056481
0.069673
0.066555
0.058554
0.079368
0.053349
0.057303
0.065728
0.051872
0.042278
0.082363
0.084030
0.060610
0.063757
0.072138
0.056982
0.059029
0.090208
0.043218
0.076082
0.062024
0.051621
0.055031
0.066293
0.083797
0.078901
0.044166
0.058055
0.089694
0.083037
0.096625
0.092175
0.070644
0.094678
0.118299
0.083421
0.070997
0.074965
0.075882
0.089166
0.074363
0.076171
0.056988
0.060503
0.050713
0.044313
0.064152
0.078466
0.062489
0.081934
0.058688
0.055826
0.056587
0.043428
0.086146
0.059678
0.080608
0.053802
0.104413
0.061409
0.047927
0.053669
0.057404
0.076262
0.101521
0.060031
0.068491
0.060912
0.048355
0.070275
0.071862
0.082423
0.071308
0.056358
0.078119
0.060596
0.071545
0.077993
0.057873
0.055895
0.062012
0.062815
0.056323
0.041489
0.090276
0.065339
0.044122
0.060732
0.066852
0.069807
0.069019
0.048144
0.077671
0.068784
0.076377
0.046793
0.048956
0.068379
0.073927
0.078570
0.066053
0.074909
0.073099
0.073231
0.108349
0.064323
0.079365
0.068094
0.058724
0.064841
0.068631
0.098675
0.069965
0.055341
0.078895
0.067704
0.082486
0.057937
0.064347
0.063742
0.054827
0.043429
0.051845
0.067589
0.080023
0.051761
0.049977
0.050102
0.035336
0.055302
0.065087
0.059946
0.060186
0.045983
0.094688
0.073491
0.070410
0.060810
0.070472
0.067344
0.083875
0.074625
0.068442
0.070324
0.076935
0.056309
0.059528
0.077918
0.073687
0.078702
0.076728
0.080670
0.043052
0.059751
0.077062
0.060709
0.056781
0.064487
0.063545
0.056175
0.049508
0.078063
0.118913
0.076736
0.074129
0.084528
0.060609
0.063292
0.040224
0.061115
0.059353
0.082474
0.073813
0.064752
0.086675
0.064181
0.068639
0.083304
0.074338
0.084799
0.049529
0.067933
0.059893
0.067780
0.117503
0.068005
0.057256
0.055460
0.053411
0.047920
0.063740
0.070028
0.055267
0.084544
0.109353
0.098263
0.075862
0.098715
0.068181
0.085071
0.080182
0.105908
0.088112
0.072432
0.098838
0.083173
0.074584
0.098941
0.091982
0.051511
0.054703
0.062526
0.074867
0.080729
0.084890
0.056779
0.083335
0.087673
0.078898
0.086088
0.072516
0.057078
0.058914
0.064645
0.082800
0.082938
0.078812
0.060738
0.078821
0.098036
0.098815
0.067845
0.088298
0.070862
0.088824
0.065511
0.055028
0.071938
0.052940
0.103831
0.052953
0.069254
0.062611
0.048017
0.087526
0.057870
0.076999
0.084788
0.056958
0.085844
0.055781
0.042899
0.048572
0.076657
0.084875
0.051897
0.062298
0.070281
0.066174
0.053527
0.053300
0.091739
0.068080
0.074597
0.078575
0.066065
0.055648
0.057490
0.078305
0.095302
0.082664
0.071438
0.112107
0.074997
0.103483
0.091812
0.058224
0.083925
0.095959
0.065361
0.055623
0.051941
0.051236
0.048231
0.067107
0.048771
0.050673
0.049803
0.065582
0.080741
0.048656
0.051105
0.077955
0.079317
0.090595
0.068094
0.050700
0.089907
0.082266
0.042556
0.056461
0.063936
0.098925
0.077257
0.098508
0.082032
0.130960
0.053253
0.072762
0.110745
0.104280
0.076057
0.060117
0.074613
0.077520
0.046239
0.063038
0.050575
0.081676
0.075588
0.087473
0.069072
0.070621
0.077632
0.104709
0.062068
0.080462
0.090019
0.083978
0.091447
0.074431
0.059303
0.073523
0.065351
0.090195
0.046454
0.059724
0.060094
0.051037
0.043576
0.041742
0.060670
0.061216
0.060353
0.089602
0.068994
0.072019
0.072110
0.080968
0.078033
0.069832
0.060135
0.083591
0.065238
0.077268
0.068656
0.085924
0.050070
0.048486
0.049167
0.039231
0.064575
0.058505
0.061469
0.096894
0.067282
0.064717
0.070740
0.106721
0.046219
0.046760
0.074828
0.054343
0.065233
0.078394
0.056266
0.075333
0.064668
0.065695
0.069764
0.076572
0.051295
0.043705
0.059475
0.082529
0.065313
0.058345
0.060015
0.057117
0.051845
0.089163
0.062330
0.071917
0.079686
0.092592
0.059705
0.074323
0.055791
0.049954
0.079778
0.069758
0.060190
0.059119
0.058522
0.093643
0.058724
0.077847
0.054447
0.079993
0.057356
0.068021
0.073601
0.082439
0.080902
0.071489
0.076807
0.062990
0.042530
0.071039
0.057211
0.066111
0.063403
0.080075
0.052467
0.099124
0.051323
0.064916
0.091930
0.060885
0.061866
0.051579
0.082384
0.057183
0.056567
0.069561
0.068027
0.050811
0.057096
0.044822
0.085534
0.058366
0.072534
0.082645
0.084598
0.079777
0.078698
0.085095
0.085566
0.063421
0.054656
0.067950
0.056030
0.069465
0.072383
0.087154
0.060300
0.072861
0.085259
0.096488
0.067678
0.057396
0.060774
0.070809
0.064070
0.074878
0.068664
0.069340
0.050820
0.063146
0.065514
0.076046
0.071933
0.084244
0.075735
0.076520
0.083847
0.079014
0.083097
0.072243
0.044877
0.059168
0.053599
0.049825
0.066285
0.081560
0.095240
0.072008
0.069448
0.098733
0.093900
0.088787
0.081134
0.099136
0.055490
0.096411
0.068551
0.068830
0.058918
0.056727
0.075275
0.086737
0.064687
0.069350
0.073363
0.086838
0.056741
0.073170
0.085491
0.047426
0.058445
0.060112
0.066524
0.069168
0.065993
0.083187
0.076726
0.057956
0.052543
0.083308
0.063685
0.062773
0.058310
0.046351
0.046051
0.083448
0.041957
0.045614
0.055872
0.052507
0.082298
0.061175
0.078536
0.056235
0.079518
0.094187
0.053756
0.101234
0.056122
0.073252
0.072280
0.074940
0.092067
0.082964
0.102913
0.099161
0.074459
0.071346
0.085879
0.076548
0.065580
0.041698
0.068336
0.054377
0.087697
0.092485
0.056480
0.052706
0.078179
0.063707
0.063108
0.070577
0.079040
0.088102
0.085634
0.067705
0.080594
0.062869
0.077351
0.118546
0.095524
0.068162
0.049071
0.065100
0.073044
0.092646
0.077002
0.069424
0.085042
0.070928
0.065101
0.077359
0.084345
0.067826
0.054977
0.072140
0.062190
0.066132
0.055264
0.063139
0.073394
0.076669
0.065468
0.091291
0.071550
0.074069
0.068652
0.046253
0.085241
0.076880
0.083028
0.096415
0.093976
0.081181
0.061114
0.062303
0.050927
0.037659
0.059712
0.061925
0.064969
0.061972
0.067389
0.048642
0.057817
0.074560
0.058261
0.052954
0.055740
0.040893
0.061152
0.052759
0.058642
0.046047
0.080045
0.084893
0.078748
0.074022
0.057483
0.050956
0.060855
0.047132
0.064150
0.074300
0.077645
0.108757
0.101956
0.067626
0.066522
0.053074
0.052580
0.050129
0.072752
0.074440
0.064487
0.078989
0.081276
0.055086
0.076977
0.083031
0.054697
0.054392
0.067962
0.055580
0.051674
0.087018
0.055588
0.067118
0.072999
0.047874
0.069329
0.061047
0.070367
0.074006
0.061505
0.098038
0.085617
0.062865
0.062993
0.062240
0.067340
0.047550
0.044572
0.040163
0.058817
0.083818
0.047986
0.057519
0.058083
0.066882
0.092121
0.074966
0.071100
0.075310
0.064413
0.066463
0.062703
0.053704
0.068844
0.045780
0.052890
0.040981
0.044526
0.064976
0.063034
0.074365
0.049638
0.054812
0.057757
0.061013
0.039613
0.062056
0.085483
0.041651
0.053080
0.085711
0.047847
0.056580
0.047099
0.052333
0.064330
0.076786
0.065791
0.074920
0.052627
0.076283
0.058910
0.068807
0.070727
0.072125
0.063240
0.045120
0.075810
0.070770
0.045249
0.101432
0.062595
0.066583
0.072916
0.101704
0.070826
0.087707
0.059068
0.050869
0.067204
0.074816
0.071279
0.076644
0.084174
0.041004
0.054845
0.043372
0.050427
0.072735
0.067265
0.081236
0.099687
0.070292
0.071688
0.057477
0.055969
0.068630
0.054454
0.065253
0.060059
0.090842
0.060483
0.062723
0.080209
0.068027
0.061587
0.062549
0.061692
0.059754
0.050507
0.078387
0.059379
0.077674
0.074954
0.070594
0.109770
0.069707
0.056328
0.075236
0.067772
