1.737469
0.067966
0.077327
0.058212
0.056175
0.052199
0.081318
0.055142
0.061537
0.069662
0.075462
0.055076
0.062657
0.076713
0.072743
0.076072
0.063729
0.041844
0.067801
0.067641
0.124416
0.071033
0.076558
0.056031
0.082091
0.065096
0.071109
0.051258
0.057774
0.065889
0.082019
0.084254
0.063558
0.060741
0.064553
0.048640
0.095159
0.066071
0.075508
0.056366
0.107523
0.074011
0.069398
0.045858
0.056112
0.065937
0.049869
0.123317
0.065010
0.055696
0.078858
0.065519
0.047400
0.060601
0.050313
0.061533
0.048841
0.046354
0.068036
0.048989
0.069660
0.068050
0.071174
0.053498
0.054666
0.056740
0.055901
0.067718
0.076775
0.071502
0.084416
0.063252
0.068073
0.073693
0.077654
0.090142
0.071303
0.080125
0.064631
0.064136
0.087468
0.059015
0.061368
0.065883
0.084965
0.056763
0.052657
0.049273
0.051138
0.062708
0.097364
0.061390
0.058624
0.067388
0.074054
0.066488
0.075216
0.048646
0.059342
0.094478
0.094083
0.056753
0.054004
0.071163
0.062194
0.051875
0.052689
0.060731
0.074387
0.077420
0.070110
0.054866
0.049587
0.062061
0.080247
0.066878
0.074227
0.058551
0.058194
0.070974
0.091097
0.081780
0.042657
0.065704
0.058192
0.080024
0.081776
0.064473
0.072357
0.046618
0.077322
0.073529
0.062898
0.072560
0.060395
0.057842
0.046463
0.072174
0.069086
0.051597
0.076946
0.076157
0.087302
0.053492
0.064549
0.066663
0.055719
0.061285
0.043773
0.047010
0.094568
0.064300
0.047398
0.065741
0.048186
0.063973
0.065036
0.062147
0.049077
0.049233
0.091299
0.060818
0.077283
0.065317
