1.764637
0.064068
0.069067
0.076850
0.047258
0.060467
0.048216
0.055134
0.053056
0.069380
0.085254
0.064825
0.068182
0.048172
0.059160
0.061031
0.069155
0.081393
0.049930
0.059815
0.066321
0.065257
0.062877
0.078534
0.068472
0.056105
0.052398
0.056502
0.091446
0.069729
0.070767
0.058543
0.063452
0.064013
0.112764
0.070511
0.083853
0.053361
0.055807
0.055968
0.061427
0.055672
0.076067
0.084520
0.063492
0.060487
0.066039
0.065531
0.067069
0.051228
0.069844
0.082793
0.067819
0.070105
0.070163
0.078265
0.063571
0.059221
0.062026
0.069385
0.089892
0.056133
0.070314
0.050713
0.069577
0.051914
0.093089
0.050940
0.078295
0.072437
0.074106
0.062360
0.051682
0.053084
0.048642
0.051185
0.080518
0.077950
0.071644
0.063578
0.087675
0.059497
0.041961
0.068420
0.063092
0.047646
0.045248
0.070875
0.079636
0.054199
0.073471
0.055826
0.063458
0.044917
0.047062
0.044083
0.057555
0.064282
0.072690
0.054482
0.072161
0.045722
0.067720
0.099856
0.052272
0.049786
0.060818
0.049770
0.057386
0.066450
0.071607
0.072670
0.062161
0.047326
0.076105
0.057950
0.061707
0.055077
0.059533
0.054419
0.077136
0.089186
0.088012
0.066216
0.081484
0.068034
0.051199
0.055569
0.062953
0.071957
0.083338
0.049125
0.058108
0.072672
0.066218
0.055926
0.054945
0.058965
0.063150
0.078598
0.091259
0.053481
0.075498
0.052592
0.046331
0.050034
0.077411
0.064381
0.075011
0.043832
0.121989
0.067144
0.053763
0.067343
0.057783
0.057770
0.053086
0.056230
0.050928
0.061212
0.138018
0.052337
0.056813
0.073679
0.085971
0.104721
0.081407
0.080279
0.060582
0.067595
0.090021
0.058433
0.067065
0.068365
0.052462
0.049798
0.066356
0.074048
0.091600
0.062373
0.099277
0.067471
0.068722
0.059196
0.058260
0.045819
0.059493
0.061394
0.086537
0.071923
0.080510
0.055350
0.042754
0.076808
0.063569
0.090218
0.065194
0.047741
0.057844
0.076723
0.067659
0.077026
0.058447
0.056487
0.059290
0.045800
0.051665
0.066840
0.053807
0.072930
0.083112
0.059733
0.062808
0.063082
0.050151
0.058341
0.064736
0.068078
0.064587
0.064164
0.090272
0.061635
0.061442
0.079486
0.068315
0.045897
0.051359
0.070607
