1.847694
0.083997
0.085278
0.062384
0.071663
0.065852
0.043442
0.066267
0.057106
0.056194
0.099664
0.073646
0.042280
0.069869
0.059696
0.050287
0.066554
0.070547
0.071933
0.083933
0.136694
0.074149
0.065904
0.032341
0.061613
0.055253
0.068574
0.081026
0.070564
0.069630
0.075259
0.055557
0.051209
0.057211
0.075792
0.073588
0.072551
0.060207
0.057297
0.077450
0.057133
0.044314
0.064249
0.053538
0.067882
0.088098
0.082788
0.085446
0.059938
0.052828
0.129457
0.057969
0.054658
0.057547
0.054545
0.065350
0.047179
0.063728
0.073621
0.059302
0.086555
0.071729
0.069595
0.051356
0.049752
0.066604
0.073227
0.076277
0.070564
0.067736
0.069611
0.060006
0.051966
0.080235
0.085099
0.088382
0.057355
0.077369
0.070556
0.086088
0.074543
0.068493
0.078768
0.054493
0.056064
0.054973
0.081984
0.086091
0.062751
0.036415
0.073583
0.054903
0.090825
0.054503
0.046526
0.035166
0.069831
0.056506
0.062104
0.064977
0.091991
0.065547
0.063840
0.057183
0.044999
0.036833
0.070378
0.069893
0.077964
0.043761
0.065583
0.041870
0.057754
0.082900
0.090102
0.062595
0.064743
0.074408
0.059655
0.078584
0.081169
0.033596
0.046918
0.044211
0.097101
0.078091
0.049936
0.062541
0.075329
0.062792
0.076661
0.068445
0.059644
0.055801
0.082718
0.083703
0.105824
0.057551
0.058844
0.056380
0.080303
0.057839
0.103629
0.066592
0.051510
0.060079
0.077350
0.073944
0.059655
0.058249
0.087656
0.061210
0.070201
0.070390
0.069215
0.068109
0.067787
0.042929
0.072320
0.058910
0.086670
0.065375
0.126935
0.063617
0.065411
0.048805
0.049110
0.049699
0.058858
0.072882
0.115083
0.070115
0.063938
0.071473
0.079369
0.052581
0.035486
0.040001
0.062659
0.047984
0.071376
0.094944
0.082002
0.061368
0.070938
0.077828
0.082288
0.096705
0.062480
0.043908
0.083125
0.067078
0.087383
0.086012
0.089979
0.061592
0.057107
0.064343
0.056775
0.050336
0.080315
0.071911
0.079439
0.051583
0.069662
0.066720
0.075292
0.085806
0.081979
0.056579
0.066763
0.053851
0.053545
0.049424
0.059687
0.050965
0.068612
0.053933
0.055878
0.055588
0.079919
0.067635
0.085687
0.055745
0.078718
0.081879
0.082346
0.068625
0.058313
0.084443
0.071454
0.048107
0.065492
0.056559
0.062904
0.066995
0.060019
0.069118
0.063564
0.063805
0.099611
0.058286
0.076110
0.044811
0.055807
0.060554
0.059619
0.056421
0.094843
0.048848
0.091085
0.051908
0.065778
0.059080
0.075864
0.061729
0.062044
0.057636
0.059300
0.070956
0.051250
0.072425
0.053291
0.085530
0.052369
0.047168
0.075796
0.057391
0.072253
0.073205
0.072279
0.049120
0.089775
0.108902
0.053836
0.077712
0.059916
0.058325
0.051879
0.058476
0.072992
0.090417
0.073120
0.080724
0.060531
0.079346
0.075448
0.071929
0.076793
0.055760
0.078153
0.091150
0.083278
0.058820
0.072207
0.103234
0.062361
0.065551
0.050175
0.057473
0.077834
0.060573
0.075467
0.075936
0.093797
0.058635
0.076367
0.066591
0.068976
0.055820
0.079778
0.075673
0.106870
0.078521
0.074801
0.075589
0.086502
0.061589
0.061103
0.069358
0.071269
0.072200
0.064586
0.066318
0.071060
0.060911
0.079428
0.057558
0.086397
0.123580
0.096447
0.092334
0.039818
0.054228
0.043437
0.059715
0.070968
0.051975
0.072713
0.079794
0.123116
0.050920
0.092972
0.074310
0.063521
0.070746
0.069577
0.065135
0.061401
0.058567
0.063157
0.067307
0.098599
0.076714
0.061934
0.082756
0.063532
0.066410
0.061914
0.059813
0.073819
0.087655
0.087646
0.053512
0.056905
0.097985
0.107841
0.075408
0.073890
0.078012
0.099880
0.071838
0.093760
0.083833
0.058423
0.056011
0.065862
0.090642
0.079685
0.082911
0.074834
0.072210
0.058283
0.047631
0.064930
0.086424
0.095583
0.100383
0.073038
0.083636
0.101179
0.063049
0.060680
0.079751
0.076733
0.079415
0.061491
0.066626
0.064907
0.068929
0.064683
0.080072
0.076562
0.057092
0.048692
0.060883
0.094141
0.039923
0.044686
0.062158
0.078791
0.058083
0.071810
0.077950
0.096660
0.094958
0.054411
0.089064
0.080995
0.083195
0.134786
0.080392
0.055388
0.075628
0.075813
0.056899
0.059641
0.056583
0.048301
0.053170
0.082158
0.062706
0.050584
0.060913
0.081268
0.085681
0.070431
0.081950
0.090939
0.086759
0.112093
0.073146
0.073819
0.064734
0.075332
0.087585
0.086694
0.122386
0.069389
0.087069
0.087911
0.042622
0.062553
0.068047
0.086192
0.074614
0.050659
0.039414
0.058415
0.048954
0.106517
0.063210
0.056669
0.064624
0.075705
0.070430
0.040461
0.060778
0.069318
0.073060
0.070029
0.050007
0.051880
0.058559
0.056190
0.051212
0.062086
0.063108
0.050095
0.058315
0.080518
0.077717
0.065885
0.045915
0.052999
0.057142
0.050513
0.052472
0.071801
0.045833
0.070796
0.048150
0.054844
0.062768
0.059958
0.055197
0.041461
0.070048
0.045637
0.066532
0.069479
0.049219
0.062092
0.066003
0.060436
0.058886
0.050731
0.055453
0.060051
0.069436
0.104647
0.068700
0.079954
0.070087
0.098335
0.079678
0.073776
0.062498
0.053727
0.070940
0.061556
0.048049
0.103971
0.076872
0.065352
0.050737
0.055539
0.061993
0.053936
0.056082
0.089886
0.064586
0.055427
0.042004
0.071313
0.062415
0.060388
0.074322
0.060138
0.075202
0.067427
0.071993
0.067646
0.049712
0.081540
0.092415
0.065529
0.055641
0.084064
0.070072
0.118246
0.062341
0.074237
0.079916
0.067602
0.032418
0.057541
0.054996
0.061300
0.034160
0.062104
0.063067
0.052418
0.070359
0.061477
0.077584
0.071749
0.078076
0.077482
0.062313
0.076652
0.064521
0.069074
0.105191
0.061868
0.066166
0.063206
0.045047
0.059486
0.066872
0.075440
0.060903
0.046119
0.067386
0.047323
0.055228
0.069609
0.063369
0.072887
0.069164
0.096053
0.065413
0.058318
0.064150
0.099816
0.068588
0.062473
0.065471
0.063119
0.064924
0.073761
0.053973
0.056692
0.057753
0.118098
0.063907
0.071163
0.069548
0.057363
0.063577
0.088428
0.052983
0.050309
0.052682
0.053080
0.056224
0.056695
0.078379
0.081718
0.075576
0.087152
0.083130
0.036862
0.062147
0.076586
0.048084
0.069044
0.039295
0.061130
0.057963
0.095026
0.066933
0.046869
0.051360
0.069841
0.043829
0.059006
0.084747
0.071935
0.066638
0.082078
0.075514
0.077085
0.077477
0.060505
0.059078
0.071498
0.050053
0.080187
0.073670
0.077779
0.065362
0.072044
0.067478
0.062531
0.070923
0.071290
0.064487
0.058356
0.065214
0.077639
0.090962
0.073472
0.074148
0.087379
0.060090
0.045904
0.054333
0.051368
0.055511
0.082306
0.055799
0.059573
0.052009
0.057854
0.059746
0.095125
0.077508
0.071680
0.066006
0.076925
0.065483
0.051600
0.057113
0.089569
0.063583
0.050267
0.043045
0.052647
0.051158
0.065291
0.046459
0.053505
0.067111
0.087292
0.079419
0.091539
0.094476
0.059912
0.056101
0.083094
0.060609
0.105103
0.074263
0.075906
0.065859
0.074051
0.068773
0.079820
0.061771
0.081627
0.070496
0.086600
0.059987
0.077287
0.085505
0.053883
0.052292
0.049664
0.046009
0.098467
0.080684
0.080954
0.069591
0.052045
0.078507
0.097448
0.062759
0.083493
0.081737
0.090817
0.074545
0.112520
0.064583
0.063558
0.060392
0.065663
0.062632
0.065408
0.069419
0.056129
0.075761
0.083232
0.075593
0.066536
0.054792
0.064398
0.055774
0.058887
0.031968
0.086429
0.063558
0.046803
0.051517
0.080057
0.069434
0.057019
0.051589
0.064932
0.058136
0.085869
0.076843
0.067200
0.060035
0.085694
0.054743
0.061916
0.044474
0.060071
0.069604
0.069784
0.054472
0.071063
0.079905
0.067908
0.081293
0.060680
0.055870
0.052912
0.064560
0.082453
0.077350
0.067982
0.068555
0.077691
0.067511
0.056589
0.053402
0.055609
0.076993
0.075242
0.083956
0.080302
0.077073
0.056035
0.050086
0.064275
0.049887
0.072257
0.084439
0.094112
0.075035
0.085923
0.087173
0.060929
0.092427
0.095235
0.065443
0.074941
0.067283
0.073080
0.056660
0.053152
0.062863
0.075386
0.070362
0.086206
0.050127
0.060279
0.053014
0.068247
0.045518
0.050519
0.041417
0.040238
0.058721
0.071917
0.107174
0.037461
0.055738
0.073812
0.057827
0.044147
0.077925
0.048579
0.058917
0.051170
0.063736
0.060851
0.049843
0.086147
0.056577
0.069536
0.062781
0.066489
0.082167
0.056773
0.063511
0.059514
0.046836
0.074274
0.042885
0.068831
0.078167
0.070227
0.064293
0.085440
0.055506
0.069056
0.092031
0.100076
0.058589
0.067821
0.091330
0.068480
0.058509
0.083598
0.087951
0.054798
0.070874
0.077630
0.094776
0.070007
0.054270
0.061410
0.075753
0.073164
0.078699
0.058132
0.066421
0.066791
0.061027
0.059177
0.050901
0.060673
0.051485
0.056020
0.056385
0.068318
0.060725
0.078222
0.047603
0.062034
0.057070
0.061794
0.059831
0.096365
0.070431
0.071759
0.061620
0.083516
0.064555
0.067243
0.058705
0.070262
0.050551
0.049153
0.057088
0.052722
0.058954
0.081996
0.078387
0.070762
0.064542
0.062647
0.055184
0.046549
0.068456
0.067327
0.063611
0.089262
0.076654
0.060504
0.084291
0.053992
0.078546
0.057586
0.052781
0.053732
0.066825
0.092008
0.064298
0.076270
0.051533
0.065355
0.045618
0.076491
0.061333
0.081885
0.061316
0.082174
0.062893
0.057208
0.068515
0.047889
0.054121
0.058992
0.055556
0.065257
0.069852
0.095031
0.087524
0.070650
0.071032
0.079758
0.090361
0.082161
0.082875
0.081233
0.067048
0.098161
0.058943
0.073426
0.072824
0.077442
0.071200
0.053164
0.071140
0.068947
0.055815
0.079634
0.046611
0.072340
0.055373
0.060567
0.056016
0.054688
0.064543
0.062568
0.045626
0.063601
0.040498
0.054862
0.078214
0.077159
0.105459
0.064487
0.060326
0.061191
0.072385
0.099242
0.084528
0.088824
0.079221
0.093334
0.119920
0.059226
0.070210
0.062277
0.059947
