1.769782
0.101876
0.091337
0.078375
0.067862
0.075629
0.076388
0.077712
0.073645
0.066456
0.074710
0.070183
0.058469
0.070269
0.076193
0.074930
0.080015
0.071418
0.058322
0.065194
0.086726
0.055346
0.083195
0.065524
0.052042
0.064889
0.052710
0.050520
0.053449
0.077127
0.106723
0.090501
0.073809
0.059332
0.075171
0.090008
0.056253
0.059479
0.067038
0.062971
0.073661
0.061227
0.056709
0.052806
0.078382
0.062278
0.043107
0.074378
0.048829
0.068763
0.082214
0.060998
0.063731
0.087193
0.064727
0.053390
0.077282
0.060825
0.061975
0.063837
0.086944
0.049946
0.045786
0.042303
0.055813
0.061341
0.060449
0.074651
0.057896
0.064203
0.091980
0.084567
0.055331
0.063010
0.065042
0.070014
0.088628
0.072476
0.076819
0.084136
0.115345
0.063775
0.050399
0.064643
0.086625
0.067056
0.053831
0.063280
0.070908
0.061138
0.093963
0.072564
0.080230
0.067597
0.089384
0.081303
0.078825
0.070347
0.065914
0.057959
0.110691
0.053135
0.063029
0.060920
0.047766
0.061750
0.080829
0.061837
0.108297
0.075600
0.065370
0.073030
0.048729
0.058263
0.109836
0.075813
0.056081
0.070937
0.078647
0.063445
0.082096
0.063498
0.064119
0.052443
0.035076
0.042799
0.054450
0.051294
0.045706
0.055677
0.074258
0.055801
0.055329
0.037735
0.052729
0.055161
0.077764
0.064595
0.086955
0.088594
0.101927
0.059672
0.054332
0.059751
0.068005
0.086207
0.068905
0.069651
0.075194
0.095604
0.133921
0.073187
0.085691
0.080284
0.057085
0.068007
0.087237
0.088012
0.085901
0.090788
0.077978
0.082709
0.056760
0.119650
0.099208
0.119382
0.109282
0.065640
0.064883
0.067618
0.091401
0.120023
0.092198
0.061894
0.073749
0.085101
0.089369
0.077716
0.065381
0.067782
0.098671
0.099827
0.082619
0.052141
0.066539
0.077591
0.069025
0.096852
0.043459
0.065900
0.067513
0.077442
0.060470
0.067442
0.078750
0.073196
0.079870
0.064232
0.075469
0.056112
0.109905
0.056096
0.054620
0.053706
0.075712
0.087066
0.068238
0.055596
0.084034
0.055018
0.079406
0.056661
0.068121
0.071807
0.070252
0.083779
0.058490
0.074385
0.065319
0.076001
0.084366
0.085185
0.081337
0.080404
0.084789
0.060454
0.068826
0.073110
0.076136
0.104639
0.126008
0.060256
0.093485
0.109049
0.095483
0.090003
0.055442
0.062891
0.064031
0.063243
0.111915
0.083436
0.041857
0.042690
0.054955
0.061934
0.050715
0.081452
0.094958
0.074176
0.104887
0.049133
0.065675
0.051152
0.070302
0.066190
0.076882
0.094059
0.096801
0.061421
0.076382
0.079235
0.065456
0.060218
0.067066
0.046129
0.072656
0.061083
0.073270
0.062541
0.067899
0.067405
0.086012
0.090020
0.078771
0.069774
0.075872
0.077037
0.076884
0.088659
0.075311
0.095005
0.101495
0.061025
0.073718
0.036087
0.067464
0.064415
0.081000
0.085106
0.122809
0.071488
0.060786
0.067816
0.046625
0.061833
0.074399
0.087539
0.103097
0.091718
0.097359
0.056065
0.082937
0.065520
0.105281
0.069848
0.056887
0.074743
0.074430
0.063303
0.083919
0.076106
0.067472
0.082453
0.088441
0.077287
0.090715
0.087988
0.085725
0.068044
0.073979
0.050408
0.045936
0.062023
0.052104
0.046407
0.069926
0.079364
0.079719
0.050483
0.114427
0.072683
0.065555
0.075634
0.070154
0.092381
0.145043
0.063889
0.073660
0.068144
0.100481
0.083039
0.059148
0.079175
0.082669
0.067635
0.076640
0.056046
0.074266
0.080207
0.100728
0.082769
0.073616
0.052609
0.063247
0.107306
0.069972
0.075096
0.047409
0.110463
0.096183
0.070817
0.069149
0.085966
0.070971
0.106590
0.074157
0.066916
0.040372
0.061571
0.098917
0.106586
0.063489
0.056183
0.051346
0.060136
0.070673
0.086747
0.080347
0.078306
0.100616
0.071354
0.062737
0.043315
0.070387
0.073226
0.073874
0.073750
0.055451
0.073938
0.114226
0.100189
0.071587
0.135555
0.071087
0.052013
0.080860
0.077431
0.054550
0.057403
0.086884
0.072831
0.053574
0.041961
0.050784
0.067098
0.058084
0.066229
0.090658
0.072401
0.088032
0.070665
0.049885
0.056592
0.052357
0.070533
0.052103
0.051623
0.066870
0.081199
0.064288
0.065926
0.051607
0.054858
0.068774
0.056265
0.052538
0.079792
0.069869
0.096534
0.079593
0.070827
0.067551
0.087918
0.078765
0.061743
0.066032
0.090150
0.065718
0.059798
0.083004
0.045863
0.047645
0.050105
0.110100
0.104151
0.084913
0.071037
0.094082
0.090363
0.078734
0.066005
0.072810
0.071497
0.091206
0.096299
0.082580
0.058923
0.040352
0.050513
0.073225
0.062706
0.056058
0.047490
0.045108
0.074553
0.047983
0.060623
0.062657
0.050879
0.090302
0.052184
0.071926
0.060723
0.066418
0.056641
0.046949
0.040248
0.057852
0.056769
0.059866
0.046441
0.098078
0.043038
0.050969
0.067320
0.058377
0.071894
0.082973
0.098137
0.114574
0.063818
0.061606
0.070659
0.078506
0.067188
0.072500
0.073362
0.067482
0.062384
0.085609
0.072604
0.079829
0.062786
0.076697
0.084759
0.077625
0.064776
0.054355
0.059065
0.057756
0.064123
0.052938
0.060935
0.090905
0.076206
0.092023
0.097893
0.095125
0.056596
0.089349
0.080413
0.095404
0.058725
0.043914
0.071003
0.036853
0.071018
0.086200
0.081528
0.091870
0.043919
0.064078
0.069444
0.058817
0.036978
0.090606
0.086569
0.073504
0.081460
0.092022
0.071309
0.065915
0.073303
0.069153
0.067308
0.076219
0.071913
0.069022
0.077849
0.097137
0.075318
0.087208
0.047129
0.070116
0.073993
0.075893
0.080877
0.074699
0.066963
0.103537
0.082093
0.098889
0.076940
0.074510
0.081177
0.080289
0.107493
0.079567
0.083467
0.086204
0.082154
0.052104
0.074090
0.047588
0.057148
0.068347
0.081756
0.076442
0.110943
0.086389
0.074738
0.048639
0.071308
0.076358
0.084955
0.054994
0.049154
0.062796
0.054528
0.072145
0.069560
0.077159
0.080781
0.091937
0.047362
0.076085
0.038192
0.066704
0.095172
0.115940
0.086522
0.032698
0.058716
0.050451
0.052482
0.049084
0.101910
0.073632
0.084085
0.104742
0.048535
0.072519
0.065131
0.064171
0.065910
0.082384
0.081755
0.114572
0.083726
0.113724
0.097727
0.080756
0.069319
0.073076
0.062843
0.056244
0.073030
0.070446
0.043790
0.085526
0.084806
0.069863
0.070637
0.046573
0.058187
0.090611
0.084878
0.069420
0.075328
0.109043
0.092888
0.069808
0.080986
0.076347
0.100604
0.077841
0.076486
0.086864
0.091237
0.095680
0.075351
0.061197
0.051125
0.059665
0.062114
0.033590
0.033165
0.054181
0.060125
0.103810
0.077488
0.084282
0.086205
0.093444
0.077257
0.070211
0.074862
0.058481
0.085284
0.120292
0.066348
0.092283
0.092613
0.068435
0.074947
0.063276
0.035728
0.038508
0.070439
0.062165
0.052012
0.035104
0.032478
0.036488
0.053505
0.105088
0.061805
0.066052
0.044049
0.069960
0.062936
0.054146
0.041217
0.040723
0.037649
0.039417
0.046183
0.054619
0.041166
0.065315
0.070529
0.080747
0.089317
0.075929
0.099382
0.096363
0.118660
0.051349
0.061061
0.099695
0.056695
0.055443
0.063295
0.067074
0.057947
0.083660
0.068217
0.094675
0.091153
0.079949
0.074578
0.083266
0.053289
0.037668
0.047612
0.034308
0.035627
0.075740
0.047682
0.060807
0.050267
0.061787
0.063906
0.070026
0.061589
0.069735
0.066004
0.052226
0.081889
0.098835
0.093329
0.106942
0.102921
0.113484
0.058771
0.068694
0.063252
0.049304
0.078490
0.120757
0.078621
0.096708
0.071039
0.068562
0.088024
0.103826
0.061581
0.042342
0.046560
0.073640
0.056146
0.078880
0.072453
0.066898
0.072963
0.074080
0.086580
0.069787
0.042995
0.069145
0.058581
0.065136
0.072521
0.043825
0.042272
0.066953
0.075372
0.079363
0.078116
0.115812
0.088191
0.093321
0.092174
0.094973
0.063411
0.071730
0.069827
0.068350
0.076202
0.096004
0.062940
0.057820
0.052222
0.063588
0.033789
0.050525
0.083966
0.113959
0.060980
0.102590
0.072642
0.081235
0.105678
0.086257
0.071507
0.091226
0.080491
0.117320
0.093203
0.129864
0.077833
0.068660
0.067828
0.066013
0.060533
0.052409
0.046267
0.044538
0.058768
0.077533
0.058054
0.062332
0.059059
0.053474
0.058712
0.060840
0.074816
0.053275
0.035091
0.065516
0.083192
0.109811
0.072145
0.047463
0.091771
0.080759
0.066498
0.098001
0.097985
0.105629
0.094684
0.088743
0.071424
0.091760
0.075131
0.057824
0.078655
0.096310
0.098607
0.119773
0.068844
0.036018
0.077326
0.079690
0.078203
0.107882
0.063010
0.072409
0.052673
0.099650
0.081300
0.065094
0.060538
0.033055
0.049295
0.061990
0.048301
0.045517
0.049923
0.066751
0.044397
0.052671
0.054372
0.056407
0.059035
0.082825
0.074345
0.058069
0.035921
0.089643
0.055770
0.069952
0.042287
0.078430
0.072006
0.065534
0.087524
0.064665
0.055436
0.071295
0.063095
0.048125
0.061922
0.073829
0.077914
0.044817
0.077412
0.063443
0.079122
0.086111
0.069425
0.091765
0.064714
0.056808
0.064579
0.092680
0.078364
0.075391
0.087054
0.106037
0.080912
0.068583
0.080227
0.110341
0.068998
0.079711
0.047799
0.068664
0.157132
0.096826
0.081260
0.076751
0.086394
0.090478
0.093056
0.051149
0.076350
0.078328
0.059074
0.104532
0.078687
0.108365
0.037546
0.094169
0.058182
0.086719
0.048801
0.079173
0.056770
0.085236
0.046613
0.056173
0.077690
0.051140
0.041654
0.077537
0.083082
0.058764
0.072877
0.062611
0.072077
0.090408
0.035844
0.058623
0.066888
0.083428
0.089063
0.072857
0.097885
0.089274
0.058074
0.057911
0.044144
0.068779
0.076407
0.075339
0.075332
0.098581
0.070444
0.075634
0.071290
0.038370
0.062800
0.067157
0.110306
0.104872
0.104155
0.092290
0.087626
0.096469
0.108939
0.046139
0.066965
0.051258
0.031648
0.040329
0.031789
0.032054
0.083704
0.094625
0.094710
0.103605
0.075547
0.093114
0.042423
0.061340
0.063812
0.073287
0.075387
0.075025
0.056447
0.065230
0.062192
0.045485
0.042615
0.081918
0.044402
0.049753
0.075891
0.102143
0.105839
0.089153
0.083280
0.058586
0.098130
0.094013
0.069437
0.067682
0.060791
0.076457
0.061761
0.064413
0.086289
0.101338
0.125228
0.045138
0.062338
0.048671
0.054742
0.071182
0.098951
0.082133
0.092300
0.085755
0.052566
0.081590
0.070403
0.043661
0.063392
0.094450
0.072562
0.067621
0.044914
0.071766
0.065536
0.065918
0.085522
0.081356
0.083310
0.112941
0.044322
0.059830
0.079756
0.066745
0.039215
0.073782
0.067275
0.047430
0.062767
0.075547
0.083024
0.070561
0.079959
0.085330
0.059318
0.072694
0.080021
0.065433
0.070984
0.090913
0.105975
0.070506
0.066015
0.095961
0.075561
0.045187
0.087565
0.053177
0.089823
0.135172
0.054815
0.074482
0.096466
0.106249
0.099624
0.103851
0.085412
0.076798
0.031913
0.070673
0.057007
0.049511
0.059553
0.072043
0.065314
0.074156
0.072832
0.080584
0.075454
0.101856
0.112913
0.108396
0.044849
0.056041
0.083222
0.080662
0.066667
0.065272
0.064057
0.078138
0.096239
0.080162
0.078993
0.076850
0.069971
0.036964
0.053506
0.048428
0.045760
0.074035
0.048496
0.065864
0.047080
0.075537
0.093791
0.080907
0.071171
0.072757
0.051073
0.088067
0.077292
0.067623
0.034641
0.032120
0.049280
0.070331
0.051850
0.053193
0.060419
0.069717
0.065798
0.057942
0.076923
0.084749
0.050912
0.048193
0.045679
0.059591
0.066775
0.099958
0.043259
0.075241
0.057921
0.049961
0.032493
0.086042
0.090861
0.045929
0.078660
0.075342
0.076029
0.042241
0.059610
0.040455
0.058875
0.071995
0.091714
0.094984
0.069281
0.068585
0.068571
0.059259
0.068569
0.068217
0.037237
0.052953
0.074627
0.073351
0.067388
0.052077
0.041226
0.053886
0.076301
0.038181
0.078553
0.084663
0.102725
0.105377
0.092365
0.111252
0.074966
0.075339
0.079307
0.049159
0.048765
0.056736
0.062458
0.060880
0.085590
0.100298
0.082284
0.078410
0.046362
0.047412
0.063835
0.041652
0.052950
0.056526
0.076020
0.090609
0.086370
0.064147
0.037231
0.083597
0.100961
0.115584
0.098415
0.099157
0.075198
0.095399
0.058257
0.077718
0.068639
0.069142
0.067497
0.059073
0.058270
0.047430
0.050797
0.061050
0.093013
0.040883
0.049082
0.071215
0.038647
0.037005
0.058541
0.054534
0.057408
0.130410
0.074216
0.057167
0.081984
0.078163
0.072666
0.040304
0.058479
0.084785
0.064697
0.082862
0.087255
0.074889
0.061593
0.062557
0.070074
0.063582
0.061431
0.069680
0.062433
0.083214
0.069522
0.080869
0.091122
0.066757
0.069931
0.067061
0.082042
0.075367
0.069906
0.070424
0.068315
0.058122
0.060659
0.061972
0.064140
0.065276
0.071811
0.066004
0.074701
0.086068
0.078200
0.062934
0.074655
0.040788
0.048480
0.076870
0.039634
0.042962
0.072785
0.074695
0.082632
0.081145
0.079544
0.105294
0.057479
0.071150
0.038320
0.056648
0.090919
0.074381
0.065336
0.072413
0.049796
0.068339
0.059560
0.072881
0.087461
0.042850
0.057158
0.089504
0.081201
0.103730
0.040309
0.044136
0.071168
0.066803
0.047199
0.074113
0.064994
0.083835
0.096229
0.081098
0.048396
0.079651
0.056443
0.067885
0.057384
0.070703
0.062772
0.092458
0.062507
0.074974
0.074948
0.110838
0.091385
0.110209
0.059376
0.057062
0.070758
0.098865
0.047419
0.060198
0.081409
0.078522
0.052761
0.069584
0.057782
0.071822
0.056907
0.099674
0.071677
0.091193
0.095437
0.052732
0.069693
0.042254
0.056241
0.080834
0.051095
0.079000
0.073262
0.111559
0.098290
0.092921
0.073102
0.080697
0.073689
0.078544
0.080283
0.084084
0.057318
0.073864
0.072669
0.073298
0.038110
0.062724
0.047418
0.048980
0.058897
0.097155
0.076576
0.094629
0.122544
0.082645
0.076196
0.050482
0.095613
0.059754
0.066425
0.099748
0.043346
0.054095
0.055566
0.085375
0.039956
0.034415
0.032061
0.046343
0.043105
0.103849
0.086851
0.048238
0.048950
0.049641
0.074256
0.072513
0.076313
0.049495
0.032003
0.070538
0.097750
0.056144
0.078499
0.087955
0.052058
0.055178
0.064353
0.035038
0.059751
0.075861
0.037372
0.053997
0.040394
0.052140
0.058849
0.039499
0.079792
0.072215
0.072018
0.076504
0.052136
0.083245
0.071847
0.053208
0.063051
0.063080
0.080504
0.067193
0.043890
0.069280
0.049606
0.057883
0.051326
0.035892
0.041529
0.062927
0.059098
0.078392
0.093764
0.098947
0.073376
0.057658
0.034173
0.032278
0.070167
0.053995
0.066001
0.055852
0.079839
0.088776
0.055144
0.054239
0.080417
0.070215
0.053378
0.052231
0.054932
0.033955
0.056160
0.094613
0.068964
0.069552
0.060656
0.062400
0.103844
0.083071
0.079391
0.060239
0.072885
0.071157
0.082908
0.052460
0.069771
0.054842
0.064127
0.048424
0.057200
0.060108
0.053343
0.084804
0.068614
0.060252
0.055536
0.078601
0.057541
0.060336
0.062105
0.082716
0.070074
0.115141
0.097184
0.083730
0.068541
0.051543
0.065532
0.068480
0.089446
0.106660
0.089374
0.121777
0.094340
0.068502
0.051530
0.100752
0.070026
0.074087
0.062940
0.053612
0.056578
0.083312
0.080503
0.076223
0.072562
0.068027
0.038322
0.067600
0.042083
0.067317
0.089664
0.093139
0.083625
0.096794
0.088415
0.110749
0.104837
0.094072
0.066710
0.042761
0.041535
0.076563
0.052040
0.077975
0.075581
0.037288
0.079877
0.070820
0.081925
0.070520
0.095660
0.096819
0.077461
0.061685
0.051467
0.047629
0.033581
0.063977
0.064434
0.078907
0.087088
0.090404
0.067549
0.087951
0.099386
0.094980
0.073523
0.074610
0.098878
0.094114
0.099375
0.136227
0.095321
0.066315
0.078676
0.067423
0.076211
0.047986
0.074390
0.060630
0.089246
0.121068
0.065892
0.049072
0.051662
0.053848
0.031984
0.080182
0.052941
0.045583
0.056542
0.090518
0.067876
0.046710
0.067135
0.070768
0.075305
0.055533
0.081882
0.064328
0.078444
0.111607
0.060336
0.081789
0.087742
0.081182
0.074957
0.089541
0.075339
0.033337
0.056824
0.072782
0.067905
0.082353
0.057625
0.073273
0.101797
0.093957
0.060099
0.076452
0.061912
0.086461
0.069942
0.071350
0.083249
0.090911
0.094060
0.103741
0.105644
0.098080
0.069880
0.096560
0.063447
0.088112
0.093235
0.070601
0.078876
0.058845
0.072112
0.060115
0.081699
0.097960
0.057926
0.074668
0.058458
0.057361
0.051872
0.067974
0.072582
0.095569
0.107113
0.108597
0.066386
0.075735
0.081816
0.079092
0.080413
0.069432
0.061045
0.083038
0.086651
0.126683
0.106134
0.089516
0.108707
0.111727
0.088491
0.077511
0.091577
0.039914
0.053207
0.071517
0.048353
0.059234
0.047900
0.047333
0.079034
0.062901
0.053826
0.066866
0.051540
0.073784
0.063933
0.075835
0.083496
0.077291
0.085451
0.090135
0.081734
0.083739
0.063913
0.069694
0.117253
0.096548
0.083692
0.098176
0.109608
0.082213
0.082828
0.112452
0.083824
0.099504
0.103655
0.116052
0.080762
0.056530
0.070478
0.067193
0.087255
0.058356
0.054066
0.100480
0.089651
0.115576
0.103247
0.101151
0.096078
0.103083
0.088521
0.106592
0.100066
0.088252
0.073417
0.074773
0.066991
0.067718
0.089797
0.048668
0.040206
0.048501
0.058265
0.066729
0.059682
0.096581
0.088624
0.099608
0.091849
0.077634
0.069353
0.090903
0.069526
0.097223
0.075403
0.035703
0.057250
0.055711
0.062524
0.074885
0.074248
0.062288
0.069029
0.073653
0.063605
0.064578
0.077405
0.075596
0.071820
0.049166
0.075841
0.085685
0.082040
0.090983
0.078902
0.090890
0.072109
0.084257
0.059341
0.060340
0.064786
0.054388
0.077798
0.107712
0.055418
0.089269
0.078902
0.073129
0.069468
0.077285
0.078805
0.079560
0.071097
0.089301
0.074678
0.082465
0.084261
0.084242
0.072882
0.072336
0.082440
0.047187
0.074774
0.087910
0.081185
0.083336
0.092149
0.090529
0.092249
0.089221
0.094359
0.040003
0.068899
0.068567
0.045449
0.071697
0.089088
0.063877
0.068125
0.066207
0.071037
0.079683
0.064953
0.099099
0.069526
0.098659
0.086707
0.068150
0.041289
0.043077
0.063175
0.061935
0.045102
0.074103
0.037724
0.060380
0.038910
0.032841
0.070400
0.089088
0.059709
0.066981
0.076759
0.060370
0.082245
0.075239
0.083835
0.076494
0.055201
0.068038
0.092586
0.125697
0.108941
0.098419
0.078612
0.081230
0.043564
0.056633
0.083992
0.048198
0.050256
0.078578
0.051503
0.072603
0.078849
0.066810
0.075286
0.061978
0.053301
0.079281
0.076955
0.068265
0.071604
0.095509
0.089735
0.073400
0.049880
0.072466
0.061525
0.055618
0.057704
0.041229
0.050668
0.071697
0.062089
0.075735
0.059777
0.083395
0.065417
0.079772
0.091221
0.071056
0.069196
0.063864
0.058844
0.061805
0.040572
0.076365
0.058583
0.086987
0.060545
0.067304
0.079706
0.064038
0.073352
0.063684
0.062825
0.080648
0.081555
0.047937
0.074022
0.070255
0.088050
0.123924
0.033628
0.040377
0.058307
0.042893
0.045334
0.084872
0.064013
0.058221
0.040541
0.059773
0.061104
0.089058
0.095808
0.074935
0.081589
0.053612
0.042375
