1.841816
0.071206
0.083147
0.098080
0.073688
0.056651
0.088078
0.074209
0.077385
0.071879
0.105759
0.072775
0.071270
0.086275
0.072013
0.076424
0.055069
0.043101
0.073743
0.069484
0.074068
0.058084
0.053592
0.100971
0.086231
0.074251
0.056319
0.070405
0.106618
0.094188
0.098982
0.081331
0.069273
0.080312
0.078604
0.036636
0.064945
0.061358
0.054044
0.090573
0.080645
0.087842
0.092504
0.064636
0.087162
0.087808
0.089460
0.078046
0.088507
0.085087
0.101449
0.089252
0.077645
0.086701
0.095645
0.089590
0.047584
0.069682
0.056064
0.068405
0.086030
0.076886
0.085449
0.047373
0.067316
0.075053
0.059516
0.053474
0.060992
0.056525
0.094789
0.084762
0.068636
0.059053
0.118320
0.106630
0.079401
0.083518
0.086212
0.077560
0.092779
0.070540
0.086823
0.071737
0.080926
0.095982
0.075052
0.062922
0.083769
0.065166
0.095298
0.074405
0.063035
0.100224
0.086835
0.081955
0.093418
0.096715
0.077638
0.056711
0.058422
0.049840
0.063998
0.065398
0.045808
0.068595
0.083281
0.084162
0.064457
0.067333
0.085836
0.061838
0.076499
0.069873
0.053044
0.051404
0.075818
0.082080
0.071086
0.100056
0.099803
0.069863
0.079041
0.079184
0.100550
0.066635
0.053107
0.059263
0.046281
0.065244
0.082715
0.070051
0.057866
0.050061
0.084444
0.082531
0.073461
0.109037
0.048254
0.063144
0.088385
0.090163
0.070528
0.084354
0.071329
0.046895
0.058904
0.082921
0.057152
0.077954
0.089991
0.073702
0.097970
0.078083
0.082257
0.080144
0.066927
0.058433
0.076495
0.076726
0.083617
0.057781
0.049145
0.083846
0.056151
0.077011
0.081384
0.059722
0.064417
0.059315
0.106080
0.077848
0.076399
0.096859
0.056567
0.077746
0.079460
0.095443
0.087206
0.093522
0.088064
0.094042
0.080062
0.087261
0.064616
0.061845
0.055205
0.053239
0.051171
0.050083
0.070436
0.079764
0.098428
0.073995
0.103555
0.092169
0.088040
0.090002
0.081301
0.064767
0.091789
0.062222
0.064899
0.077295
0.060151
0.055395
0.075907
0.050568
0.068248
0.045678
0.093670
0.069025
0.047340
0.092429
0.099016
0.099671
0.096069
0.081401
0.067645
0.079427
0.105578
0.075670
0.087591
0.082262
0.093669
0.074919
0.051477
0.075258
0.074480
0.080846
0.087654
0.066035
0.038893
0.052575
0.077944
0.087699
0.087938
0.103654
0.087475
0.094761
0.097545
0.092298
0.077645
0.078432
0.061963
0.069129
0.086786
0.059033
0.076674
0.079078
0.074819
0.056752
0.073536
0.088967
0.050458
0.060916
0.041241
0.059480
0.069620
0.070728
0.093199
0.074776
0.102716
0.060902
0.078031
0.081809
0.081137
0.074374
0.073009
0.077857
0.108334
0.079114
0.068573
0.076254
0.043513
0.081553
0.078333
0.050729
0.054575
0.083000
0.081843
0.079002
0.092734
0.098294
0.072374
0.076937
0.074404
0.069681
0.074538
0.081529
0.129199
0.116911
0.100057
0.082293
0.082047
0.070561
0.090239
0.086574
0.084085
0.089976
0.080638
0.057694
0.050180
0.073942
0.101255
0.084641
0.088563
0.097368
0.081281
0.091802
0.083508
0.064023
0.073088
0.065178
0.044789
0.039797
0.046610
0.067527
0.075103
0.073531
0.064441
0.057206
0.075852
0.073517
0.060320
0.050505
0.047986
0.067709
0.093281
0.083446
0.112564
0.066340
0.095001
0.071507
0.068574
0.074964
0.039891
0.055813
0.080005
0.083138
0.100256
0.067784
0.049674
0.074008
0.079695
0.057292
0.080853
0.086446
0.099989
0.079323
0.086522
0.080325
0.091139
0.084544
0.102823
0.095073
0.069968
0.064111
0.077669
0.090805
0.112455
0.068863
0.083730
0.079844
0.088854
0.081180
0.079863
0.092386
0.053131
0.070643
0.106539
0.063448
0.067932
0.075630
0.058585
0.062970
0.066450
0.063799
0.078414
0.077769
0.092353
0.056458
0.077894
0.062521
0.082062
0.069301
0.056900
0.053951
0.039837
0.058357
0.075723
0.051634
0.071311
0.087086
0.088702
0.073386
0.073562
0.105093
0.080828
0.075554
0.100297
0.056797
0.046832
0.074392
0.051668
0.105337
0.067261
0.074662
0.094505
0.062616
0.104623
0.108828
0.085692
0.062009
0.087027
0.084531
0.053080
0.069952
0.059572
0.088720
0.107147
0.098732
0.098515
0.076712
0.081702
0.078752
0.069767
0.046952
0.065897
0.065278
0.095896
0.073869
0.053580
0.071729
0.079513
0.040404
0.042315
0.046274
0.040098
0.064562
0.085953
0.068671
0.073403
0.059582
0.081039
0.078104
0.070448
0.073074
0.080817
0.073486
0.080478
0.054950
0.092325
0.038705
0.055681
0.074604
0.069580
0.073653
0.067755
0.062697
0.090584
0.070487
0.059950
0.048490
0.067127
0.059619
0.067218
0.091419
0.055774
0.078006
0.100046
0.091092
0.081175
0.073560
0.076653
0.067943
0.082953
0.066088
0.074188
0.079317
0.106604
0.072111
0.061976
0.103520
0.084336
0.081081
0.090862
0.097785
0.075072
0.077257
0.112069
0.097925
0.081152
0.063895
0.078572
0.062157
0.066221
0.073354
0.090197
0.103253
0.098844
0.092200
0.073925
0.089258
0.092202
0.111851
0.094337
0.089514
0.081542
0.096451
0.127728
0.097789
0.047735
0.074611
0.065830
0.082121
0.092373
0.087976
0.066131
0.079570
0.081568
0.068774
0.065486
0.068908
0.063500
0.062663
0.069371
0.059108
0.057487
0.063747
0.068995
0.082259
0.069733
0.079067
0.083255
0.039543
0.068563
0.100895
0.100703
0.085011
0.122513
0.070611
0.073779
0.057693
0.075834
0.071167
0.084774
0.081048
0.089806
0.053948
0.066916
0.055690
0.080950
0.101939
0.085445
0.082937
0.101331
0.076195
0.056805
0.069438
0.085824
0.055596
0.091552
0.082433
0.085868
0.086614
0.079310
0.071427
0.082342
0.101379
0.085181
0.051553
0.066727
0.084606
0.095435
0.081475
0.085345
0.079933
0.077778
0.094877
0.104124
0.081736
0.077778
0.101876
0.074322
0.089679
0.091199
0.079436
0.078999
0.065888
0.089951
0.069083
0.055597
0.069366
0.092392
0.100887
0.079180
0.083300
0.080083
0.053399
0.081610
0.071342
0.069303
0.077482
0.067303
0.089767
0.078324
0.082160
0.085177
0.093535
0.118923
0.089401
0.092897
0.051070
0.090322
0.067227
0.073033
0.067024
0.084805
0.064513
0.071209
0.074001
0.089026
0.070164
0.077067
0.078988
0.085288
0.088343
0.083745
0.089330
0.095195
0.062347
0.074900
0.071506
0.054280
0.070160
0.069932
0.050567
0.082791
0.096554
0.103611
0.108813
0.110782
0.098260
0.082947
0.079460
0.083048
0.104790
0.083714
0.078590
0.105618
0.092150
0.092493
0.104988
0.076688
0.072295
0.098152
0.116433
0.101027
0.115656
0.120923
0.060411
0.074507
0.074967
0.061134
0.098202
0.105211
0.074900
0.065944
0.064542
0.105024
0.074418
0.073953
0.077099
0.110777
0.084334
0.063012
0.047508
0.054701
0.066223
0.092764
0.104874
0.088961
0.075840
0.074081
0.078983
0.071910
0.098727
0.068926
0.056502
0.093264
0.098232
0.087103
0.052863
0.073000
0.087659
0.085461
0.080966
0.069507
0.054123
0.102595
0.076179
0.082655
0.080523
0.068640
0.078563
0.076419
0.072389
0.078683
0.084345
0.089194
0.108154
0.092704
0.103672
0.095201
0.081354
0.094135
0.078586
0.076101
0.052302
0.077660
0.089968
0.097796
0.099080
0.117777
0.109483
0.100004
0.076571
0.082226
0.078282
0.092141
0.075397
0.083815
0.079034
0.039797
0.067568
0.079729
0.050500
0.058722
0.063088
0.069602
0.074357
0.091616
0.089334
0.087219
0.092362
0.112699
0.104576
0.080669
0.082664
0.087754
0.068035
0.064763
0.080548
0.053591
0.071215
0.077942
0.072188
0.071409
0.075673
0.090366
0.064637
0.081949
0.096903
0.066675
0.076572
0.077311
0.071026
0.071902
0.054733
0.069108
0.080405
0.064267
0.054024
0.061101
0.043672
0.046913
0.050031
0.080776
0.069655
0.076742
0.074581
0.096124
0.074037
0.074392
0.082383
0.056259
0.077182
0.089020
0.083658
0.083833
0.073021
0.083094
0.087031
0.063126
0.075769
0.062644
0.061750
0.074051
0.078568
0.096222
0.086905
0.064387
0.067855
0.077196
0.038557
0.077652
0.082195
0.056633
0.071124
0.111870
0.085488
0.075904
0.077082
0.077415
0.086025
0.076395
0.061414
0.106399
0.070734
0.112863
0.099571
0.073341
0.074063
0.100033
0.102929
0.067653
0.063971
0.083857
0.076801
0.100236
0.090221
0.066421
0.070923
0.057682
0.084644
0.065671
0.071780
0.085501
0.057917
0.092769
0.076267
0.087456
0.074196
0.100355
0.110874
0.090908
0.097910
0.111860
0.091753
0.130012
0.080181
0.077876
0.089799
0.086248
0.086939
0.074087
0.046501
0.083851
0.106568
0.132313
0.087673
0.060295
0.085499
0.043761
0.064066
0.079784
0.091144
0.053385
0.078882
0.090823
0.099606
0.086567
0.073949
0.073686
0.073626
0.064674
0.067685
0.067096
0.063832
0.094674
0.081523
0.073603
0.070706
0.080667
0.091142
0.083069
0.086130
0.081210
0.074670
0.094569
0.069341
0.088624
0.080436
0.083870
0.092272
0.069833
0.067106
0.086991
0.084560
0.078207
0.052986
0.051836
0.067415
0.062008
0.067988
0.066437
0.050190
0.069712
0.047613
0.082874
0.054672
0.048130
0.082477
0.073006
0.103142
0.064225
0.056690
0.088140
0.066005
0.091308
0.071105
0.082047
0.080115
0.085421
0.106264
0.074218
0.095928
0.042198
0.067537
0.097127
0.095271
0.070367
0.121654
0.067864
0.072600
0.066641
0.071016
0.080693
0.092081
0.087166
0.076552
0.103540
0.065810
0.074819
0.068219
0.075923
0.079133
0.073333
0.098320
0.089251
0.066185
0.060830
0.059659
0.066721
0.077642
0.068569
0.074046
0.082572
0.080325
0.113114
0.090144
0.094419
0.047674
0.050662
0.063745
0.075705
0.093690
0.078431
0.080961
0.091019
0.092080
0.089463
0.094357
0.087489
0.069623
0.082872
0.064614
0.058027
0.054584
0.064876
0.053320
0.060283
0.085203
0.062923
0.081192
0.066408
0.088259
0.095730
0.073827
0.096049
0.089531
0.074248
0.075520
0.091182
0.090052
0.081565
0.053995
0.075440
0.061046
0.098652
0.094570
0.065331
0.063656
0.053345
0.063534
0.042933
0.063124
0.073011
0.043988
0.075216
0.085719
0.084876
0.092958
0.077272
0.051212
0.065026
0.061074
0.085631
0.071007
0.090777
0.070520
0.082358
0.081125
0.050214
0.062831
0.061094
0.074365
0.107555
0.084876
0.113050
0.079968
0.078349
0.079154
0.084091
0.082761
0.078701
0.067810
0.075048
0.073887
0.123602
0.095869
0.077436
0.072938
0.055394
0.071826
0.070392
0.087033
0.084453
0.082787
0.106748
0.139027
0.095361
0.107879
0.072400
0.072668
0.061581
0.070577
0.071779
0.066998
0.078691
0.098782
0.105266
0.084097
0.094416
0.082716
0.078415
0.073803
0.068104
0.111662
0.106839
0.083143
0.094722
0.097567
0.085000
0.066028
0.052703
0.087775
0.070077
0.080766
0.110739
0.083120
0.076462
0.071601
0.103314
0.093151
0.056095
0.080431
0.090562
0.085585
0.098954
0.100587
0.082254
0.069316
0.077413
0.087757
0.084594
0.090903
0.048668
0.091866
0.099662
0.073360
0.103684
0.070228
0.096310
0.090938
0.085968
0.085194
0.083424
0.070751
0.095540
0.092227
0.096468
0.077786
0.073778
0.080721
0.073552
0.073441
0.088977
0.078810
0.103577
0.089494
0.089473
0.055753
0.096221
0.109400
0.072904
0.087259
0.057788
0.092777
0.098278
0.092810
0.075808
0.089080
0.082941
0.082259
0.048258
0.042166
0.050099
0.058469
0.086016
0.071874
0.100235
0.085912
0.090562
0.080854
0.065712
0.039898
0.073089
0.088791
0.103209
0.063862
0.079109
0.077040
0.066724
0.048219
0.073392
0.074752
0.057489
0.068113
0.087608
0.043957
0.089116
0.097534
0.102947
0.073333
0.086317
0.093024
0.081413
0.066064
0.095643
0.087295
0.087312
0.069575
0.071087
0.057746
0.084134
0.090346
0.089590
0.086361
0.082460
0.074676
0.074232
0.067337
0.058613
0.055213
0.060230
0.058092
0.047292
0.056122
0.073024
0.069037
0.088547
0.065086
0.051947
0.078596
0.079360
0.067723
0.077215
0.075624
0.078615
0.082359
0.071712
0.077726
0.047463
0.071869
0.077800
0.059237
0.061855
0.053386
0.082209
0.054412
0.073105
0.069801
0.087286
0.070928
0.058139
0.087838
0.087023
0.098095
0.094608
0.088876
0.076716
0.061566
0.085348
0.067246
0.078082
0.080976
0.065408
0.058768
0.063975
0.071933
0.094442
0.077872
0.090462
0.080997
0.069490
0.082905
0.063910
0.044070
0.113276
0.065145
0.070989
0.081250
0.076989
0.068388
0.070575
0.061941
0.073416
0.068789
0.072427
0.065365
0.082363
0.073930
0.065904
0.082554
0.069541
0.072230
0.085648
0.093714
0.099815
0.052559
0.054980
0.082695
0.085059
0.083700
0.068343
0.065036
0.077439
0.082629
0.108357
0.085563
0.075713
0.072524
0.094005
0.124546
0.074714
0.082444
0.069926
0.088272
0.077803
0.101295
0.061920
0.092836
0.086504
0.080291
0.084100
0.079696
0.049325
0.064628
0.109370
0.086278
0.041085
0.050635
0.091217
0.064882
0.062000
0.087482
0.082352
0.068419
0.079785
0.072618
0.062794
0.073379
0.075534
0.081325
0.063959
0.048824
0.069427
0.053605
0.086079
0.076217
0.054959
0.079206
0.066074
0.065995
0.062856
0.074825
0.088343
0.114865
0.089043
0.076077
0.071724
0.062267
0.056740
0.060113
0.065873
0.059552
0.045456
0.055066
0.096767
0.109625
0.091896
0.070072
0.068395
0.084812
0.087559
0.068406
0.068338
0.078669
0.059892
0.066837
0.060602
0.047091
0.043731
0.066143
0.070005
0.069725
0.077053
0.070824
0.077089
0.067767
0.086036
0.054411
0.047503
0.043370
0.057495
0.074272
0.075930
0.072565
0.106393
0.088506
0.085402
0.080292
0.104102
0.083409
0.080744
0.073989
0.077449
0.044532
0.103845
0.082608
0.076442
0.083745
0.081451
0.089700
0.079317
0.093777
0.069441
0.102087
0.097137
0.072272
0.075715
0.067509
0.084488
0.075472
0.064930
0.081226
0.095062
0.054223
0.073901
0.037742
0.050122
0.062404
0.065123
0.098300
0.071691
0.090314
0.085515
0.077821
0.110485
0.091851
0.060011
0.089873
0.074154
0.065855
0.088567
0.085962
0.063547
0.067913
0.081166
0.093880
0.074056
0.089661
0.061808
0.065066
0.081846
0.090954
0.079466
0.058694
0.095228
0.050666
0.060518
0.070711
0.085234
0.097185
0.057770
0.090892
0.079284
0.074002
0.095085
0.086702
0.074151
0.073811
0.094487
0.084358
0.070087
0.058895
0.059822
0.059948
0.090289
0.056488
0.069910
0.054025
0.054789
0.049358
0.049123
0.087906
0.055128
0.094244
0.066018
0.073271
0.080529
0.068195
0.071028
0.065759
0.043379
0.041388
0.073622
0.067492
0.094208
0.074853
0.068662
0.073740
0.060877
0.065596
0.068348
0.091185
0.088264
0.042027
0.067427
0.070234
0.077138
0.066851
0.080798
0.068929
0.049678
0.072435
0.049297
0.072297
0.103630
0.100444
0.092915
0.111942
0.059736
0.054257
0.054243
0.078554
0.088445
0.091673
0.089491
0.078185
0.070726
0.069313
0.066487
0.088824
0.082308
0.079777
0.069123
0.076007
0.096943
0.065523
0.066343
0.056129
0.078258
0.120919
0.084557
0.103801
0.085381
0.078114
0.098241
0.078775
0.052478
0.063076
0.078869
0.082038
0.086511
0.107419
0.076450
0.077435
0.096114
0.052697
0.073602
0.086746
0.051769
0.074379
0.053761
0.052527
0.088937
0.071269
0.105116
0.097964
0.096674
0.070252
0.078826
0.073168
0.079527
0.064209
0.047664
0.050553
0.095427
0.061070
0.088618
0.079957
0.069896
0.080178
0.092085
0.099228
0.078030
0.063965
0.092479
0.081848
0.085307
0.041842
0.072293
0.068991
0.080897
0.076038
0.070233
0.081843
0.094593
0.094614
0.089068
0.057353
0.042617
0.046394
0.071114
0.081300
0.087032
0.087457
0.117793
0.086419
0.065790
0.081664
0.103137
0.081812
0.048825
0.078810
0.083665
0.069501
0.079505
0.078823
0.083129
0.072623
0.085957
0.082379
0.085564
0.073316
0.073991
0.079739
0.088129
0.077636
0.081119
0.040221
0.042946
0.044424
0.072201
0.062927
0.060831
0.069699
0.063229
0.077600
0.064346
0.088500
0.084697
0.104958
0.079442
0.074243
0.062569
0.078486
0.086540
0.090222
0.060920
0.059840
0.085057
0.080894
0.082905
0.074280
0.078454
0.099771
0.110612
0.104074
0.056685
0.049962
0.070860
0.087899
0.078818
0.100521
0.086031
0.094857
0.112143
0.084763
0.080431
0.078349
0.080822
0.075673
0.079660
0.088863
0.096186
0.088430
0.077764
0.064748
0.051778
0.038663
0.071090
0.074324
0.056322
0.103716
0.061990
0.066348
0.095076
0.089317
0.077940
0.069759
0.075571
0.078743
0.060682
0.055080
0.058049
0.069672
0.085290
0.054430
0.106161
0.051342
0.078048
0.066378
0.066650
0.074212
0.074924
0.047484
0.104824
0.071301
0.082257
0.069560
0.061173
0.078250
0.088363
0.080065
0.081425
0.070030
0.074145
0.068376
0.065775
0.060977
0.044698
0.058056
0.047154
0.067976
0.064732
0.073875
0.093522
0.096070
0.093789
0.107590
0.096259
0.060399
0.074635
0.065069
0.070329
0.055462
0.080438
0.070334
0.056572
0.057742
0.076906
0.088798
0.054558
0.059569
0.085115
0.081240
0.107954
0.066902
0.081949
0.088306
0.074529
0.092450
0.068365
0.074867
0.087433
0.075662
0.105150
0.081761
0.067965
0.084530
0.074415
0.084766
0.103114
0.054801
0.075597
0.075884
0.086171
0.062646
0.089648
0.065074
0.109547
0.080656
0.058715
0.107329
0.101824
0.081504
0.123598
0.078107
0.065637
0.053577
0.067638
0.056982
0.061708
0.062458
0.084583
0.076886
0.104567
0.084209
0.064545
0.069499
0.085822
0.058008
0.079115
0.077335
0.074453
0.073016
0.074104
0.083444
0.072595
0.087052
0.046771
0.103769
0.085271
0.050571
0.082014
0.077375
0.076729
0.093368
0.078150
0.094129
0.090948
0.076120
0.082174
0.084692
0.090122
0.073941
0.084745
0.085701
0.052175
0.072096
0.062093
0.053611
0.069340
0.084408
0.075153
0.074299
0.084688
0.083116
0.095598
0.084024
0.061309
0.072060
0.080927
0.101868
0.075365
0.043501
0.095602
0.059927
0.070387
0.053243
0.065152
0.090517
0.083708
0.107929
0.100644
0.085587
0.073000
0.075771
0.071479
0.045467
0.066686
0.068677
0.078153
0.079978
0.057285
0.059009
0.058577
0.075749
0.048199
0.065828
0.082279
0.060056
0.058916
0.044431
0.067236
0.088404
0.120415
0.104115
0.075883
0.095712
0.073474
0.074817
0.077464
0.056756
0.069072
0.097877
0.117015
0.066062
0.079364
0.067166
0.077130
0.077262
0.082856
0.077271
0.083580
0.089631
0.114804
0.062665
0.070970
0.071457
0.083359
0.067121
0.082182
0.077447
0.096446
0.091135
0.103086
0.073362
0.067138
0.087459
0.064059
0.079788
0.073143
0.069732
0.080192
0.113487
0.106346
0.085048
0.086351
0.072391
0.071376
0.091891
0.103694
0.112021
0.083975
0.077144
0.118575
0.089652
0.050203
0.092873
0.065130
0.074405
0.070094
0.068661
0.046583
0.054174
0.067919
0.064538
0.076290
0.089621
0.085112
0.084340
0.067574
0.076418
0.088843
0.085624
0.082671
0.075121
0.091296
0.059730
0.075219
0.055132
0.053212
0.050024
0.051814
0.071556
0.100986
0.091362
0.083163
0.059262
0.074871
0.085603
0.091681
0.074586
0.082301
0.101964
0.108086
0.064052
0.040645
0.077097
0.070276
0.071706
0.062188
0.044792
0.058850
0.071215
0.087103
0.066935
0.093652
0.074195
0.047279
0.062334
0.067744
0.048987
0.074121
0.088695
0.086656
0.074576
0.078590
0.081461
0.094601
0.081888
0.065093
0.042349
0.073100
0.086952
0.120409
0.096329
0.087847
0.086823
0.089354
0.110948
0.089025
0.079485
0.069172
0.080996
0.090593
0.045094
0.065071
0.105971
0.080591
0.047881
0.066465
0.044233
0.072696
0.067722
0.083883
0.065299
0.056206
0.041871
0.067897
0.072890
0.110137
0.065480
0.060920
0.070813
0.090728
0.083755
0.039594
0.041857
0.059853
0.076874
0.069523
0.074909
0.078240
0.089115
0.139290
0.083963
0.073168
0.084289
0.075851
0.078072
0.058963
