1.782715
0.069180
0.088568
0.086150
0.080453
0.076943
0.080505
0.101245
0.083026
0.085654
0.099328
0.090339
0.082455
0.083970
0.095778
0.093470
0.086219
0.077926
0.104261
0.093896
0.082546
0.095947
0.088310
0.085243
0.069959
0.099581
0.058614
0.060595
0.067693
0.071108
0.097291
0.079109
0.075497
0.079627
0.102822
0.068727
0.075804
0.070083
0.072104
0.081955
0.089812
0.065619
0.081527
0.057448
0.077941
0.076026
0.081707
0.083451
0.061893
0.089028
0.096309
0.090801
0.069362
0.078716
0.078632
0.054369
0.070863
0.087076
0.080176
0.113617
0.112813
0.069631
0.089456
0.072527
0.075058
0.091230
0.081582
0.095639
0.114896
0.087905
0.112287
0.085358
0.065779
0.072956
0.065776
0.078088
0.072262
0.077955
0.091528
0.094474
0.095708
0.084926
0.083022
0.097955
0.055829
0.067724
0.066050
0.077773
0.074845
0.058580
0.071623
0.099847
0.061701
0.065123
0.046929
0.060938
0.071935
0.098588
0.089779
0.070153
0.097040
0.066340
0.062795
0.065196
0.091874
0.075728
0.077235
0.073903
0.058899
0.069394
0.095274
0.078413
0.075721
0.081743
0.076906
0.080901
0.085908
0.084159
0.056901
0.051916
0.096687
0.064119
0.090894
0.080576
0.056244
0.070429
0.073877
0.069812
0.085320
0.090170
0.087900
0.081093
0.079121
0.108314
0.092701
0.079055
0.086093
0.055269
0.038727
0.077548
0.093835
0.100153
0.101941
0.085145
0.079016
0.114606
0.111528
0.070258
0.075117
0.088534
0.089200
0.072076
0.073494
0.063659
0.083676
0.067466
0.051430
0.049869
0.074471
0.076993
0.084480
0.067307
0.081084
0.080235
0.076289
0.090291
0.073034
0.086045
0.083064
0.090338
0.106161
0.106741
0.061318
0.086673
0.057887
0.087589
0.080512
0.066967
0.087746
0.068414
0.108040
0.079243
0.062624
0.069959
0.095059
0.063217
0.096994
0.092109
0.103052
0.083304
0.093426
0.062373
0.070787
0.070239
0.047895
0.068770
0.088161
0.069417
0.064572
0.053241
0.082606
0.061420
0.064749
0.072492
0.054371
0.075447
0.082229
0.054133
0.098956
0.086816
0.107684
0.102844
0.077553
0.100404
0.087803
0.083726
0.100645
0.045291
0.077884
0.102103
0.124975
0.142021
0.101191
0.075855
0.079472
0.047031
0.052660
0.082553
0.068618
0.078697
0.124799
0.068646
0.076735
0.066337
0.091788
0.098268
0.089831
0.092596
0.097367
0.054006
0.073710
0.082344
0.064257
0.091108
0.088180
0.090237
0.088419
0.098871
0.095027
0.085021
0.104346
0.072891
0.061920
0.057354
0.081256
0.081292
0.086616
0.075665
0.080960
0.089866
0.112665
0.074915
0.079075
0.063785
0.082305
0.071531
0.054401
0.068043
0.090323
0.091121
0.103135
0.068942
0.080610
0.094176
0.058958
0.072635
0.054219
0.053812
0.066112
0.058947
0.095307
0.061074
0.086876
0.087605
0.055670
0.083457
0.103352
0.063925
0.055876
0.066341
0.054326
0.085367
0.075955
0.085389
0.088330
0.087541
0.068845
0.052481
0.080047
0.068993
0.095440
0.080564
0.052553
0.069708
0.061172
0.069437
0.076085
0.085681
0.076743
0.092261
0.091449
0.070787
0.060780
0.076187
0.072964
0.084219
0.054449
0.057444
0.057495
0.094615
0.104831
0.066859
0.071193
0.081795
0.083799
0.080421
0.068877
0.082889
0.088737
0.065340
0.099235
0.089772
0.088989
0.071199
0.068192
0.096772
0.064549
0.092952
0.076432
0.085778
0.116258
0.086316
0.074841
0.074120
0.074051
0.079834
0.085520
0.090213
0.082876
0.045140
0.107939
0.087313
0.074153
0.075688
0.081080
0.091264
0.086455
0.067091
0.066221
0.074647
0.104388
0.064629
0.081931
0.094100
0.077816
