1.711893
0.105469
0.067997
0.088274
0.050087
0.092128
0.165702
0.104347
0.092199
0.085369
0.105461
0.073214
0.074427
0.065099
0.081982
0.072742
0.090015
0.079871
0.077282
0.054923
0.083038
0.077295
0.080235
0.078075
0.084043
0.082096
0.100293
0.104702
0.066753
0.090205
0.103911
0.064555
0.087255
0.101764
0.072368
0.075906
0.077567
0.086446
0.100482
0.090907
0.080672
0.077223
0.095678
0.097504
0.071378
0.062799
0.059352
0.071446
0.075488
0.090369
0.097071
0.072187
0.077163
0.066920
0.091366
0.073218
0.069463
0.085402
0.088937
0.082998
0.094685
0.067300
0.067194
0.057480
0.086674
0.100766
0.075078
0.092671
0.074536
0.092166
0.110547
0.105526
0.101526
0.069515
0.083040
0.089358
0.101534
0.067234
0.081763
0.069369
0.088815
0.111399
0.072828
0.065687
0.072181
0.072248
0.063419
0.099463
0.080196
0.068797
0.099380
0.072656
0.082331
0.085115
0.078337
0.091141
0.078604
0.065391
0.092712
0.093209
0.099212
0.083542
0.062394
0.061350
0.057220
0.082269
0.087767
0.073659
0.056634
0.072863
0.071651
0.076903
0.062448
0.079683
0.072792
0.081254
0.074949
0.053812
0.061063
0.077251
0.089214
0.053231
0.063538
0.088689
0.088611
0.072371
0.081344
0.088801
0.083775
0.095496
0.082577
0.076320
0.047345
0.089402
0.084702
0.083460
0.066196
0.063207
0.103968
0.081214
0.103217
0.097567
0.098050
0.081939
0.075743
0.048584
0.071495
0.058101
0.059060
0.072623
0.080040
0.072279
0.062999
0.062295
0.075548
0.090126
0.078789
0.063685
0.071968
0.076837
0.094173
0.065491
0.072232
0.068938
0.064097
0.073370
0.086501
0.079505
0.081638
0.086698
0.097717
0.077319
0.072418
0.120787
0.104798
0.062430
0.063687
0.103921
0.077408
0.084786
0.083855
0.068051
0.062046
0.076045
0.073247
0.065841
0.054315
0.095060
0.137925
0.084660
0.121324
0.086801
0.116047
0.091620
0.081325
0.102985
0.069075
0.089553
0.075006
0.076518
0.084212
0.101423
0.095042
0.098093
0.090642
0.085184
0.080714
0.091147
0.075541
0.074683
0.078197
0.081073
0.092933
0.091141
0.058364
0.075588
0.096469
0.083820
0.085338
0.092918
0.080226
0.087240
0.068809
0.095664
0.090465
0.063854
0.083895
0.080140
0.080720
0.057264
0.077055
0.050078
0.050112
0.063725
0.075770
0.068104
0.063312
0.073696
0.060691
0.060077
0.112682
0.050205
0.098848
0.080019
0.078309
0.094825
0.073009
0.069322
0.073784
0.104078
0.093368
0.111890
0.082963
0.081434
0.089299
0.074865
0.071785
0.082825
0.054764
0.072188
0.085090
0.067172
0.063733
0.065136
0.075002
0.055094
0.061976
0.064883
0.056740
0.092689
0.097188
0.073223
0.077033
0.083831
0.076758
0.065581
0.070231
0.084572
0.083355
0.093609
0.085597
0.065157
0.066692
0.064609
0.072358
0.073152
0.083925
0.063411
0.066286
0.057637
0.086614
0.093736
0.067189
0.071157
0.058703
0.056527
0.052585
0.071475
0.075709
0.077642
0.078571
0.078690
0.070522
0.064305
0.074201
0.083745
0.055836
0.077220
0.071270
0.056867
0.079684
0.065634
0.091119
0.067613
0.070320
0.084252
0.070681
0.082671
0.097020
0.079475
0.080983
0.089382
0.091307
0.093831
0.067043
0.075948
0.082651
0.060518
0.063420
0.086746
0.090315
0.093353
0.082150
0.073407
0.053237
0.066934
0.078533
0.074782
0.078911
0.079352
0.108795
0.073375
0.052351
0.079341
0.060585
0.053887
0.074859
0.059914
0.070006
0.062189
0.082642
0.085607
0.095395
0.089549
0.098913
0.101086
0.054783
0.080293
0.075096
0.063915
0.098719
0.090391
0.083583
0.085733
0.065963
0.060615
