1.773569
0.080114
0.083469
0.075027
0.070661
0.080591
0.084517
0.048312
0.080099
0.080835
0.092389
0.065680
0.106111
0.102554
0.082804
0.081261
0.092933
0.087281
0.078703
0.065889
0.088629
0.077575
0.071311
0.054055
0.090688
0.056362
0.076568
0.088065
0.054362
0.096332
0.097495
0.071790
0.077425
0.073215
0.073542
0.092891
0.064153
0.079827
0.065445
0.071530
0.089897
0.085112
0.065049
0.072613
0.073661
0.063123
0.096985
0.083549
0.073156
0.070427
0.088130
0.072258
0.080498
0.096613
0.063358
0.087516
0.072056
0.089385
0.057992
0.075967
0.089350
0.063179
0.070687
0.075197
0.059444
0.064546
0.074919
0.074303
0.063895
0.071535
0.070558
0.058915
0.040504
0.064677
0.075878
0.079511
0.077191
0.075834
0.077468
0.107650
0.085732
0.070799
0.078914
0.114847
0.088239
0.098511
0.099316
0.106298
0.100746
0.076026
0.110956
0.071661
0.087387
0.073044
0.056273
0.056720
0.066314
0.053404
0.058653
0.055461
0.091344
0.079799
0.081510
0.096836
0.115820
0.106337
0.081249
0.104696
0.069952
0.071913
0.104530
0.081820
0.088840
0.063867
0.097761
0.097641
0.083102
0.069698
0.096369
0.081515
0.103231
0.112314
0.082455
0.083496
0.076103
0.069795
0.082691
0.100550
0.112161
0.079600
0.095861
0.096060
0.078280
0.116233
0.098237
0.099743
0.074633
0.083937
0.090023
0.086145
0.096493
0.073498
0.065057
0.080964
0.092225
0.077454
0.065251
0.090777
0.057781
0.099720
0.073913
0.064635
0.070715
0.086623
0.055113
0.115561
0.091855
0.060191
0.061448
0.063967
0.092717
0.085468
0.085461
0.076772
0.100801
0.096089
0.079818
0.071547
0.064787
0.086166
0.091835
0.079425
0.090391
0.078468
0.072087
0.087329
0.071015
0.062747
0.062603
0.070249
0.092076
0.080594
0.070786
0.072124
0.080796
0.093996
0.093716
0.083238
0.080730
0.085695
0.087489
0.056671
0.081187
0.082574
0.071339
0.101737
0.086589
0.101763
0.064482
0.099451
0.102540
0.080657
0.073112
0.084549
0.078943
0.065407
0.093103
0.108042
0.092378
0.076360
0.101102
0.072231
0.046213
0.055958
0.090607
0.066253
0.079700
0.074173
0.077138
0.063457
0.111793
0.120044
0.073712
0.094513
0.057571
0.075046
0.066822
0.094743
0.098606
0.086205
0.076398
0.059360
0.055874
0.071684
0.049448
0.081507
0.074876
0.074038
0.067713
0.074264
0.075571
0.059061
0.068703
0.071777
0.086053
0.071506
0.065556
0.076291
0.083698
0.084445
0.078102
0.077778
0.089628
0.054261
0.050422
0.072701
0.081510
0.075314
0.089080
0.090369
0.129781
0.097126
0.073275
0.074128
0.076458
0.073505
0.055218
0.063948
0.081125
0.074849
0.088085
0.097185
0.050472
0.061405
0.051693
0.079467
0.108769
0.068623
0.071659
0.064517
0.059865
0.075164
0.060337
0.078471
0.050547
0.063003
0.054784
0.067800
0.083875
0.090255
0.132233
0.100502
0.110752
0.107949
0.063660
0.084220
0.095507
0.100819
0.055549
0.062636
0.074759
0.058595
0.052076
0.056528
0.068485
0.072870
0.077340
0.090848
0.081215
0.079996
0.088961
0.071076
0.058537
0.070757
0.087047
0.092539
0.062975
0.084295
0.062761
0.072719
0.077450
0.079156
0.073349
0.050587
0.060924
0.086679
0.064650
0.056320
0.072000
0.072443
0.096014
0.076681
0.096621
0.072256
0.089108
0.058224
0.058627
0.068314
0.089876
0.070355
0.094619
0.079310
0.091107
0.084061
0.087160
0.062654
0.068797
0.086138
0.082572
0.063406
0.079190
