1.735435
0.068907
0.067703
0.069129
0.072712
0.077093
0.051512
0.061435
0.100601
0.075272
0.079351
0.056110
0.065051
0.056234
0.080220
0.060033
0.063702
0.072233
0.079626
0.096315
0.067632
0.082286
0.057635
0.065172
0.075840
0.068307
0.053688
0.068877
0.068088
0.073428
0.091519
0.056483
0.069499
0.075561
0.054381
0.087877
0.069463
0.065478
0.078488
0.080844
0.085146
0.071455
0.080970
0.075385
0.102464
0.093456
0.085670
0.081490
0.092818
0.087605
0.092443
0.062451
0.080288
0.063425
0.086960
0.052006
0.089446
0.101194
0.074789
0.084978
0.092287
0.065805
0.081035
0.056241
0.080259
0.083912
0.059613
0.072537
0.058734
0.066371
0.072073
0.060226
0.083923
0.057317
0.053402
0.068137
0.079437
0.066738
0.068341
0.055454
0.081487
0.055449
0.061653
0.079139
0.074114
0.065913
0.064897
0.068036
0.096768
0.075283
0.105868
0.082865
0.103407
0.078263
0.093939
0.068424
0.061755
0.067703
0.087548
0.080734
0.072203
0.085725
0.074203
0.082543
0.079355
0.080857
0.065950
0.073895
0.067270
0.069169
0.099906
0.079543
0.063713
0.077393
0.083980
0.050583
0.064157
0.066175
0.054141
0.098321
0.097736
0.077919
0.093730
0.060275
0.070423
0.054056
0.081683
0.075142
0.059809
0.084010
0.107500
0.095121
0.088223
0.098613
0.081327
0.079666
0.059910
0.087653
0.077995
0.074366
0.070657
0.080487
0.068811
0.088145
0.079029
0.087900
0.088519
0.075148
0.075464
0.086829
0.107385
0.101117
0.068866
0.098878
0.083422
0.100293
0.098491
0.083642
0.086503
0.048550
0.083441
0.059175
0.043261
0.079277
0.084111
0.096637
0.052533
0.070543
0.094384
0.075436
0.071648
0.087312
0.089679
0.111913
0.099226
0.113268
0.095496
0.079647
0.064161
0.083238
0.082281
0.082973
0.071764
0.064244
0.055288
0.057951
0.072730
0.058169
0.048722
0.055308
0.083377
0.067146
0.096308
0.086283
0.080839
0.064333
0.070134
0.077573
0.085951
0.089841
0.118984
0.080583
0.089655
0.078442
0.089345
0.073640
0.070265
0.073489
0.061565
0.082114
0.103112
0.053866
0.055846
0.051121
0.080188
0.073459
0.069947
0.062560
0.073839
0.075275
0.075872
0.076531
0.073455
0.075155
0.077549
0.101251
0.088231
0.049576
0.057715
0.051349
0.084666
0.084665
0.076088
0.071276
0.093814
0.075799
0.073209
0.096856
0.065356
0.100414
0.115287
0.103323
0.087806
0.088446
0.061174
0.070040
0.059745
0.056415
0.075384
0.072111
0.070314
0.071814
0.064105
0.072310
0.066690
0.078088
0.075598
0.062025
0.085354
0.069002
0.075765
0.074209
0.082803
0.061474
0.068089
0.064306
0.084379
0.087101
0.067974
0.063219
0.074881
0.058520
0.050524
0.065889
0.058540
0.082742
0.071383
0.073349
0.073633
0.078352
0.085788
0.079290
0.080793
0.066415
0.072147
0.062297
0.075962
0.068133
0.071972
0.062253
0.084220
0.067255
0.097167
0.045547
0.057410
0.069503
0.062247
0.090647
0.062439
0.057814
0.093644
0.056424
0.068162
0.073931
0.093674
0.074881
0.080481
0.104800
0.064817
0.102615
0.077942
0.069779
0.090132
0.094089
0.066149
0.071386
0.055549
0.071086
0.102997
0.052279
0.082377
0.055325
0.068751
0.077888
0.055399
0.092494
0.064799
0.106215
0.084877
0.075629
0.084318
0.085880
0.073908
0.067629
0.096366
0.077600
0.081681
0.075847
0.072294
0.067106
0.078591
0.047070
0.048813
0.062951
0.073126
0.078089
0.065374
0.063793
0.094041
0.057150
0.101286
0.081986
0.086107
0.084841
0.068111
0.076191
0.074265
0.045021
0.071096
0.055880
0.080950
0.070540
0.077798
0.066549
0.117438
0.061849
0.059307
0.093505
0.071684
0.081659
0.077815
0.077099
0.073722
0.067655
0.089246
0.068629
0.066997
0.046105
0.076408
0.054918
0.094458
0.088205
0.073338
0.071100
0.085825
0.086211
0.059371
0.067227
0.059472
0.086275
0.100322
0.098523
0.084226
0.077392
0.058714
0.071945
0.078717
0.062970
0.074667
0.092105
