1.770876
0.077500
0.084504
0.057605
0.082733
0.070387
0.072793
0.084820
0.056119
0.065154
0.086673
0.090358
0.077045
0.067569
0.067533
0.096421
0.080001
0.100395
0.080198
0.089573
0.103774
0.064121
0.046282
0.076079
0.096363
0.071464
0.070158
0.070550
0.083315
0.058867
0.092637
0.067810
0.067591
0.054620
0.093983
0.129953
0.102510
0.058962
0.100314
0.062741
0.088481
0.099712
0.098671
0.122869
0.111048
0.051911
0.096947
0.083769
0.093513
0.066660
0.096049
0.110885
0.086885
0.099083
0.099859
0.072311
0.060251
0.070140
0.117456
0.110219
0.086769
0.070886
0.090225
0.084497
0.096737
0.093609
0.081062
0.068923
0.098750
0.124480
0.133239
0.101962
0.150547
0.114635
0.121396
0.113168
0.067585
0.094614
0.045317
0.058458
0.110117
0.066704
0.056216
0.077285
0.076767
0.077033
0.063151
0.065301
0.072907
0.109418
0.110825
0.080801
0.089311
0.102254
0.065087
0.052864
0.045868
0.047196
0.073506
0.105409
0.088358
0.097270
0.097728
0.050202
0.043697
0.115407
0.055585
0.079186
0.072553
0.074710
0.081713
0.063479
0.064494
0.066916
0.075984
0.069214
0.051507
0.063452
0.080354
0.081856
0.086063
0.109743
0.081416
0.053281
0.048225
0.083917
0.072477
0.100619
0.098903
0.069206
0.098313
0.097445
0.092882
0.071359
0.069443
0.071947
0.094098
0.081720
0.099092
0.080519
0.107656
0.068480
0.075055
0.078283
0.072476
0.074860
0.060248
0.048903
0.097355
0.079061
0.091782
0.073345
0.087843
0.058466
0.056659
0.069768
0.084946
0.088387
0.060636
0.067261
