1.757823
0.079001
0.063095
0.068307
0.108653
0.101824
0.099608
0.078844
0.057346
0.076055
0.088419
0.060727
0.048910
0.041959
0.050939
0.058326
0.055595
0.072316
0.043845
0.068404
0.092520
0.066766
0.078366
0.101814
0.079294
0.093554
0.074378
0.080132
0.122838
0.084203
0.093055
0.102941
0.087462
0.117010
0.115525
0.092282
0.052919
0.070516
0.066628
0.074160
0.065769
0.066881
0.071337
0.055333
0.078744
0.085747
0.098877
0.114343
0.071642
0.108844
0.109202
0.078589
0.114036
0.100751
0.068620
0.087480
0.090588
0.088019
0.082393
0.050158
0.077947
0.078249
0.058161
0.097946
0.078024
0.072617
0.068849
0.101373
0.085975
0.067187
0.114953
0.091334
0.090614
0.092902
0.082141
0.090952
0.095941
0.074156
0.092955
0.085565
0.112288
0.078673
0.110256
0.072788
0.089902
0.089090
0.105467
0.091427
0.097993
0.110546
0.110697
0.091707
0.104546
0.085785
0.078239
0.099054
0.106784
0.062687
0.059220
0.106211
0.100184
0.073059
0.084814
0.078551
0.045431
0.092731
0.063964
0.041069
0.073015
0.065577
0.133214
0.074486
0.044559
0.073876
0.069229
0.075218
0.071967
0.062146
0.075041
0.074180
0.098813
0.093584
0.069002
0.075128
0.057511
0.041193
0.059276
0.059039
0.079802
0.092237
0.087177
0.078330
0.057904
0.071664
0.083228
0.059165
0.082703
0.107621
0.088105
0.082599
0.089451
0.087073
0.088622
0.074798
0.061911
0.071898
0.078349
0.105649
0.069182
0.056960
0.086507
0.062255
0.059053
0.083564
0.085457
0.062608
0.060943
0.069090
0.065030
0.061980
0.080859
0.122524
0.071466
0.087077
0.079489
0.068450
0.069937
0.071763
0.069753
0.095644
0.073783
0.035709
0.046164
0.053907
0.080457
0.068079
0.091399
0.056476
0.097106
0.082509
0.071277
0.080065
0.069024
0.056814
0.070185
0.091909
0.093326
0.085523
0.065868
0.062557
0.089182
0.086486
0.066137
0.108227
0.070075
0.102537
0.069439
0.080271
0.116061
0.089197
0.084009
0.094526
0.093851
0.101427
0.079372
0.053372
0.065913
0.069295
0.094447
0.056790
0.091145
0.087913
0.097173
0.082254
0.081409
0.055418
0.053209
0.083874
0.104593
0.081352
0.088962
0.087765
0.076207
0.077313
0.067748
0.078828
0.045177
0.077699
0.044391
0.069081
0.103214
0.068666
0.073006
0.074105
0.092977
0.053317
0.053250
0.070996
0.035557
0.072002
0.098907
0.057521
0.101159
0.065703
0.086210
0.055227
0.060172
0.052672
0.053645
0.059545
0.108648
0.060654
0.078415
0.052783
0.053427
0.093621
0.072078
0.069183
0.056465
0.074467
0.112466
0.078192
0.078912
0.086203
0.078568
0.057276
0.070112
0.078607
0.066157
0.077284
0.097084
0.059541
0.065965
0.085566
0.095005
0.114035
0.080854
0.075857
0.104436
0.081105
0.071725
0.104453
0.084989
0.072672
0.107854
0.085083
0.090737
0.097064
0.097488
0.059294
0.076205
0.082079
0.097086
0.059043
0.088181
0.067435
0.059060
0.062619
0.053180
0.072328
0.086935
0.052725
0.091845
0.076626
0.086969
0.097296
0.083643
0.095245
0.064740
0.065566
0.096442
0.065582
0.060287
0.059479
0.064521
0.072611
0.098503
0.062716
0.084996
0.067299
0.070387
0.075271
0.085345
0.091170
0.099657
0.065922
0.083054
0.107058
0.081618
0.078656
0.105633
0.108447
0.073182
0.080223
0.090760
0.067586
0.087314
0.078531
0.081026
0.070558
0.091056
0.054220
0.061320
0.051395
0.067953
0.091288
0.059541
0.058576
0.069796
0.060721
0.082949
0.064756
0.056502
0.069634
0.093524
0.072773
0.054091
0.044957
0.067906
0.050684
0.090238
0.046520
0.049111
0.060767
0.051186
0.062039
0.078562
0.057835
0.065285
0.049863
0.079060
0.057559
0.074908
0.081753
0.100349
0.076135
0.058926
0.054039
0.079961
0.082789
0.076538
0.090827
0.086595
0.064440
0.091854
0.074609
0.130763
0.083625
0.086032
0.091779
0.111811
0.085964
0.068985
0.080218
0.074923
0.063802
0.092591
0.080024
0.080902
0.073772
0.079709
0.082186
0.061666
0.067559
0.061196
0.064525
0.084760
0.066811
0.081119
0.079141
0.120087
0.111050
0.078307
0.080043
0.096472
0.097762
0.072461
0.056831
0.059814
0.081377
0.093831
0.069802
0.062484
0.070788
0.054408
0.071725
0.067977
0.070129
0.091217
0.075270
0.082089
0.054743
0.085968
0.070787
0.074685
