1.834322
0.081372
0.052618
0.063845
0.059275
0.062718
0.065403
0.067563
0.060478
0.070076
0.094545
0.068177
0.074866
0.083676
0.078266
0.059477
0.061391
0.089885
0.080442
0.074237
0.088925
0.061968
0.063011
0.088835
0.095688
0.105767
0.051746
0.079462
0.073801
0.091825
0.074728
0.086990
0.072965
0.050800
0.062891
0.080337
0.060374
0.080406
0.083740
0.065821
0.102395
0.076800
0.072167
0.070941
0.067424
0.065686
0.072185
0.081485
0.076872
0.047884
0.067219
0.066767
0.061607
0.072555
0.067842
0.075812
0.093254
0.069933
0.083580
0.069262
0.092494
0.050296
0.082686
0.070659
0.080710
0.061334
0.068437
0.067987
0.085584
0.078488
0.085330
0.083957
0.094866
0.092777
0.097160
0.064769
0.075325
0.069926
0.071279
0.057103
0.096689
0.065844
0.072929
0.091475
0.092883
0.054708
0.074152
0.072962
0.055423
0.071262
0.069437
0.051028
0.060017
0.061017
0.059777
0.052402
0.065092
0.064005
0.068546
0.071933
0.094922
0.067414
0.069948
0.058351
0.075720
0.066543
0.066984
0.076626
0.076384
0.097627
0.100584
0.087778
0.099026
0.061251
0.067831
0.059614
0.068777
0.088159
0.069854
0.068903
0.092511
0.068730
0.085888
0.074702
0.051587
0.092374
0.065141
0.082845
0.061553
0.079086
0.090213
0.070450
0.060299
0.080173
0.070636
0.062624
0.066598
0.065563
0.088403
0.078567
0.088981
0.064859
0.074199
0.094232
0.061898
0.070565
0.097083
0.072457
0.075102
0.067945
0.093633
0.091431
0.078951
0.066422
0.061247
0.057009
0.057577
0.056953
0.078387
0.052226
0.066063
0.052624
0.052856
0.072988
0.070079
0.080146
0.057053
0.079739
0.050511
0.066009
0.097448
0.076947
0.061847
0.063643
0.045743
0.074891
0.066962
0.079080
0.050411
0.073541
0.068766
0.057926
0.078794
0.042728
0.081537
0.092265
0.060681
0.072510
0.046243
0.091672
0.139032
0.067081
0.062797
0.071002
0.069686
0.070719
0.070735
0.067591
0.051593
0.055758
0.078964
0.084604
0.107713
0.095270
0.105910
0.085422
0.098839
0.074489
0.087732
0.090602
0.097590
0.086517
0.107709
0.109704
0.114103
0.111329
0.097492
0.090302
0.089423
0.094467
0.076757
0.051517
0.066596
0.047013
0.057540
0.055894
0.069590
0.065708
0.055540
0.092217
0.093817
0.066556
0.072727
0.063598
0.072254
0.080462
0.058783
0.084936
0.058737
0.055356
0.087009
0.068774
0.072498
0.076592
0.088355
0.071344
0.069189
0.061872
0.069142
0.070055
0.103079
0.082630
0.109374
0.095880
0.114618
0.103956
0.083528
0.071547
0.068440
0.081638
0.086858
0.066124
0.062061
0.077832
0.069525
0.080237
0.071119
0.093571
0.087361
0.073255
0.089095
0.090223
0.080341
0.070837
0.084043
0.090925
0.087110
0.063892
0.065617
0.063193
0.093312
0.060303
0.077856
0.088246
0.073510
0.074810
0.065838
0.083592
0.080827
0.064409
0.073622
0.071568
0.078057
0.053614
0.066756
0.052263
0.069228
0.073617
0.092568
0.084098
0.094738
0.089687
0.113010
0.080851
0.076386
0.071054
0.080064
0.078221
0.094534
0.069680
0.109744
0.060894
0.075353
0.067999
0.077251
0.069283
0.082072
0.072657
0.043743
0.057639
0.082459
0.093635
0.069174
0.087896
0.087366
0.060233
0.077363
0.061611
0.062749
0.050871
0.082716
0.060438
0.068652
0.090628
0.076932
0.059925
0.066425
0.075237
0.068758
0.100661
0.131347
0.106107
0.094656
0.085007
0.093460
0.104212
0.078194
0.082453
0.074025
0.069378
0.076263
0.092976
0.050743
0.088691
0.082226
0.106480
0.100039
0.108389
0.083384
0.094814
0.113838
0.090128
0.071647
0.081319
0.083198
0.070961
0.079547
0.082182
0.071777
0.070833
0.091550
0.078932
0.074995
0.054863
0.064288
0.064825
0.060328
0.074935
0.082818
0.091128
0.100857
0.063036
0.058131
0.093479
0.056407
0.068138
0.068052
0.067742
0.054217
0.062321
0.094424
0.087772
0.086683
0.064114
0.070514
0.087715
0.063332
0.068299
0.047992
0.066490
0.072834
0.082418
0.088137
0.075256
0.073628
0.082019
0.076459
0.102260
0.089543
0.088464
0.072680
0.103210
0.089911
0.078724
0.088868
0.126388
0.090533
0.083783
0.098261
0.097836
0.103719
0.069133
0.088376
0.099792
0.084683
0.083801
0.071254
0.061108
0.065234
0.080396
0.078897
0.069431
0.065352
0.058384
0.074537
0.087285
0.075964
0.059022
0.051617
0.075586
0.094748
0.055309
0.046700
0.055311
0.071798
0.050632
0.060507
0.040810
0.057023
0.065573
0.091833
0.076561
0.068203
0.080412
0.088192
0.086081
0.074676
0.059790
0.060176
0.064105
0.099016
0.054042
0.078528
0.109450
0.079815
0.089082
0.106066
0.087844
0.105451
0.067780
0.121129
0.065053
0.072643
