1.759858
0.073390
0.064453
0.108752
0.087418
0.082987
0.080573
0.056665
0.062187
0.071547
0.099334
0.086227
0.100368
0.064785
0.076799
0.084053
0.107137
0.075894
0.102952
0.051152
0.076891
0.082906
0.081619
0.070575
0.064495
0.064564
0.091582
0.086451
0.103919
0.094447
0.121848
0.081720
0.079961
0.091597
0.068573
0.066863
0.064477
0.074645
0.092289
0.065158
0.104061
0.086539
0.093829
0.086949
0.094011
0.111957
0.097599
0.087923
0.068932
0.061880
0.082870
0.079054
0.087210
0.068513
0.083026
0.085305
0.062183
0.082561
0.049074
0.064749
0.084311
0.061369
0.103054
0.090905
0.076831
0.078940
0.083491
0.090033
0.087953
0.081428
0.096349
0.079776
0.076555
0.086834
0.069882
0.064894
0.057798
0.056468
0.082470
0.096004
0.080709
0.061254
0.069135
0.070410
0.093710
0.068292
0.078676
0.086940
0.103503
0.094546
0.099965
0.053076
0.095344
0.104516
0.080134
0.097038
0.110020
0.074631
0.079000
0.063971
0.098047
0.094635
0.058217
0.060068
0.085414
0.067843
0.077877
0.073460
0.067463
0.068457
0.085685
0.055628
0.065841
0.079738
0.074867
0.081743
0.079304
0.077755
0.055597
0.064341
0.065245
0.051864
0.077321
0.075615
0.075392
0.078733
0.079555
0.096718
0.046639
0.056188
0.088648
0.088101
0.074793
0.085089
0.063508
0.073223
0.064466
0.065206
0.073252
0.087151
0.090265
0.081953
0.067565
0.082922
0.076536
0.082802
0.081805
0.057664
0.088893
0.070652
0.081815
0.077301
0.063441
0.074331
0.075257
0.059792
0.074780
0.065710
0.076175
0.069599
0.106688
0.040004
0.082736
0.065392
0.109843
0.094135
0.076572
0.066228
0.077438
0.090567
0.100482
0.069768
0.080724
0.063992
0.059476
0.055901
0.072298
0.086344
0.082227
0.067194
0.082378
0.091765
0.076288
0.059635
0.055379
0.071024
0.068741
0.066741
0.062520
0.054727
0.100925
0.080263
0.076119
0.050127
0.057483
0.103493
0.080375
0.104560
0.076059
0.102446
0.093951
0.062993
0.048921
0.054388
0.091933
0.067990
0.086589
0.086668
0.068868
0.072151
0.095819
0.075262
0.052744
0.070319
0.116776
0.121043
0.093983
0.083283
0.077806
0.076264
0.086690
0.076566
0.056581
0.061690
0.076422
0.069392
0.092755
0.086520
0.086816
0.077059
0.104493
0.097675
0.087317
0.074891
0.079597
0.075802
0.071100
0.061968
0.059300
0.071699
0.092646
0.058648
0.058241
0.053139
0.053582
0.069144
0.067045
0.079550
0.053804
0.066711
0.079661
0.052906
0.086820
0.097180
0.115081
0.082379
0.079427
0.061225
0.072854
0.085637
0.113828
0.064813
0.073476
0.099113
0.091183
0.092080
0.127235
0.081403
0.100210
0.082146
0.095841
0.059899
0.080768
0.075290
0.072924
0.092226
0.078366
0.069345
0.081037
0.090619
0.071541
0.069227
0.074498
0.091052
0.125257
0.092050
0.093699
0.094468
0.103868
0.066859
0.100240
0.079885
0.059517
0.086606
0.084465
0.076569
0.063242
0.064130
0.064519
0.055863
0.095646
0.070973
0.067249
0.089429
0.083568
0.085838
0.091582
0.097163
0.073500
0.107850
0.108234
0.072015
0.085240
0.066828
0.064544
0.074243
0.077076
0.090338
0.073773
0.070857
0.107478
0.075170
0.072739
0.065985
0.076813
0.093431
0.084904
0.074121
0.070303
0.092048
0.090883
0.061967
0.079371
0.076584
0.068655
0.074917
0.060852
0.082139
0.075320
0.059757
0.092126
0.055292
0.061876
0.062544
0.060818
0.079517
0.074838
0.083974
0.054871
0.073492
0.093856
0.075042
0.064895
0.066751
0.077284
0.065484
0.064097
0.100465
0.083133
0.072999
0.091567
0.068892
0.096077
0.071594
0.069026
0.082192
0.056419
0.059552
0.078640
0.061364
0.088995
0.082383
0.082367
0.060835
0.070771
0.088501
0.077609
0.074027
0.055819
0.062900
0.107409
0.111706
0.094552
0.105996
0.107127
0.101618
0.107073
0.082452
0.081768
0.068748
0.071968
0.098934
0.079408
0.065636
0.049747
0.066905
0.079797
0.068882
0.102567
0.099580
0.077474
0.079298
0.081901
0.081234
0.085277
0.077976
0.097728
0.083388
0.082456
0.083790
0.086015
0.072829
0.072345
0.081214
0.044640
0.090422
0.076465
0.073682
0.068166
0.055827
0.111970
0.076600
0.065479
0.089313
0.073888
0.091665
0.054976
0.090596
0.079857
0.071492
0.072645
0.074175
0.096160
0.057863
0.077372
0.107537
0.066522
0.070503
0.077714
0.048992
0.097403
0.079995
0.072133
0.092418
0.085006
0.066582
0.067068
0.102714
0.110394
0.064656
0.114250
0.073741
0.079895
0.091951
0.058866
0.057008
0.079723
0.051326
0.074190
0.081435
0.091741
0.091763
0.079899
0.073071
0.081395
0.085733
0.075409
0.088660
0.083745
0.059064
0.089630
0.079776
0.068773
