1.767654
0.084035
0.071031
0.080878
0.065995
0.062905
0.076345
0.064599
0.086854
0.093460
0.078097
0.056370
0.089145
0.082895
0.078016
0.073282
0.060228
0.072237
0.066677
0.070120
0.088512
0.088285
0.091109
0.086676
0.081286
0.061206
0.060812
0.056856
0.053218
0.054468
0.091339
0.067669
0.059958
0.080251
0.038381
0.094619
0.055796
0.053046
0.059010
0.104213
0.100355
0.080477
0.058449
0.067641
0.054613
0.049813
0.076751
0.066622
0.056279
0.051183
0.078314
0.048547
0.064179
0.063191
0.056140
0.074963
0.063849
0.068915
0.070747
0.075556
0.077981
0.082443
0.083776
0.062217
0.079772
0.056966
0.061255
0.049149
0.058251
0.046917
0.078544
0.048956
0.062996
0.047094
0.073879
0.079505
0.058257
0.080823
0.076324
0.075725
0.072604
