1.763341
0.069483
0.069444
0.068581
0.063033
0.055447
0.098276
0.066161
0.058469
0.059971
0.101054
0.068095
0.072526
0.067171
0.085742
0.081995
0.100749
0.072339
0.067699
0.082497
0.084108
0.076701
0.072202
0.069438
0.050371
0.049682
0.062664
0.071698
0.069277
0.077100
0.081766
0.062858
0.073138
0.064524
0.062895
0.076887
0.082767
0.067841
0.072060
0.062559
0.090165
0.071365
0.062078
0.055012
0.065233
0.066173
0.070984
0.052236
0.055421
0.063345
0.086812
0.087895
0.100338
0.100711
0.043501
0.070079
0.075001
0.069033
0.078174
0.078238
0.116958
0.082159
0.075853
0.086708
0.077347
0.066601
0.060328
0.070916
0.085652
0.072665
0.089661
0.070415
0.085826
0.096588
0.084924
0.082857
0.082469
0.089931
0.097512
0.055949
0.083219
0.072564
0.072746
0.074690
0.089733
0.051760
0.051160
0.075937
0.054479
0.072486
0.083924
0.098152
0.104197
0.090604
0.108344
0.094589
0.090272
0.084866
0.056414
0.133453
0.083997
0.099759
0.075987
0.050730
0.102080
0.074780
0.105917
0.090169
0.098391
0.114825
0.110413
0.100012
0.062536
0.100264
0.096529
0.082226
0.112224
0.073862
0.085153
0.075096
0.073529
0.047960
0.072839
0.135879
0.083910
0.072604
0.064542
0.103511
0.073251
0.089198
0.092702
0.104422
0.097775
0.075720
0.067073
0.069097
0.095399
0.055763
0.103313
0.060670
0.110753
0.071249
0.073845
0.072358
0.074367
0.054183
0.053749
0.054573
0.072210
0.072206
0.096446
0.049910
0.055659
0.088042
0.055162
0.080562
0.073817
0.077439
0.077727
0.092055
0.095262
0.078977
0.074924
0.064402
0.054934
0.057632
0.073606
0.080094
0.054052
0.055548
0.103037
0.079150
0.086506
0.081630
0.048712
0.092593
0.070902
0.062215
0.073683
0.098515
0.107574
0.086114
0.074611
0.084144
0.074692
0.078074
0.087709
0.069852
0.060551
0.065389
0.090484
0.082502
0.035238
0.067078
0.083757
0.079097
0.042144
0.067356
0.059394
0.087938
0.075821
0.063994
0.111497
0.077917
0.082659
0.075087
0.059197
0.058883
0.057882
0.066633
0.079093
0.060026
0.070452
0.080596
0.075154
0.075799
0.082827
0.052927
0.077039
0.069837
0.074044
0.067341
0.080062
0.096597
0.100750
0.079667
0.071088
0.077540
0.043130
0.074859
0.092531
0.068744
0.077168
0.077590
0.078594
0.072813
0.081540
0.076298
0.061800
0.057429
0.080543
0.077131
0.086766
0.073361
0.081645
0.062994
0.083016
0.097152
0.055351
0.056888
0.090719
0.095418
0.070553
0.085632
0.057696
0.062051
0.071231
0.055093
0.058424
0.077937
0.093080
0.069913
0.052515
0.065620
0.078650
0.068961
0.051364
0.051810
0.069691
0.082725
0.108840
0.058150
0.080048
0.062861
0.074316
0.072582
0.060167
0.068421
0.074047
0.067352
0.087216
0.062679
0.086249
0.065334
0.061454
0.049203
0.065726
0.082662
0.053875
0.063042
0.076780
0.087473
0.088372
0.071525
0.068389
0.067142
0.081197
0.073420
0.091899
0.090921
0.096631
0.079756
0.079859
0.077793
0.078982
0.056854
0.082128
0.076689
0.090191
0.066915
0.111087
0.087514
0.059021
0.074168
0.061563
0.042800
0.064840
0.056075
0.067387
0.064645
0.068091
0.068628
0.075799
0.060410
0.042660
0.074277
0.076349
0.059847
0.054529
0.049411
0.078130
0.074157
0.060329
0.071925
0.090157
0.072127
0.077683
0.071162
0.058413
0.049309
0.068006
0.062054
0.056112
0.074768
0.085240
0.067871
0.063383
0.073460
0.073396
0.077066
0.120647
0.094679
0.085883
0.058939
0.061862
0.080008
0.066643
0.050592
0.073947
0.073497
0.083369
0.056321
0.061230
0.059851
0.083734
0.087235
0.067171
0.067087
0.078818
0.057296
0.106114
0.062611
0.068027
0.075164
0.062875
0.057521
0.060881
0.080884
0.096818
0.063409
0.091952
0.084037
0.077500
0.042348
0.091305
0.062184
0.066429
0.089799
0.092030
0.078047
0.083097
0.070958
