1.737661
0.070168
0.066164
0.086276
0.069914
0.051911
0.089976
0.077853
0.077220
0.077587
0.099064
0.053478
0.075262
0.082949
0.088968
0.084911
0.085728
0.090451
0.083589
0.073369
0.099082
0.056671
0.062263
0.081364
0.075311
0.077802
0.090313
0.044653
0.064056
0.069784
0.071965
0.062011
0.069319
0.064461
0.071621
0.063850
0.052693
0.057912
0.096054
0.084811
0.085972
0.076797
0.084050
0.095092
0.074176
0.066497
0.079227
0.094596
0.085014
0.071723
0.068990
0.081844
0.095152
0.091475
0.084677
0.071839
0.101020
0.084333
0.073122
0.088998
0.089567
0.101595
0.043698
0.056935
0.065057
0.106224
0.079947
0.068824
0.101600
0.089870
0.067564
0.072351
0.065687
0.061484
0.080880
0.074376
0.067171
0.060456
0.055199
0.069702
0.074432
0.078924
0.086941
0.087677
0.057293
0.067116
0.071134
0.074718
0.061052
0.056268
0.080808
0.064797
0.076806
0.067850
0.071933
0.081368
0.076078
0.044982
0.058395
0.062441
0.070333
0.076701
0.080081
0.063008
0.079282
0.086576
0.094695
0.118329
0.112195
0.087198
0.087380
0.066259
0.056846
0.083637
0.063196
0.057700
0.082196
0.072087
0.062352
0.070081
0.089403
0.060964
0.053949
0.077326
0.075246
0.058336
0.065335
0.050742
0.055468
0.062885
0.080438
0.066588
0.086983
0.059608
0.072187
0.055191
0.100783
0.078754
0.059172
0.046422
0.069129
0.065894
0.065312
0.072934
0.056419
0.066594
0.092923
0.076946
0.117874
0.069643
0.073914
0.081573
0.088546
0.091162
0.055080
0.059238
0.060573
0.074330
0.065295
0.073631
0.080112
0.071728
0.064088
0.056243
0.096410
0.072824
0.055791
0.055192
0.054392
0.065039
0.096828
0.101673
0.086342
0.065764
0.068439
