1.794247
0.082988
0.054652
0.055081
0.072381
0.059703
0.077212
0.060072
0.073360
0.082474
0.112380
0.093485
0.073359
0.070421
0.061348
0.047574
0.070571
0.061357
0.059547
0.078385
0.098016
0.083682
0.074080
0.061483
0.070335
0.064855
0.058455
0.091792
0.068972
0.063418
0.076145
0.061450
0.059721
0.050520
0.049793
0.052906
0.066574
0.070506
0.076356
0.074526
0.107854
0.086223
0.052773
0.064228
0.069687
0.070059
0.058201
0.070768
0.080842
0.059156
0.089001
0.067276
0.069016
0.077008
0.053249
0.068516
0.065914
0.053145
0.070746
0.061217
0.105461
0.063633
0.090464
0.090946
0.072016
0.070992
0.064105
0.062233
0.062803
0.059024
0.097717
0.070506
0.056859
0.081778
0.075876
0.072817
0.081062
0.086702
0.062561
0.069657
0.090550
0.069573
0.078045
0.071851
0.092918
0.100848
0.074307
0.064563
0.069891
0.076294
0.091317
0.057582
0.059812
0.064429
0.065335
0.041096
0.071570
0.082903
0.074831
0.070276
0.091202
0.062495
0.055665
0.067549
0.065640
0.060267
0.057995
0.063415
0.058095
0.066120
0.084522
0.069501
0.059134
0.054444
0.055533
0.063030
0.062132
0.069694
0.056674
0.064766
0.084326
0.070152
0.067882
0.068458
0.083346
0.081141
0.066428
0.068841
0.051166
0.063348
0.093093
0.067803
0.051315
0.050716
0.063909
0.055570
0.060150
0.065389
0.067945
0.093989
0.072490
0.073680
0.069791
0.058962
0.055577
0.072013
0.065864
0.065781
0.067344
0.066926
0.107882
0.095303
0.073799
0.061621
0.059039
0.078010
0.069379
0.091898
0.098935
0.093684
0.082310
0.066179
0.071941
0.065520
0.071766
0.057084
0.061759
0.072997
0.077442
0.073927
0.071855
0.079701
0.082979
0.092357
0.086822
0.068538
0.073317
0.059833
0.073259
0.076344
0.092854
0.089188
0.088472
0.073111
0.065249
0.086121
0.070392
0.069838
0.097734
0.066080
0.100478
0.075045
0.063310
0.048860
0.057249
0.058215
0.078387
0.055321
0.081696
0.080429
0.092005
0.075370
0.074526
0.069474
0.084277
0.074924
0.066170
0.101612
0.081784
0.063643
0.106593
0.066110
0.066720
0.062261
0.055505
0.072193
0.059065
0.062117
0.060101
0.054953
0.080937
0.086320
0.084086
0.068097
0.062524
0.063337
0.052715
0.068218
0.090914
0.060971
0.086754
0.060987
0.063586
0.086205
0.053483
0.070084
0.069002
0.072168
0.048534
0.058406
0.093038
0.082561
0.061560
0.066142
0.049770
0.054048
0.055355
0.088500
0.081865
0.049711
0.079379
0.072475
0.045413
0.054616
0.080440
0.076710
0.067057
0.083538
0.048959
0.086529
0.110264
0.085819
0.059410
0.070155
0.104267
0.105731
0.051635
0.067752
0.080838
0.071996
0.082922
0.064941
0.068344
0.060859
0.079362
0.092264
0.104152
0.067551
0.080643
0.070392
0.113222
0.078898
0.069823
0.068583
0.091767
0.050243
0.060905
0.063179
0.072891
0.069012
0.096457
0.081717
0.066370
0.086468
0.089023
0.071667
0.076698
0.070493
0.085734
0.069367
0.087291
0.076209
0.060209
0.064183
0.061052
0.060368
0.067466
0.062894
0.077604
0.083292
0.089113
0.060596
0.051891
0.066417
0.043083
0.049998
0.047533
0.062111
0.059098
0.055418
0.080835
0.081670
0.052095
0.069369
0.044317
0.069808
0.102243
0.082048
0.060276
0.084886
0.082238
0.045455
0.059397
0.075019
0.072411
0.067631
0.076141
0.057984
0.079785
0.079776
0.107479
0.053571
0.077862
0.054739
0.089602
0.079368
0.092792
0.052601
0.071049
0.061363
0.070949
0.069951
0.066321
0.074115
0.061184
0.082040
0.058234
0.068208
0.076917
0.057779
0.093165
0.061319
0.072919
0.061693
0.050618
0.077569
0.095307
0.084761
0.101247
0.081603
0.106361
0.058526
0.062704
0.072102
0.069741
0.080993
