1.806452
0.104422
0.082997
0.063451
0.087305
0.074744
0.053595
0.068270
0.053774
0.073990
0.091216
0.087389
0.112155
0.077496
0.094368
0.086062
0.102691
0.112378
0.084612
0.062632
0.108549
0.082444
0.092804
0.109498
0.112553
0.074152
0.065166
0.073328
0.075137
0.053658
0.080270
0.062085
0.061914
0.074281
0.065358
0.058746
0.046287
0.066801
0.053645
0.069474
0.079893
0.062696
0.065438
0.047104
0.048661
0.039018
0.042466
0.056781
0.067104
0.050591
0.067753
0.056802
0.042145
0.067313
0.062260
0.073904
0.055696
0.084070
0.051133
0.064768
0.065121
0.047913
0.056418
0.062535
0.056193
0.054217
0.067348
0.099492
0.076061
0.046349
0.072403
0.048863
0.052116
0.070832
0.090385
0.084217
0.067163
0.068038
0.069711
0.061261
0.063431
0.052760
0.071062
0.056916
0.054702
0.066883
0.063354
0.068365
0.039966
0.066876
0.086216
0.058096
0.072651
0.083747
0.073067
0.058432
0.101781
0.052573
0.059420
0.068323
0.093286
0.056569
0.050773
0.046459
0.064416
0.068669
0.053025
0.066227
0.079839
0.091578
0.089383
0.093294
0.092926
0.082937
0.068500
0.059571
0.066170
0.095382
0.068557
0.063407
0.108422
0.055496
0.078043
0.091000
0.060479
0.069862
0.064472
0.069908
0.078088
0.071132
0.094538
0.073688
0.102879
0.087890
0.132733
0.069082
0.077749
0.062590
0.039460
0.052933
0.093704
0.074502
0.066534
0.076077
0.099361
0.065591
0.055743
0.069664
0.084240
0.054370
0.099073
0.057344
0.092883
0.081224
0.069224
0.088851
0.101402
0.092745
0.079173
0.066332
0.077286
0.039619
0.062714
0.082298
0.112264
0.085771
0.075939
0.079703
0.078591
0.070283
0.099977
0.097701
0.045789
0.074560
0.079758
0.069115
0.056274
0.091602
0.079109
0.096921
0.103928
0.067540
0.093163
0.060866
0.079721
0.067096
0.050517
0.057406
0.084664
0.076741
0.094037
0.052323
0.061646
0.055718
0.057681
0.055380
0.061438
0.066311
0.077362
0.066519
0.069523
0.083411
0.055524
0.057562
0.060791
0.108646
0.106380
0.061545
0.086473
0.104283
0.098841
0.063557
0.073604
0.055239
0.058284
0.066776
0.065630
0.069645
0.095213
0.075853
0.084700
0.058315
0.057629
0.061671
0.067128
0.068340
0.082458
0.083671
0.082963
0.052752
0.094538
0.063335
0.071515
0.051765
0.063373
0.064063
0.087165
0.085252
0.088735
0.088095
0.085437
0.060740
0.068559
0.064336
0.071320
0.052187
0.073963
0.084368
0.101701
0.080397
0.097297
0.082144
0.072835
0.058518
0.064990
0.085996
0.056586
0.049770
0.054493
0.066448
0.076944
0.066813
0.069452
0.064169
0.046648
0.077342
0.069492
0.059806
0.079609
0.108254
0.121139
0.096343
0.103754
0.079500
0.062241
0.088573
0.060144
0.044270
0.073061
0.065288
0.094718
0.086798
0.073471
0.048349
0.063001
0.057175
0.062596
0.049542
0.059110
0.090045
0.103948
0.108861
0.101861
0.102691
0.100098
0.118148
0.080828
0.121316
0.109145
0.074660
0.061599
0.064779
0.084937
0.104963
0.075771
0.074615
0.070809
0.087602
0.085408
0.070212
0.096286
0.044239
0.058094
0.082102
0.065881
0.102856
0.071197
0.106790
0.059134
0.069736
0.113036
0.084663
0.083675
0.082027
0.089263
0.099282
0.100420
0.053450
0.085826
0.069598
0.076651
0.068106
0.052288
0.061326
0.071692
0.078259
0.065457
0.073574
0.086551
0.077734
0.110729
0.092140
0.077010
0.059017
0.059557
0.071059
0.087398
0.054204
0.046820
0.078804
0.064921
0.043212
0.077878
0.057376
0.095431
0.069277
0.068856
0.060962
0.059871
0.065276
0.066156
0.046376
0.069773
0.058756
0.106080
0.109294
0.084829
0.076478
0.067856
0.073393
0.098137
0.067421
0.078617
0.059852
0.056093
0.062184
0.048090
0.063853
0.082643
0.058337
0.104393
0.074795
0.089834
0.105066
0.081188
0.087081
0.054293
0.058651
0.084479
0.054463
0.071290
0.069357
0.072073
0.059887
0.073331
0.071631
0.052351
0.080010
0.068450
0.075089
0.081582
0.101779
0.069338
0.066244
0.088818
0.062463
0.063044
0.063604
0.083203
0.061269
0.090084
0.092183
0.069488
0.084978
0.122265
0.062103
0.053343
0.064978
0.046564
0.057758
0.084027
0.062429
0.086442
0.058267
0.044126
0.055732
0.071915
0.050132
0.043042
0.078114
0.094007
0.077681
0.064076
0.082486
0.070718
0.063853
0.088958
0.072519
0.069738
0.061233
0.099072
0.059783
0.063098
0.057286
0.100130
0.111130
0.113548
0.067368
0.081236
0.087734
0.086172
0.086832
0.085552
0.088399
0.079032
0.071398
0.084003
0.062888
0.066951
0.067894
0.075183
0.089508
0.089705
0.067920
0.054397
0.048951
0.063164
0.067417
0.066496
0.100417
0.098781
0.098064
0.057904
0.079185
0.096174
0.074215
0.067230
0.083065
0.073450
0.083978
0.085518
0.102822
0.073923
0.067016
0.060019
0.052399
0.065105
0.069452
0.084788
0.072398
0.085998
0.079302
0.073665
0.092532
0.044391
0.062206
0.077707
0.084620
0.055667
0.042058
0.084325
0.065399
0.067789
0.058174
0.053971
0.060360
0.060206
0.078855
0.069886
0.075684
0.090116
0.060715
0.048226
0.107584
0.059120
0.074581
0.061451
0.059575
0.066304
0.043841
0.076493
0.068637
0.094104
0.061531
0.049034
0.064024
0.041559
0.040033
0.067844
0.071253
0.095515
0.071718
0.077333
0.043627
0.051916
0.075098
0.081659
0.080402
0.048315
0.058192
0.065121
0.090132
0.088856
0.103915
0.082772
0.086303
0.071827
0.085963
0.074362
0.063099
0.079439
0.074007
0.077878
0.090067
0.083756
0.090714
0.128653
0.087854
0.081671
0.091947
0.106286
0.092159
0.089192
0.081767
0.119609
0.074641
0.094183
0.073365
0.078108
0.071930
0.073820
0.091639
0.067921
0.074993
0.076060
0.088202
0.075660
0.055102
0.069885
0.101192
0.106797
0.073461
0.079436
0.081400
0.086772
0.090525
0.086817
0.107144
0.105027
0.080053
0.077722
0.089368
0.086281
0.088343
0.053671
0.099681
0.056155
0.064541
0.068499
0.067523
0.114166
0.106056
0.117718
0.060290
0.076680
0.078833
0.095797
0.072221
0.053800
0.074850
0.102573
0.081703
0.085308
0.076013
0.096798
0.068273
0.088554
0.099665
0.057271
0.078499
0.080340
0.095290
0.063586
0.081078
0.064815
0.088269
0.060322
0.058089
0.062198
0.069742
0.090648
0.110605
0.061758
0.072269
0.087914
0.064108
0.091623
0.088703
0.126928
0.075965
0.084677
0.060421
0.059425
0.045912
0.058984
0.081410
0.092357
0.115257
0.064403
0.073754
0.071180
0.085396
0.074464
0.087691
0.124751
0.069324
0.089958
0.106248
0.068251
0.074775
0.098337
0.067952
0.048425
0.058636
0.044054
0.054534
0.097581
0.081661
0.094598
0.069504
0.070234
0.097372
0.094044
0.093084
0.086647
0.080917
0.076066
0.092762
0.103285
0.073609
0.081985
0.095844
0.101346
0.093061
0.093830
0.091200
0.074074
0.090697
0.069388
0.075048
0.057229
0.086967
0.070290
0.097253
0.092811
0.080551
0.071151
0.086912
0.062840
0.091466
0.094492
0.082322
0.056042
0.075003
0.086066
0.066665
0.058197
0.079901
0.094786
0.089025
0.098431
0.081078
0.088737
0.059859
0.071916
0.062667
0.071434
0.055556
0.085704
0.080306
0.082153
0.084093
0.096526
0.087846
0.110695
0.054077
0.081058
0.082814
0.057751
0.073529
0.085618
0.049785
0.076980
0.090251
0.087916
0.073896
0.083298
0.054163
0.044738
0.081965
0.097952
0.050332
0.058424
0.074815
0.066344
0.076766
0.097673
0.093837
0.077465
0.101383
0.110375
0.107006
0.083434
0.065845
0.080528
0.090070
0.101001
0.114954
0.086223
0.084001
0.069976
0.087609
0.088242
0.080914
0.060013
0.097048
0.118342
0.056628
0.082216
0.055620
0.119067
0.051913
0.080234
0.072777
0.064900
0.069682
0.097095
0.118472
0.081283
0.066675
0.095227
0.056790
0.089426
0.091073
0.078769
0.078617
0.068274
0.064306
0.047734
0.057143
0.098717
0.080605
0.097074
0.101800
0.071407
0.073437
0.055664
0.055706
0.074364
0.054623
0.079811
0.046689
0.084141
0.077461
0.112417
0.074705
0.040600
0.074272
0.057516
0.036660
0.060292
0.064304
0.056316
0.048217
0.048740
0.039611
0.037144
0.068379
0.058871
0.057234
0.077009
0.053370
0.077337
0.075905
0.050507
0.082957
0.082718
0.072261
0.074039
0.090169
0.084114
0.094692
0.070061
0.100928
0.095295
0.085150
0.058507
0.111461
0.070076
0.086198
0.079300
0.069875
0.047948
0.082352
0.102694
0.082656
0.087206
0.101245
0.087137
0.081590
0.078285
0.076402
0.056247
0.061760
0.082652
0.051372
0.072412
0.071214
0.085509
0.097961
0.090811
0.072484
0.045213
0.043720
0.042918
0.039991
0.048290
0.066474
0.044842
0.049894
0.077022
0.047647
0.061411
0.052369
0.066968
0.059686
0.056587
0.059695
0.054900
0.056404
0.082688
0.088058
0.087126
0.076364
0.087453
0.119823
0.101490
0.082751
0.072704
0.071622
0.075644
0.088808
0.099228
0.083454
0.082996
0.075222
0.078236
0.097682
0.099208
0.081411
0.093037
0.075281
0.078612
0.096420
0.069945
0.057471
0.038913
0.051684
0.053424
0.073570
0.075075
0.060593
0.074629
0.064031
0.099870
0.094836
0.069095
0.076531
0.095008
0.079736
0.069634
0.056131
0.097554
0.084058
0.062279
0.047320
0.076081
0.066675
0.047164
0.078101
0.085206
0.074732
0.063585
0.075893
0.072400
0.065920
0.049621
0.050974
0.108620
0.059447
0.095480
0.056636
0.051204
0.065126
0.065070
