1.849121
0.088575
0.074645
0.087552
0.074728
0.076155
0.087284
0.050210
0.067066
0.069559
0.111613
0.073889
0.059861
0.054642
0.062126
0.070580
0.077230
0.063920
0.055454
0.050454
0.101937
0.072329
0.091204
0.075728
0.089396
0.057516
0.056701
0.065531
0.089727
0.063282
0.108376
0.065825
0.058901
0.080851
0.101293
0.076688
0.098951
0.071416
0.075671
0.103088
0.083823
0.043969
0.069586
0.093261
0.092029
0.063070
0.085770
0.090714
0.088052
0.100352
0.151878
0.061824
0.100877
0.089493
0.047187
0.079427
0.067861
0.076697
0.076465
0.078355
0.079395
0.040820
0.063022
0.071326
0.096235
0.053517
0.095560
0.072435
0.074005
0.070349
0.103826
0.098715
0.104485
0.056623
0.046218
0.099149
0.065325
0.080946
0.069139
0.070196
0.076156
0.042344
0.066928
0.076499
0.046047
0.063494
0.051938
0.064729
0.075294
0.079552
0.089669
0.077102
0.061419
0.085774
0.091912
0.107754
0.069131
0.055078
0.051745
0.069714
0.077200
0.055811
0.083642
0.047399
0.080741
0.052334
0.043329
0.065019
0.073127
0.083177
0.102562
0.072225
0.065795
0.056968
0.046497
0.052209
0.059657
0.072241
0.076490
0.068524
0.091995
0.073874
0.056317
0.078955
0.064096
0.061035
0.068270
0.098441
0.063768
0.083411
0.106008
0.126225
0.088196
0.061952
0.068594
0.099907
0.091462
0.059759
0.079618
0.060062
0.106964
0.056050
0.092436
0.072632
0.072103
0.074912
0.091721
0.066502
0.093124
0.077530
0.104726
0.063993
0.053708
0.104321
0.065645
0.073348
0.081997
0.095465
0.113864
0.060862
0.079613
0.079569
0.064017
0.059166
0.069486
0.065268
0.088831
0.088420
0.065044
0.050063
0.080452
0.074944
0.045744
0.064455
0.058300
0.061843
0.070759
0.068530
0.058533
0.063881
0.089934
0.061698
0.060578
0.091874
0.082525
0.085166
0.089502
0.082027
0.109288
0.071239
0.076261
0.099303
0.087458
0.110104
0.073425
0.068101
0.066643
0.068673
0.060846
0.059114
0.103608
0.095058
0.046365
0.051237
0.057266
0.065739
0.068068
0.059777
0.089916
0.080498
0.055422
0.062330
0.058022
0.074914
0.090537
0.058397
0.056270
0.081494
0.060042
0.054590
0.077633
0.092939
0.053936
0.063846
0.058399
0.045286
0.041096
0.065403
0.042466
0.058927
0.080259
0.057034
0.069273
0.062237
0.063355
0.068241
0.054737
0.045913
0.054986
0.079385
0.133029
0.076901
0.051381
0.100530
0.071467
0.088308
0.083304
0.087302
0.045968
0.071940
0.090418
0.122033
0.058653
0.089007
0.052651
0.063577
0.052157
0.070255
0.087409
0.090595
0.123578
0.111580
0.112958
0.062731
0.061381
0.061713
0.046847
0.049802
0.037047
0.038657
0.065344
0.048695
0.055286
0.063486
0.045538
0.071710
0.095198
0.049490
0.073995
0.057392
0.069817
0.058088
0.054800
0.057998
0.077052
0.064076
0.073421
0.086768
0.099881
0.048560
0.119869
0.080942
0.081809
0.069120
0.125873
0.069135
0.064368
0.084835
0.043184
0.061436
0.071845
0.044992
0.057417
0.054719
0.067359
0.050366
0.050834
0.061038
0.050462
0.070038
0.080373
0.084716
0.059990
0.085330
0.081737
0.084927
0.061961
0.045033
0.063049
0.065507
0.088342
0.069596
0.080872
0.074582
0.080882
0.078815
0.102274
0.072863
0.096401
0.091899
0.082344
0.069257
0.094677
0.078876
0.083102
0.078853
0.048904
0.084996
0.057127
0.065877
0.093518
0.077650
0.089331
0.067647
0.095845
0.094502
0.123497
0.108831
0.057801
0.057766
0.082995
0.057562
0.060391
0.077615
0.059352
0.071389
0.057280
0.080647
0.090334
0.105412
0.094707
0.051884
0.068267
0.083706
0.097290
0.066111
0.063931
0.046572
0.059794
0.050557
0.082743
0.072566
0.082208
0.083505
0.090913
0.070617
0.074569
0.086101
0.081244
0.058317
0.070799
0.058374
0.086048
0.058301
0.056543
0.094298
0.059830
0.061769
0.078319
0.079003
0.119667
0.070867
0.108641
0.080409
0.040729
0.054242
0.060637
0.071758
0.055519
0.064592
0.072167
0.073254
0.047377
0.081912
0.083783
0.074351
0.070893
0.063101
0.080717
0.040051
0.080292
0.058404
0.089956
0.093804
0.093230
0.082166
0.071812
0.088186
0.102387
0.090251
0.090677
0.077040
0.089937
0.072065
0.078211
0.092959
0.055462
0.063868
0.070068
0.076223
0.096775
0.103233
0.072872
0.055604
0.062183
0.079729
0.061757
0.071676
0.080038
0.076310
0.084654
0.065133
0.082190
0.082814
0.063899
0.078083
0.088681
0.054952
0.049999
0.099881
0.103522
0.110161
0.090756
0.094359
0.097165
0.080973
0.084275
0.108459
0.048657
0.067453
0.087059
0.096241
0.121567
0.079264
0.046426
0.061816
0.057557
0.042342
0.079135
0.110259
0.087883
0.088754
0.119304
0.089005
0.077858
0.090447
0.055158
0.079664
0.068604
0.061318
0.062798
0.048999
0.068091
0.081272
0.081592
0.056502
0.072050
0.060836
0.053156
0.064136
0.095810
0.055808
0.060173
0.086269
0.065037
0.074674
0.089350
0.051823
0.067523
0.059390
0.085928
0.104795
0.095497
0.127402
0.063247
0.073651
0.061859
0.063346
0.065297
0.081161
0.088927
0.077287
0.056748
0.073108
0.066466
0.071640
0.056664
0.066082
0.074123
0.075867
0.068297
0.088875
0.091124
0.081232
0.075575
0.073953
0.047926
0.066455
0.073344
0.056779
0.107313
0.064684
0.067344
0.054388
0.054624
0.066382
0.051974
0.051330
0.069345
0.061064
0.085725
0.052526
0.068338
0.062324
0.061559
0.077297
0.092894
0.057354
0.073176
0.111864
0.086435
0.062854
0.069386
0.076747
0.076679
0.086486
0.085711
0.046380
0.039907
0.050092
0.065021
0.048858
0.074625
0.051667
0.059131
0.066893
0.078376
0.070194
0.093963
0.082499
0.081245
0.047628
0.061116
0.060766
0.063615
0.066742
0.114295
0.117318
0.094785
0.063520
0.078481
0.062225
0.076518
0.068296
0.072226
0.040760
0.072865
0.076199
0.064280
0.086229
0.068256
0.070122
0.062178
0.086074
0.055767
0.072349
0.094207
0.064633
0.066503
0.088253
0.096042
0.058066
0.077556
0.067420
0.058545
0.057388
0.055649
0.061886
0.075927
0.069930
0.109267
0.076208
0.068552
0.075346
0.070510
0.072258
0.079909
0.078489
0.068924
0.055114
0.093200
0.090406
0.066837
0.090737
0.071584
0.073632
0.071891
0.069374
0.056129
0.067073
0.098356
0.087653
0.086360
0.110215
0.103215
0.065259
0.075240
0.066520
0.063451
0.073045
0.076343
0.107311
0.070500
0.076765
0.096718
0.067481
0.078113
0.100366
0.093471
0.090945
0.133307
0.118938
0.082243
0.072661
0.068207
0.055723
0.073519
0.072207
0.062694
0.064020
0.093628
0.055119
0.053326
0.070943
0.093551
0.048275
0.059939
0.048301
0.057050
0.064261
0.079802
0.089510
0.089811
0.103408
0.093888
0.062096
0.071229
0.046981
0.045662
0.064314
0.087393
0.074578
0.057027
0.041110
0.062521
0.076103
0.111187
0.083870
0.072982
0.090349
0.129348
0.093441
0.072487
0.052952
0.100729
0.061697
0.069505
0.065394
0.055004
0.088895
0.132330
0.079406
0.077016
0.069171
0.073303
0.084315
0.057613
0.051380
0.072702
0.050255
0.073422
0.050475
0.055769
0.051103
0.075865
0.065918
0.073876
0.065253
0.041816
0.057924
0.085553
0.061306
0.055061
0.056083
0.059353
0.070802
0.054929
0.035918
0.082992
0.102194
0.081453
0.071774
0.082490
0.086326
0.071254
0.063629
0.057724
0.071540
0.096353
0.072066
0.128038
0.080966
0.068120
0.056663
0.048210
0.071179
0.078617
0.077416
0.065309
0.074605
0.104521
0.064244
0.080657
0.093615
0.110486
0.090773
0.082371
0.094181
0.096414
0.082697
0.110300
0.090020
0.098331
0.099655
0.095015
0.082892
0.080766
0.061795
0.093021
0.089700
0.088352
0.060761
0.044009
0.078964
0.065547
0.048967
0.056896
0.076999
0.056671
0.089618
0.079249
0.057859
0.067139
0.074821
0.078984
0.074702
0.071943
0.080188
0.062294
0.064106
0.094238
0.081002
0.056753
0.059295
0.075866
0.061074
0.050112
0.068117
0.064288
0.050980
0.062307
0.054273
0.066098
0.059922
0.057707
0.048136
0.042821
0.060027
0.091751
0.087660
0.099334
0.055271
0.063819
0.074444
0.123704
0.068229
0.059909
0.074638
0.064404
0.058422
0.074217
0.059480
0.074693
0.090264
0.086913
0.043658
0.070537
0.082749
0.074077
0.076548
0.125654
0.083933
0.058567
0.085574
0.068485
0.055000
0.072424
0.106570
0.064612
0.056218
0.062496
0.049110
0.064707
0.091729
0.066183
0.076534
0.090301
0.062068
0.047242
0.091892
0.107727
0.081100
0.078639
0.072685
0.054351
0.072523
0.083689
0.094406
0.071081
0.112336
0.117562
0.114116
0.086821
0.064232
0.097889
0.059722
0.061602
0.075792
0.071451
0.064879
0.083210
0.086999
0.075263
0.061281
0.065652
0.051148
0.067088
0.062537
0.078391
0.052809
0.060199
0.057961
0.083416
0.082869
0.076136
0.077482
0.073929
0.077854
0.090910
0.081163
0.118402
0.096911
0.068247
0.087450
0.074587
0.069317
0.072507
0.072243
0.066987
0.066153
0.100330
0.063568
0.070718
0.073107
0.115013
0.090879
0.076684
0.085147
0.083180
0.073761
0.082710
0.077641
0.093500
0.076633
0.073733
0.108295
0.057919
0.096320
0.077080
0.063836
0.074983
0.060699
0.058288
0.073511
0.077485
0.067696
0.101582
0.072283
0.078836
0.084461
0.079116
0.047765
0.064863
0.069607
0.095068
0.083563
0.088579
0.064453
0.081228
0.050905
0.086504
0.044910
0.070822
0.091914
0.083176
0.078206
0.082250
0.061620
0.075312
0.082819
0.104994
0.074865
0.069560
0.096508
0.086508
0.096111
0.065325
0.083892
0.081813
0.093083
0.075809
0.062519
0.053228
0.051830
0.076570
0.052081
0.075528
0.047041
0.062740
0.054068
0.082205
0.046129
0.052279
0.060250
0.065814
0.088568
0.090336
0.106704
0.081059
0.079436
0.078460
0.066233
0.054617
0.058135
0.057240
0.071691
0.058467
0.061938
0.048579
0.069481
0.110014
0.065870
0.102580
0.075332
0.103684
0.068053
0.063200
0.056840
0.065795
0.048624
0.091349
0.070329
0.096390
0.069144
0.064095
0.079883
0.072633
0.059799
0.083497
0.090068
0.122847
0.055707
0.063000
0.099145
0.067612
0.073242
0.055878
0.059319
0.045655
0.072083
0.065523
0.048845
0.084347
0.070790
0.060678
0.052584
0.064973
0.097199
0.084312
0.081805
0.104843
0.082808
0.080626
0.056790
0.063404
0.079820
0.065351
0.046374
0.049042
0.055231
0.065036
0.048955
0.058911
0.069814
0.055189
0.060435
0.054294
0.045767
0.080405
0.054375
0.102258
0.097579
0.077594
0.074207
0.083401
0.085673
0.085836
0.053715
0.066376
0.046719
0.077682
0.077597
0.074575
0.070338
0.066212
0.061978
0.080095
0.107621
0.096622
0.077417
0.101153
0.072054
0.098216
0.067497
0.062230
0.077086
0.086218
0.072533
0.055401
0.044190
0.102738
0.065104
0.060141
0.047861
0.075914
0.088287
0.107693
0.089019
0.087219
0.077463
0.072874
0.066060
0.067209
0.060097
0.070206
0.086188
0.065900
0.058395
0.103276
0.069139
0.099295
0.074223
0.089472
0.057142
0.055949
0.082419
0.107640
0.044531
0.067009
0.076964
0.068047
0.062714
0.069328
0.062122
0.095876
0.048811
0.080641
0.083694
0.078862
0.076245
0.069658
0.062397
0.046565
0.044014
0.060695
0.075123
0.083539
0.063225
0.050871
0.056128
0.099945
0.104572
0.068381
0.079846
0.072615
0.087574
0.062608
0.090018
0.078636
0.088639
0.109041
0.057821
0.049770
0.065932
0.085030
0.073521
0.082288
0.065299
0.050424
0.059345
0.083765
0.056062
0.053266
0.058772
0.073763
0.054234
0.051191
0.054605
0.052864
0.066594
0.102115
0.080784
0.055880
0.080631
0.057923
0.080623
0.057347
0.061771
0.067066
0.085225
0.083780
0.058967
0.070092
0.079906
0.080960
0.052092
0.092721
0.065988
0.103512
0.094581
0.075886
0.105438
0.078746
0.101166
0.067538
0.073106
0.075583
0.088485
0.084593
0.090777
0.094729
0.094285
0.073677
0.070414
0.058299
0.071905
0.080414
0.056479
0.050790
0.062518
0.072707
0.049236
0.060185
0.052627
0.050351
0.077019
0.067151
0.083890
0.088824
0.090782
0.089136
0.089979
0.054784
0.059228
0.082215
0.068877
0.076044
0.084744
0.071744
0.109067
0.100522
0.059311
0.096380
0.108959
0.076785
0.062677
0.095860
0.052095
0.061485
0.067692
0.086278
0.068144
0.089138
0.062335
0.070915
0.076722
0.102316
0.094217
0.072637
0.103566
0.085545
0.075760
0.082769
0.060287
0.044058
0.056959
0.058463
0.057867
0.042941
0.069201
0.097507
0.062950
0.070847
0.047235
0.055288
0.055423
0.074878
0.071263
0.065182
0.046651
0.078452
0.051444
0.063711
0.068894
0.075495
0.063635
0.071648
0.073606
0.099838
0.058121
0.106060
0.078289
0.082091
0.080555
0.069518
0.053381
0.087873
0.097933
0.063378
0.091317
0.111758
0.058305
0.063735
0.077297
0.084704
0.087644
0.069359
0.092287
0.076335
0.054436
0.118122
0.065445
0.066567
0.072080
0.103441
0.057084
0.069270
0.069854
0.063792
0.074824
0.114741
0.102505
0.097226
0.055187
0.090685
0.065780
0.065299
0.087164
0.073508
0.095026
0.089546
0.087433
0.084428
0.074714
0.042334
0.059915
0.071962
0.069150
0.091651
0.069554
0.088629
0.050714
0.078506
0.077774
0.079618
0.081668
0.057971
0.063407
0.059384
0.044422
0.090122
0.057793
0.058656
0.065592
0.075577
0.074644
0.078992
0.084412
0.064563
0.055120
0.101987
0.082244
0.095399
0.040255
0.052352
