1.788776
0.093810
0.061641
0.040189
0.058844
0.053490
0.042240
0.059957
0.081516
0.062526
0.089333
0.053270
0.088389
0.092942
0.074320
0.057842
0.074413
0.062962
0.080727
0.073162
0.072195
0.070471
0.070533
0.057753
0.062565
0.066164
0.078302
0.066275
0.058450
0.051679
0.107966
0.094175
0.061745
0.067309
0.085550
0.078476
0.093462
0.090564
0.069247
0.083710
0.102893
0.074039
0.067622
0.080781
0.074677
0.062489
0.129179
0.049597
0.077643
0.056638
0.085219
0.056721
0.062125
0.054192
0.061409
0.070627
0.068593
0.080630
0.068254
0.058638
0.142699
0.057757
0.065351
0.061948
0.066103
0.060214
0.069515
0.054540
0.057270
0.072902
0.095543
0.070317
0.074398
0.065715
0.059442
0.075631
0.058251
0.074152
0.088641
0.064053
0.085454
0.081331
0.075421
0.064873
0.065224
0.072347
0.094623
0.091034
0.078892
0.055417
0.111385
0.062848
0.069061
0.086251
0.047611
0.074615
0.056499
0.085603
0.089173
0.066873
0.085481
0.063430
0.063204
0.078257
0.067804
0.075587
0.088355
0.089039
0.058711
0.070990
0.097081
0.068609
0.074577
0.074065
0.112656
0.094218
0.094061
0.072354
0.065930
0.089452
0.110692
0.100359
0.075341
0.079391
0.089905
0.065839
0.069145
0.071058
0.064863
0.055758
0.071109
0.068873
0.052423
0.085367
0.071582
0.078409
0.085948
0.086753
0.063139
0.081854
0.066269
0.056756
0.062221
0.067365
0.096894
0.051861
0.064987
0.074224
0.066775
0.053420
0.093083
0.068858
0.054569
0.050592
0.062530
0.066125
0.062995
0.053360
0.063501
0.058995
0.084953
0.070936
0.055612
0.048807
0.070375
0.058553
0.083301
0.074526
0.051201
0.067758
0.092273
0.088193
0.093099
0.071316
0.076844
0.080761
0.051167
0.082498
0.054629
0.061600
0.098902
0.058957
0.052500
0.056696
0.068678
0.060082
0.070326
0.066076
0.068743
0.080074
0.084579
0.087392
0.078547
0.081050
0.102622
0.071561
0.074675
0.062523
0.065462
0.071815
0.098404
0.056796
0.060969
0.055144
0.072930
0.048971
0.073215
0.080616
0.079886
0.077526
0.071861
0.078718
0.078853
0.056818
0.082272
0.065752
0.087005
0.077778
0.056337
0.065184
0.123767
0.093708
0.056228
0.072748
0.061069
0.065420
0.060602
0.087812
0.052081
0.060933
0.109563
0.059195
0.084233
0.096335
0.114980
0.070730
0.071151
0.075049
0.068786
0.079910
0.105211
0.087295
0.055897
0.057953
0.081890
0.067537
0.066320
0.072259
0.107903
0.079038
0.093307
0.072299
0.079454
0.043511
0.053423
0.067602
0.050684
0.076537
0.052924
0.058033
0.075702
0.062766
0.088267
0.051779
0.067968
0.071251
0.085157
0.057776
0.071655
0.076262
0.103687
0.085546
0.086447
0.057827
0.072148
0.052545
0.074997
0.063219
0.060020
0.052317
0.089606
0.063545
0.101740
0.044045
0.082955
0.085649
0.061173
0.057907
0.071567
0.060688
0.064754
0.043810
0.082312
0.054280
0.052757
0.060288
0.063349
0.077009
0.060446
0.058355
0.085323
0.068055
0.064146
0.057168
0.063491
0.089934
0.066933
0.080641
0.066851
0.080643
0.079965
0.055548
0.099486
0.056344
0.053394
0.077435
0.059697
0.058992
0.045210
0.043494
0.099103
0.069886
0.061591
0.064145
0.062825
0.059089
0.065354
0.082210
0.055631
0.059500
0.082340
0.060610
0.064511
0.078716
0.058551
0.100345
0.069326
0.074803
0.069853
0.078346
0.085640
0.068650
0.090134
0.071724
0.095464
0.087485
0.065849
0.074297
0.074521
0.085674
0.075663
0.060120
0.066430
0.057994
0.045777
0.058207
0.049150
0.073091
0.048340
0.068663
0.071510
0.084823
0.086804
0.077045
0.059536
