1.707938
0.073573
0.092640
0.049296
0.055567
0.068601
0.088225
0.109015
0.071398
0.069807
0.083180
0.072667
0.075711
0.086604
0.094962
0.086704
0.093573
0.069384
0.064963
0.058799
0.090386
0.059898
0.048383
0.061020
0.081506
0.078151
0.058871
0.066365
0.079696
0.055450
0.098730
0.081413
0.061101
0.073870
0.054975
0.076180
0.091659
0.084386
0.101300
0.070180
0.078975
0.103204
0.104007
0.078774
0.062119
0.063421
0.083420
0.084292
0.076194
0.096227
0.105161
0.057686
0.079213
0.069616
0.084268
0.086724
0.061629
0.071000
0.076201
0.058330
0.089300
0.060230
0.053366
0.062709
0.064212
0.063246
0.055887
0.063847
0.055628
0.059148
0.104018
0.073885
0.079359
0.069389
0.055930
0.062790
0.072458
0.075646
0.055602
0.058827
0.081935
0.054273
0.070912
0.055657
0.046512
0.050716
0.054354
0.070702
0.052616
0.074478
0.075271
0.075148
0.064422
0.089123
0.078646
0.075974
0.063936
0.077330
0.043607
0.053354
0.076211
0.082409
0.093618
0.092365
0.094398
0.098368
0.076985
0.061479
0.091631
0.088460
0.090228
0.065661
0.065130
0.047864
0.051067
0.059064
0.060241
0.068788
0.069317
0.073996
0.085536
0.059958
0.062361
0.075419
0.049751
0.063460
0.074644
0.067689
0.075960
0.073129
0.089288
0.079465
0.067617
0.085239
0.078071
0.063486
0.074234
0.062123
0.075396
0.099330
0.077376
0.076448
0.055948
0.072938
0.068004
0.062751
0.072034
0.064313
0.053358
0.085148
0.088130
0.060313
0.064115
0.083377
0.070257
0.085865
0.071291
0.077785
0.054612
0.063133
0.066396
0.072151
0.068049
0.061186
0.066453
0.067731
0.054247
0.063546
0.057699
0.073409
0.081709
0.088966
0.052142
0.054575
0.081667
0.095259
0.059688
0.068735
0.069720
0.074745
0.112172
0.093739
0.088183
0.093457
0.056885
0.063006
0.066091
0.066388
0.065731
0.064283
0.094010
0.063957
0.069399
0.070279
0.065498
0.051976
0.082792
0.067586
0.059991
0.061587
0.087466
0.056468
0.051985
0.082227
0.073685
0.060836
0.099245
0.070251
0.055573
0.061693
0.091857
0.073807
0.061970
0.051517
0.077915
0.064210
0.073094
0.067136
0.090708
0.083492
0.085412
0.073497
0.083029
0.071640
0.067755
0.080080
0.078871
0.082887
0.073566
0.088609
0.073041
0.073623
0.115083
0.079407
0.082576
0.067976
0.068610
0.058331
0.057406
0.069430
0.078841
0.081414
0.050515
0.062583
0.047511
0.064957
0.093718
0.053767
0.061353
0.062478
0.103650
0.058146
0.079620
0.077282
0.065181
0.060920
0.063268
0.072719
0.068253
0.073507
0.073256
0.059063
0.070492
0.062934
0.084441
0.065297
0.066449
0.069811
0.067408
0.087683
0.100875
0.106133
0.068345
0.088264
0.066581
0.045722
0.069026
0.050720
0.048711
0.061979
0.077675
0.064160
0.051966
0.067111
0.058679
0.080233
0.080705
0.048457
0.083684
0.085023
0.090827
0.066474
0.047829
0.085035
0.056495
0.057111
0.078869
0.074936
0.049332
0.042247
0.079146
0.050433
0.050508
0.054990
0.056737
0.052841
0.055830
0.063192
0.082550
0.069226
0.075759
0.065145
0.049764
0.086039
0.080518
0.075433
0.055218
0.068053
0.051586
0.064240
0.089654
0.056165
0.065600
0.076666
0.066318
0.049696
0.068052
0.080619
0.069112
0.058843
0.097261
0.067109
0.078604
0.076935
0.067391
0.085627
0.073469
0.058987
0.051063
0.056069
0.075692
0.053034
0.075021
0.073924
0.091207
0.107645
0.085288
0.097898
0.106131
