1.772819
0.099873
0.066013
0.068496
0.063396
0.058277
0.072581
0.063855
0.061608
0.062157
0.089494
0.080575
0.082799
0.095713
0.071379
0.053874
0.070053
0.073431
0.086988
0.085338
0.088975
0.078514
0.075524
0.052313
0.068631
0.058552
0.071126
0.060586
0.048080
0.054950
0.091508
0.095453
0.076131
0.066236
0.061278
0.043353
0.061958
0.056297
0.061009
0.039155
0.082971
0.065184
0.081318
0.078154
0.087149
0.075586
0.068310
0.063619
0.098093
0.059648
0.087373
0.092996
0.061617
0.072030
0.077278
0.073388
0.105679
0.071499
0.060952
0.069072
0.083200
0.044747
0.053822
0.071432
0.069655
0.075895
0.075201
0.081149
0.113238
0.052589
0.104655
0.065135
0.073708
0.075823
0.091629
0.078782
0.094008
0.100507
0.075465
0.075359
0.114238
0.066947
0.089809
0.088882
0.064120
0.064121
0.064602
0.067062
0.064140
0.074277
0.077880
0.067861
0.084619
0.094151
0.051962
0.051287
0.063059
0.077679
0.068177
0.074545
0.083183
0.072784
0.063251
0.061105
0.082739
0.063904
0.056131
0.072633
0.066554
0.099844
0.060818
0.072731
0.075305
0.053180
0.056249
0.075423
0.053649
0.054219
0.103516
0.079249
0.085688
0.100243
0.065177
0.077900
0.085812
0.050048
0.058429
0.044291
0.090853
0.055720
0.070829
0.048136
0.067380
0.055037
0.063961
0.057535
0.063616
0.066353
0.066405
0.064194
0.090093
0.051371
0.073550
0.043602
0.041606
0.056813
0.057651
0.052765
0.072332
0.060436
0.084775
0.067833
0.082383
0.098744
0.061209
0.063484
0.065566
0.056265
0.055586
0.070400
0.098889
0.059874
0.059297
0.068945
0.085759
0.090404
0.064511
0.077650
0.076267
0.101707
0.080410
0.077404
0.077835
0.050472
0.048356
0.051354
0.062796
0.060862
0.098996
0.075136
0.129637
0.082196
0.076380
0.088909
0.071267
0.079993
0.057595
0.048652
0.046713
0.055945
0.088437
0.088084
0.075695
0.060096
0.079013
0.066354
0.057714
0.081990
0.073889
0.096678
0.085216
0.081996
0.076928
0.081854
0.080660
0.078797
0.078664
0.078581
0.088198
0.092183
0.112486
0.062022
0.054279
0.068989
0.071152
0.080651
0.050825
0.079125
0.044603
0.054679
0.063563
0.049273
0.053916
0.082120
0.053744
0.048147
0.059704
0.090563
0.090249
0.057430
0.097486
0.079758
0.066207
0.057811
0.081420
0.061991
0.039963
0.074910
0.074246
0.064569
0.073529
0.062218
0.091123
0.063188
0.114591
0.108218
0.135154
0.144342
0.134768
0.077327
0.094070
0.085736
0.087100
0.050308
0.067524
0.047001
0.076378
0.073737
0.056473
0.067246
0.115487
0.070481
0.059956
0.061231
0.061607
0.078933
0.082416
0.114309
0.109590
0.083612
0.115066
