1.830267
0.074040
0.058256
0.063171
0.091776
0.090249
0.082729
0.096005
0.087157
0.082481
0.102638
0.063751
0.050424
0.061620
0.065933
0.050622
0.058398
0.080203
0.069361
0.069096
0.082393
0.042350
0.054193
0.051522
0.064058
0.061928
0.073331
0.071637
0.061080
0.076371
0.090168
0.078582
0.062652
0.074441
0.068341
0.063854
0.072533
0.074716
0.074438
0.052550
0.081923
0.076176
0.054930
0.052710
0.050272
0.064605
0.064791
0.070441
0.078027
0.075232
0.081861
0.075544
0.070061
0.072973
0.077051
0.067257
0.068258
0.065314
0.079474
0.058491
0.065736
0.068957
0.086487
0.063971
0.092029
0.071592
0.072901
0.081563
0.047575
0.061096
0.071642
0.059708
0.061127
0.051308
0.058590
0.062635
0.050950
0.071571
0.072876
0.061439
0.071230
0.064839
0.074722
0.051958
0.066413
0.076899
0.090062
0.094277
0.097110
0.049786
0.102520
0.092778
0.062290
0.081421
0.076667
0.089167
0.070340
0.064553
0.063757
0.045323
0.087971
0.070218
0.075901
0.074593
0.057056
0.064130
0.079803
0.061823
0.067654
0.057747
0.082464
0.057283
0.051449
0.058817
0.063935
0.058126
0.075889
0.059899
0.066525
0.084263
0.087913
0.067252
0.059969
0.068789
