1.770302
0.121464
0.076109
0.092124
0.059598
0.053384
0.071811
0.041982
0.046072
0.082982
0.095261
0.093081
0.043579
0.053761
0.076032
0.077710
0.070759
0.085220
0.066082
0.087071
0.101825
0.082736
0.112115
0.074597
0.088203
0.054287
0.049442
0.074301
0.062479
0.065318
0.073179
0.082495
0.069770
0.074817
0.093753
0.075958
0.059220
0.050169
0.075681
0.066258
0.128047
0.060571
0.087052
0.072801
0.070025
0.047924
0.079641
0.074412
0.077382
0.076917
0.083622
0.077618
0.109429
0.050670
0.064050
0.080001
0.075493
0.075500
0.064735
0.073963
0.097193
0.094054
0.072577
0.057021
0.071280
0.071128
0.092227
0.097214
0.085797
0.056036
0.068756
0.060531
0.072445
0.045595
0.044854
0.072074
0.037188
0.045344
0.076176
0.052107
0.095505
0.059376
0.069006
0.060790
0.069113
0.054663
0.078989
0.065874
0.100809
0.071862
0.096980
0.090027
0.079383
0.061316
0.052502
0.059142
0.082999
0.083783
0.053551
0.074389
0.086882
0.076802
0.092636
0.089159
0.059778
0.077025
0.067395
0.102146
0.091502
0.053807
0.088041
0.061605
0.062009
0.068590
0.053808
0.083167
0.047505
0.077039
0.056271
0.072472
0.101367
0.078608
0.098046
0.093230
0.069899
0.055171
0.070660
0.080847
0.060272
0.081122
0.106821
0.076724
0.075144
0.087248
0.082259
0.089088
0.078590
0.058034
0.066937
0.077961
0.126453
0.056385
0.070607
0.060127
0.077588
0.061417
0.063667
0.057641
0.058177
0.087620
0.072744
0.054304
0.042579
0.036238
0.052106
0.047765
0.081832
0.063307
0.053900
0.054209
0.068118
0.075241
0.064064
0.096344
0.065347
0.066054
0.106838
0.083655
0.067547
0.045117
0.099185
0.063273
0.098554
0.084701
0.054683
0.084742
0.096969
0.065987
0.089803
0.057346
0.102066
0.064709
0.065735
0.058232
0.040085
0.084018
0.057711
0.042643
0.088480
0.062643
0.088972
0.075545
0.087334
0.079378
0.061972
0.076325
0.070023
0.067755
0.070358
0.113626
0.086916
0.083122
0.036070
0.065670
0.067491
0.067988
0.053736
0.061586
0.066328
0.066048
0.088266
0.078585
0.064308
0.067808
0.054379
0.078737
0.099326
0.062265
0.044410
0.063930
0.071674
0.088635
0.081718
0.057223
0.053143
0.061762
0.072796
0.077536
0.095476
0.085774
0.089853
0.056543
0.057356
0.085200
0.081165
0.064703
0.064013
0.070781
0.055242
0.079040
0.067884
0.052354
0.057441
0.063477
0.052916
0.061321
0.063771
0.058151
0.072785
0.079836
0.092696
0.053398
0.050121
0.101389
0.048702
0.045248
0.055782
0.048712
0.052851
0.048252
0.074755
0.059115
0.044569
0.042173
0.074976
0.073889
0.084215
0.090213
0.075052
0.072345
0.095861
0.059681
0.067442
0.051857
0.053558
0.053780
0.068145
0.054065
0.055371
0.084783
0.078219
0.051538
0.079959
0.072157
0.060538
0.069188
0.057465
0.062335
0.046008
0.063876
0.107060
0.061319
0.088867
0.070579
0.063830
0.056698
0.055027
0.052249
0.050275
0.060778
0.083080
0.083418
0.076294
0.049583
0.064136
0.068599
0.060230
0.058101
0.049054
0.086446
0.075673
0.069296
0.074254
0.085905
0.077344
0.074662
0.094176
0.066065
0.064692
0.066949
0.100533
0.060664
0.078462
0.073425
0.092649
0.063452
0.062069
0.056274
0.047149
0.049370
0.080433
0.079552
0.057120
0.092922
0.092534
0.084478
0.060861
0.067531
0.072834
0.081866
0.081003
0.063073
0.062359
0.063205
0.066130
0.081785
0.072925
0.095051
0.093704
0.059738
0.103253
0.092415
0.068528
0.078938
0.060063
0.050706
0.075599
0.068296
0.054732
0.058887
0.083372
0.058751
0.068262
0.073149
0.039297
0.076408
0.079856
0.050928
0.049207
0.061224
0.122964
0.058371
0.105536
0.090804
0.065392
0.081968
0.051275
0.086291
0.076553
0.039189
0.102236
0.047137
0.074918
0.069182
0.076036
0.069020
0.071250
0.082988
0.064133
0.088923
0.105453
0.084003
0.088266
0.050365
0.078288
0.081195
0.068875
0.074111
0.070465
0.077013
0.083578
0.079085
0.090380
0.065165
0.069115
0.043711
0.043161
0.077002
0.063417
0.091270
0.085750
0.077048
0.065300
0.075711
0.057447
0.082046
0.072638
0.093427
0.072962
0.074545
0.074697
0.073721
0.075808
0.092682
0.068930
0.068959
0.044159
0.053493
0.056963
0.060026
0.062072
0.046038
0.053742
0.055073
0.056355
0.067174
0.050051
0.074314
0.068391
0.063756
0.087069
0.069152
0.068234
0.061657
0.075085
0.069061
0.061305
0.069256
0.068867
0.080999
0.087102
0.059671
0.061743
0.059336
0.043260
0.053227
0.076832
0.063848
0.081583
0.046301
0.069836
0.079083
0.059544
0.048877
0.074101
0.064897
0.100420
0.069927
0.064312
0.051463
0.083488
0.048055
0.049932
0.073642
0.072480
0.063186
0.056958
0.079041
0.069863
0.075260
0.092863
0.067209
0.060350
0.094171
0.060598
0.071511
0.064095
0.076421
0.085925
0.090649
0.100034
0.077535
0.058455
0.063269
0.069396
0.080664
0.090263
0.090250
0.082560
0.047948
0.070675
0.048546
0.044666
0.058429
0.058919
0.093266
0.086318
0.067084
0.065629
0.070667
0.105444
0.094659
0.091720
0.080096
0.062810
0.071539
0.046433
0.084736
0.044882
0.080245
0.069094
0.078779
0.075948
0.071628
0.066745
0.071320
0.087320
0.078429
0.068133
0.109030
0.103248
0.101246
0.080934
0.121860
0.072167
0.063988
0.067017
0.086011
0.053108
0.066397
0.073355
0.060715
0.068028
0.100475
0.061120
0.079931
0.088337
0.070826
0.054737
0.082526
0.106799
0.091164
0.096614
0.146306
0.103251
0.123832
0.125113
0.090675
0.093702
0.116594
0.132696
0.076872
0.055730
0.068194
0.109814
0.129426
0.099899
0.061990
0.081227
