1.876383
0.084297
0.097803
0.052319
0.073243
0.058351
0.110408
0.074201
0.084878
0.057558
0.063694
0.044044
0.054329
0.056715
0.051965
0.047111
0.046767
0.075691
0.048574
0.086636
0.085298
0.066703
0.065641
0.068201
0.047468
0.075197
0.064000
0.069404
0.059277
0.076920
0.074819
0.076952
0.054792
0.099504
0.089534
0.072111
0.067464
0.059110
0.062428
0.046469
0.076862
0.075303
0.102178
0.084524
0.070350
0.055764
0.045107
0.045085
0.045958
0.041992
0.071460
0.059970
0.042245
0.079434
0.081079
0.080059
0.103863
0.077318
0.112525
0.117796
0.126562
0.056681
0.083847
0.081627
0.099111
0.060811
0.101730
0.103694
0.050130
0.075182
0.097889
0.109348
0.062045
0.081013
0.051957
0.103769
0.095789
0.092002
0.080390
0.052344
0.079740
0.101090
0.083895
0.066657
0.062380
0.043355
0.071822
0.063773
0.075651
0.050099
0.069949
0.078669
0.074843
0.065407
0.067540
0.056785
0.064219
0.056721
0.055642
0.050026
0.100957
0.085421
0.079715
0.054387
0.053352
0.095777
0.066719
0.098952
0.082924
0.075954
0.093688
0.040877
0.061791
0.050966
0.069411
0.065233
0.080976
0.054603
0.056372
0.054101
0.064251
0.050669
0.069504
0.071854
0.060570
0.059876
0.058183
0.060907
0.069309
0.077257
0.107836
0.062378
0.053109
0.051898
0.043169
0.067806
0.042173
0.051363
0.088362
0.069482
0.070054
0.079435
0.060137
0.054700
0.072664
0.081062
0.094087
0.066296
0.079203
0.088331
0.066365
0.054957
0.066205
0.071226
0.064908
0.104286
0.077959
0.050851
0.062326
0.081069
0.082317
0.063129
0.091301
0.058683
0.060975
0.050739
0.038910
0.058469
0.060623
0.070774
0.079305
0.066408
0.087757
0.066286
0.075957
0.071104
0.048931
0.056834
0.055636
0.062055
0.087380
0.063321
0.085389
0.083578
0.063429
0.095651
0.067300
0.087852
0.072995
0.057807
0.107561
0.063692
0.084384
0.074051
0.095643
0.081209
0.113259
0.082490
0.079202
0.062452
0.120091
0.097940
0.071889
0.100267
0.108636
0.113208
0.065579
0.068743
0.089378
0.102227
0.098329
0.086457
0.079113
0.061038
0.078642
0.078469
0.112495
0.152071
0.109442
0.098959
0.103078
0.083122
0.112212
0.078319
0.061075
0.094799
0.086240
0.111941
0.113297
0.084968
0.106809
0.072962
0.129629
0.053897
0.075507
0.057886
0.080409
0.059582
0.058219
0.053048
0.087388
0.071090
0.079765
0.080691
0.085141
0.108677
0.127640
0.068079
0.078828
0.059428
0.190758
0.078194
0.075337
0.073072
0.085000
0.105380
0.091846
0.054235
0.063720
0.098235
0.085911
0.058748
0.053958
0.056156
0.059942
0.058680
0.059474
0.057121
0.076517
0.084009
0.083881
0.081308
0.087215
0.085690
0.065382
0.069515
0.067360
0.040456
0.053726
0.045239
0.072468
0.079702
0.074630
0.072722
0.071447
0.048586
0.076364
0.076166
0.077108
0.081454
0.124631
0.105653
0.115090
0.112735
0.049351
0.051757
0.052761
0.075695
0.054013
0.060476
0.112254
0.054955
0.051534
0.051072
0.077948
0.060015
0.061241
0.081001
0.059859
0.069229
0.102078
0.088331
0.089533
0.092569
0.066334
0.079700
0.056104
0.079314
0.083261
0.080530
0.106934
0.085274
0.071417
0.095088
0.087904
0.119087
0.090868
0.075096
0.101595
0.084215
0.119303
0.041664
0.057862
0.060639
0.063755
0.067852
0.105787
0.109735
0.081078
0.038657
0.075269
0.073166
0.062226
0.055320
0.044376
0.050699
0.092118
0.074968
0.082385
0.094295
0.103836
0.056392
0.062710
0.068968
0.039505
0.045877
0.044941
0.046975
0.059452
0.052258
0.051730
0.059384
0.060734
0.043395
0.059063
0.069628
0.080556
0.111983
0.084830
0.122806
0.113389
0.076434
0.071516
0.076730
0.074829
0.092363
0.110011
0.053160
0.058597
0.041761
0.084867
0.058273
0.079502
0.063977
0.093921
0.097561
0.087030
0.092601
0.056304
0.042912
0.052815
0.075413
0.056002
0.080561
0.049459
0.041436
0.084050
0.076088
0.063467
0.052694
0.103770
0.070701
0.050156
0.090407
0.083382
0.080092
0.073955
0.109392
0.075266
0.065508
0.100298
0.093419
0.058016
0.079920
0.104972
0.095365
0.082437
0.053388
0.042490
0.057701
0.074064
0.046239
0.078021
0.091486
0.059472
0.077020
0.062340
0.067955
0.072020
0.091247
0.090706
0.082613
0.086436
0.083924
0.047142
0.076628
0.093374
0.081765
0.114763
0.099858
0.101098
0.080810
0.089816
0.084050
0.097223
0.071010
0.056651
0.060229
0.077239
0.079101
0.098767
0.073647
0.075555
0.076171
0.059692
0.053666
0.063430
0.070452
0.094319
0.047714
0.071441
0.088280
0.038484
0.065900
0.068543
0.080645
0.081851
0.121168
0.085293
0.058856
0.078382
0.058866
