1.726814
0.049812
0.066337
0.046834
0.051141
0.059485
0.051551
0.060601
0.052034
0.074950
0.072994
0.032611
0.033215
0.038224
0.043786
0.044497
0.080038
0.098134
0.095203
0.083532
0.094441
0.080640
0.064649
0.077505
0.079765
0.039331
0.071335
0.078312
0.092249
0.137486
0.119071
0.088880
0.083140
0.077620
0.073580
0.077818
0.075512
0.076391
0.095339
0.047211
0.091094
0.105552
0.078891
0.073476
0.067413
0.074301
0.078337
0.087095
0.098457
0.095791
0.069402
0.054977
0.077438
0.089741
0.066951
0.067577
0.054996
0.079553
0.043173
0.063439
0.097837
0.085756
0.061260
0.071891
0.052533
0.088730
0.093972
0.089842
0.091610
0.064818
0.109390
0.100255
0.065887
0.083618
0.086481
0.106071
0.089386
0.080985
0.092516
0.101570
0.146978
0.073423
0.085192
0.081099
0.110450
0.109833
0.068553
0.078351
0.052238
0.076850
0.103155
0.088006
0.104856
0.071006
0.086227
0.064530
0.082029
0.051699
0.061377
0.052847
0.068244
0.062891
0.068898
0.080947
0.053331
0.074187
0.076344
0.082858
0.078387
0.056357
0.051139
0.062233
0.047854
0.054963
0.050161
0.041807
0.074906
0.068684
0.069490
0.056396
0.063274
0.077375
0.070327
0.060987
0.044369
0.041717
0.073877
0.081562
0.069578
0.058659
0.079554
0.082475
0.068372
0.059042
0.054295
0.069032
0.050435
0.052876
0.059774
0.082635
0.114941
0.101256
0.108411
0.098513
0.087306
0.112329
0.094061
0.093779
0.095601
0.102736
0.095288
0.113176
0.094880
0.086023
0.078952
0.075297
0.056837
0.093070
0.082010
0.072904
0.084838
0.073011
0.083334
0.104310
0.082705
0.082756
0.047947
0.098190
0.079786
0.058511
0.117825
0.097714
0.060674
0.076751
0.092595
0.077566
0.073116
0.060509
0.062147
0.077024
0.086387
0.046454
0.057323
0.090674
0.063657
0.064900
0.089205
0.086320
0.072351
0.051824
0.102482
0.075757
0.100395
0.072974
0.081519
0.082468
0.093756
0.044380
0.062310
0.054569
0.142771
0.074212
0.053741
0.088141
0.087795
0.075274
0.083359
0.063799
0.079594
0.065764
0.091207
0.067487
0.103140
0.053461
0.047509
0.053128
0.058805
0.083724
0.056807
0.071434
0.084929
0.053681
0.057691
0.060854
0.075099
0.093042
0.078311
0.079726
0.105805
0.090260
0.122606
0.052374
0.052257
0.059544
0.084778
0.074235
0.088588
0.063524
0.090161
0.106980
0.107946
0.092657
0.064614
0.036336
0.036511
0.060658
0.052645
0.058847
0.081446
0.082805
0.098050
0.087958
0.082944
0.083879
0.078361
0.098093
0.120326
0.120052
0.125469
0.090687
0.113091
0.077358
0.079287
0.054251
0.059243
0.088008
0.090665
0.079450
0.091890
0.088961
0.077486
