1.780079
0.085358
0.049891
0.056541
0.061042
0.073074
0.080499
0.062571
0.070981
0.071733
0.108293
0.094171
0.069144
0.091468
0.068882
0.056107
0.063173
0.083490
0.061127
0.055813
0.087990
0.091101
0.096719
0.091295
0.100783
0.081077
0.071517
0.061141
0.062262
0.076061
0.093881
0.072872
0.089618
0.065457
0.123542
0.092209
0.082353
0.077525
0.094259
0.085392
0.116251
0.054119
0.079519
0.075902
0.069533
0.099612
0.086728
0.119883
0.101801
0.097127
0.122818
0.074851
0.050515
0.066588
0.086176
0.100136
0.065849
0.106158
0.103145
0.076382
0.072898
0.092566
0.088001
0.097519
0.067216
0.106322
0.096128
0.090297
0.098183
0.097553
0.100125
0.082126
0.081541
0.080895
0.064340
0.087899
0.069189
0.056337
0.079118
0.078702
0.087438
0.051133
0.079903
0.073902
0.099601
0.107689
0.097181
0.079243
0.077758
0.064962
0.095834
0.055073
0.083974
0.080213
0.061895
0.053625
0.094520
0.086771
0.118822
0.090202
0.085857
0.064675
0.079550
0.065566
0.079893
0.099854
0.109702
0.065211
0.080821
0.076897
0.093491
0.082257
0.046478
0.060320
0.071002
0.073725
0.066330
0.085736
0.070565
0.066430
0.094054
0.054066
0.072283
0.071220
0.072516
0.077936
0.044198
0.074066
0.055979
0.090840
0.127890
0.075186
0.087179
0.072493
0.093608
0.081609
0.092145
0.082404
0.082159
0.073504
0.065682
0.065140
0.063941
0.076434
0.077863
0.092780
0.073393
0.063205
0.098647
0.077559
0.123211
0.091927
0.061263
0.073982
0.065122
0.077771
0.056523
0.070164
0.066557
0.060737
0.073927
0.084808
0.073166
0.096698
0.080150
0.062057
0.080388
0.083388
0.087155
0.064590
0.108444
0.102098
0.094262
0.073745
0.055735
0.058685
0.062471
0.070200
0.070795
0.047337
0.090781
0.090671
0.074427
0.079924
0.083712
0.114026
0.104519
0.083190
0.080174
0.085995
0.083468
0.063760
0.066020
0.056420
0.077105
0.092948
0.092780
0.072862
0.073775
0.093330
0.096456
0.094527
0.082366
0.072652
0.084048
0.068600
0.088768
0.052991
0.090500
0.071889
0.099199
0.063529
0.078100
0.070493
0.094574
0.081672
0.063204
0.095994
0.091551
0.107638
0.094220
0.092591
0.061982
0.085198
0.078754
0.089579
0.097713
0.099770
0.085828
0.109543
0.108140
0.074754
0.082211
0.088228
0.057862
0.082667
0.052951
0.085593
0.084452
0.074355
0.111692
0.073518
0.060249
0.087061
0.082978
0.063502
0.080822
0.097733
0.086808
0.071032
0.122363
0.086274
0.071000
0.049480
0.068959
0.070969
0.056638
0.066388
0.080554
0.088018
0.096656
0.062669
0.054869
0.050202
0.076749
0.091628
0.077185
0.060793
0.081183
0.071585
0.103603
0.075765
0.073963
0.068045
0.046129
0.069207
0.057056
0.100788
0.070846
0.072744
0.107753
0.089717
0.049549
0.081377
0.085453
0.082642
0.080200
0.074494
0.070173
0.070904
0.119209
0.071331
0.062753
0.078866
0.077431
0.064488
0.086075
0.065132
0.058615
0.073828
0.085238
0.072242
0.086656
0.072993
0.076429
0.081804
0.068293
0.082484
0.074602
0.078669
0.089371
0.055114
0.063706
0.058462
0.059608
0.088980
0.098663
0.071177
0.075110
0.062853
0.098027
0.059421
0.059714
0.055270
0.072086
0.076952
0.084991
0.064871
0.094905
0.079970
0.103561
0.061588
0.069307
0.087557
0.071003
0.075876
0.055131
0.060811
0.062753
0.074394
0.082810
0.094630
0.108523
0.043652
0.077769
0.083097
0.071465
0.082598
0.080894
0.079171
0.092413
0.078804
0.082470
0.073747
0.079828
0.091205
0.073452
0.068570
0.048622
0.071641
0.118002
0.092553
0.070311
0.087963
0.078303
0.069852
0.090654
0.071005
0.088136
0.089844
0.099095
0.116368
0.055429
0.071218
0.064275
0.081916
0.077404
0.070719
0.075700
0.061184
0.114553
0.093302
0.069855
0.063663
0.072817
0.095199
0.077002
0.070945
0.099463
0.089297
0.064696
0.041009
0.058438
0.057878
0.080477
0.074312
0.075574
0.051691
0.059554
0.068964
0.123148
0.087812
0.050694
0.078708
0.053827
0.108228
0.084657
0.095530
0.110685
0.087250
0.077632
0.059562
0.069137
0.091168
0.067099
0.065225
0.060255
0.058282
0.079636
0.100616
0.104877
0.074093
0.055037
0.056354
0.063715
0.081477
0.068621
0.076680
0.083158
0.093493
0.114804
0.086624
0.079749
0.083529
0.049775
0.077534
0.065181
0.062347
0.096263
0.083726
0.101496
0.104933
0.076653
0.076925
0.089282
0.069353
0.078475
0.069301
0.071922
0.081287
0.081236
0.054334
0.068629
0.097086
0.069386
0.076221
0.061012
0.072058
0.069627
0.064241
0.084178
0.072168
0.046424
0.068787
0.061840
0.086856
0.069166
0.080793
0.061262
0.055407
0.081204
0.058451
0.049299
0.068405
0.080343
0.077254
0.087142
0.092443
0.075444
0.066797
0.084141
0.082298
0.090498
0.062607
0.071029
0.052592
0.058706
0.073249
0.059039
0.083173
0.100155
0.084227
0.066072
0.103414
0.075240
0.062257
0.077121
0.076552
0.077300
0.055202
