1.830508
0.065769
0.056192
0.067683
0.077451
0.073882
0.073470
0.095592
0.061296
0.082884
0.109798
0.083587
0.083317
0.064885
0.059854
0.061769
0.073929
0.072630
0.075913
0.064941
0.106560
0.085357
0.068891
0.087995
0.070769
0.082452
0.087315
0.082804
0.076205
0.079961
0.116145
0.076354
0.074385
0.078028
0.104860
0.093563
0.080729
0.069057
0.056456
0.063304
0.094364
0.060724
0.061586
0.072369
0.072180
0.087907
0.049917
0.067278
0.083591
0.088025
0.109758
0.098120
0.076300
0.108268
0.102773
0.080003
0.086624
0.064402
0.077002
0.077312
0.093674
0.094137
0.067050
0.073253
0.100930
0.094564
0.074766
0.091775
0.098948
0.090487
0.088233
0.074223
0.092942
0.087784
0.080359
0.079203
0.075546
0.067786
0.053190
0.083262
0.089526
0.087861
0.078696
0.078626
0.074220
0.085702
0.076004
0.086142
0.086619
0.058896
0.090191
0.052750
0.062846
0.064806
0.062879
0.089195
0.070056
0.080990
0.072682
0.073651
0.080958
0.068248
0.071404
0.056211
0.061360
0.054062
0.052817
0.089070
0.067824
0.075451
0.116592
0.098303
0.053456
0.108007
0.054702
0.082638
0.074969
0.095739
0.066504
0.050602
0.101492
0.043806
0.081834
0.071205
0.088526
0.086186
0.091800
0.101575
0.089165
0.077930
0.096335
0.065933
0.084350
0.087312
0.106262
0.100741
0.068891
0.065806
0.084175
0.089779
0.072299
0.047099
0.076744
0.068275
0.075651
0.088998
0.084948
0.098196
0.080786
0.059082
0.091582
0.067178
0.081893
0.086980
0.087144
0.086505
0.063210
0.068373
0.072280
0.075625
0.074325
0.074784
0.074974
0.080702
0.081013
0.071796
0.063937
0.065843
0.085757
0.081487
0.090305
0.067214
0.066413
0.081532
0.109778
0.096956
0.071532
0.053261
0.071896
0.080928
0.094256
0.066495
0.055475
0.053620
0.094854
0.078940
0.066962
0.078609
0.085479
0.084096
0.094181
0.065082
0.082011
0.107433
0.077473
0.098074
0.075914
0.074915
0.095984
0.091060
0.107340
0.078593
0.094912
0.059894
0.053580
0.070342
0.093803
0.078119
0.080573
0.062557
0.080138
0.077888
0.062230
0.080538
0.075736
0.087235
0.075894
0.083102
0.098090
0.075478
0.104736
0.080643
0.069743
0.077801
0.053490
0.070077
0.081685
0.075161
0.071166
0.070140
0.110413
0.090880
0.100573
0.088435
0.082810
0.068628
0.068273
0.070598
0.080230
0.087067
0.098415
0.052125
0.078954
0.072484
0.082610
0.070307
0.064478
0.095680
0.083220
0.069251
0.087135
0.071150
0.068487
0.081512
0.084718
0.092560
0.061674
0.080476
0.073368
0.091407
0.077614
0.083684
0.086440
0.064903
0.067695
0.066115
0.062493
0.065471
0.080883
0.085237
0.084654
0.070060
0.074206
0.076067
0.069271
0.091065
0.074742
0.093618
0.093889
0.078403
0.104939
0.083281
0.086690
0.072161
0.064734
0.061735
0.076781
0.074446
0.055169
0.088122
0.113457
0.075305
0.053307
0.062603
0.091461
0.068853
0.067091
0.047784
0.060519
0.041880
0.082957
0.090658
0.077276
0.079310
0.084029
0.079415
0.075439
0.083614
0.082955
0.066917
0.089946
0.107666
0.074771
0.072111
0.094643
0.089166
0.073952
0.073767
0.099705
0.069548
0.068870
0.076422
0.078926
0.061241
0.066025
0.087665
0.079112
0.083509
0.083316
0.083287
0.113370
0.073441
0.100427
0.059700
0.066483
0.072301
0.086561
0.107774
0.056668
0.052906
0.103589
0.064746
0.042827
0.061702
0.076105
0.070244
0.054632
0.083036
0.081133
0.063943
0.064480
0.067374
0.076697
0.071649
0.058301
0.087362
0.081317
0.064533
0.073305
0.087871
0.077100
0.080527
0.082001
0.071058
0.068573
0.073235
0.083091
0.074558
0.103350
0.095811
0.067688
0.067359
0.055997
0.050581
0.047402
0.070924
0.078107
0.062331
0.084957
0.099414
0.109226
0.081424
0.087168
0.078447
0.060442
0.083468
0.084378
0.083874
0.073874
0.070510
0.094152
0.068270
0.042023
0.037436
0.059004
0.070013
0.082602
0.068759
0.083129
0.078060
0.084878
0.076061
0.053046
0.065313
0.070173
0.079796
0.076905
0.075772
0.080514
0.082049
0.102902
0.088319
