1.742002
0.063642
0.062989
0.091627
0.086482
0.074072
0.055863
0.084499
0.090940
0.055659
0.109226
0.079242
0.069891
0.072608
0.075199
0.084020
0.084291
0.074986
0.070894
0.044384
0.080405
0.074912
0.062427
0.061888
0.068563
0.075684
0.072994
0.072382
0.073221
0.075405
0.081778
0.092958
0.087617
0.093797
0.070188
0.057308
0.062346
0.072289
0.073125
0.094484
0.098653
0.092934
0.052391
0.048963
0.043882
0.076023
0.072634
0.074155
0.069052
0.092284
0.103054
0.083876
0.083953
0.094359
0.059726
0.086990
0.080109
0.068099
0.098031
0.092936
0.067504
0.079444
0.061184
0.060108
0.071160
0.051252
0.049798
0.058904
0.069324
0.065288
0.089322
0.056389
0.057873
0.068903
0.087624
0.091518
0.082691
0.094625
0.087500
0.079213
0.086761
0.079290
0.063345
0.085109
0.052563
0.094316
0.105184
0.064917
0.074584
0.064331
0.078041
0.059120
0.070203
0.092538
0.078567
0.083929
0.083303
0.087159
0.058275
0.060022
0.081615
0.053875
0.070254
0.075239
0.060941
0.062958
0.086954
0.054768
0.066712
0.079652
0.085757
0.078956
0.067673
0.057475
0.062263
0.083624
0.091795
0.071687
0.097069
0.058580
0.094588
0.077938
0.061589
0.075072
0.048495
0.070799
0.064545
0.052739
0.058439
0.071687
0.082316
0.083813
0.069167
0.055403
0.077982
0.078445
0.065019
0.067794
0.090178
0.063599
0.056424
0.051532
0.093457
0.066135
0.097455
0.078534
0.058944
0.068431
0.060207
0.059440
0.089702
0.063784
0.108038
0.091234
0.062739
0.067619
0.065445
0.057269
0.058961
0.082748
0.076535
0.062022
0.079081
0.070186
0.079065
0.111938
0.101401
0.048846
0.058879
0.069954
0.085115
0.047839
0.069301
0.075913
0.084383
0.072836
0.054724
0.060653
0.047305
0.069140
0.081843
0.075570
0.078543
0.068470
0.074348
0.081478
0.086221
0.063294
0.078860
0.074706
0.110425
0.077658
0.064023
0.082981
0.097668
0.078106
0.067028
0.052463
0.059452
0.112830
0.096100
0.068564
0.073072
0.058819
0.042987
0.077378
0.074894
0.096370
0.091805
0.052050
0.099842
0.056505
0.066605
0.053617
0.060645
0.058778
0.059768
0.063889
0.066798
0.064260
0.076873
0.048209
0.101676
0.071403
0.078151
0.085735
0.048245
0.089191
0.075529
0.060432
0.091256
0.082343
0.076221
0.052608
0.078398
0.080585
0.058544
0.055432
0.070177
0.056324
0.070894
0.068543
0.076231
0.066876
0.081027
0.058108
0.074221
0.058268
0.068313
0.075416
0.096767
0.066436
0.062738
0.080994
0.077736
0.065813
0.072489
0.068847
0.058965
0.058325
0.074305
0.067016
0.061637
0.064898
0.061880
0.058171
0.084351
0.055883
0.081067
0.099266
0.097003
0.070475
0.080460
0.085011
0.079322
0.076348
0.074574
0.070796
0.065694
0.068314
0.083137
0.061404
0.050869
0.053606
0.060750
0.060674
0.056007
0.060697
0.094508
0.085547
0.084405
0.060815
0.074090
0.064860
0.053293
0.051523
0.100685
0.062852
0.074650
0.054741
0.092748
0.076655
0.082381
0.070956
0.065202
0.066999
0.053757
0.065116
0.066126
0.075190
0.077542
0.064277
0.048078
0.062370
0.050490
0.064203
0.062877
0.062669
0.058659
0.074409
0.090806
0.051941
0.073779
0.059299
0.081424
0.083728
0.056687
0.076592
0.054938
0.065651
0.077372
0.053102
0.098184
0.066948
0.076771
0.070919
0.076525
0.064664
0.081517
0.061869
0.069902
0.053637
0.060808
0.065343
0.062543
0.056008
0.065043
0.056327
0.069932
0.064285
0.084934
0.087779
0.061945
0.070132
0.094705
0.075713
0.068525
0.081021
0.080179
0.066729
0.087290
0.063170
0.091129
0.079783
0.063463
0.074634
0.081859
0.076868
0.060899
0.088873
0.100912
0.077891
0.089978
0.095861
0.060121
0.070776
0.065669
0.069579
0.047137
0.093944
0.097215
0.061156
0.061278
0.085073
0.082739
0.077072
0.082453
0.059234
0.097509
0.104558
0.084403
0.113736
0.064847
0.088596
0.089090
0.077926
0.099249
0.074260
0.076719
0.053769
0.116027
0.099967
0.086253
0.077884
0.076330
0.079854
0.051547
0.070395
0.076896
0.064827
0.101908
0.068124
0.076008
0.088184
0.070503
0.052102
0.058639
0.056341
0.066660
0.077399
0.122368
0.068316
0.064068
0.080338
0.103428
0.056006
0.072861
0.078597
0.061728
0.071170
0.092718
0.064854
0.072425
0.085954
0.080784
0.066457
0.059021
0.081470
0.076929
0.062932
0.087181
0.087694
0.062944
0.075275
0.069881
0.059144
0.085888
0.055390
0.060977
0.054195
0.081215
0.060292
0.068880
0.076401
0.064764
0.081319
0.073902
0.078492
0.057002
0.093029
0.077864
0.078633
0.053690
0.050776
0.081925
0.056451
0.082293
0.079961
0.071112
0.065593
0.102517
0.074958
0.077985
0.084331
0.083910
0.080877
0.083079
0.097904
0.082712
0.081433
0.091423
0.059675
0.070244
0.055138
0.063010
0.080044
0.062533
0.060300
0.064504
0.056406
0.084766
0.076522
0.101886
0.074230
0.074098
0.088561
0.090626
0.076002
0.065171
0.075300
0.078123
0.097270
0.082672
0.091601
0.082590
0.063023
0.048886
0.065686
0.084266
0.071324
0.080275
0.076280
0.059196
0.069583
0.054470
0.060250
0.063619
0.106730
0.055609
0.084282
0.074688
0.070215
0.071342
0.074841
0.066155
0.087416
0.056518
0.061571
0.072820
0.072548
0.076094
0.087203
0.079906
0.097390
0.103447
0.085342
0.081087
0.077911
0.074952
0.076811
0.090550
0.061935
0.056982
0.085239
0.056599
0.066143
0.068080
0.076676
0.073487
0.059773
0.104342
0.058053
0.079051
0.062791
0.081730
0.094236
0.074384
0.054160
0.070949
0.072243
0.065391
0.095658
0.089373
0.070851
0.075790
0.059632
0.069219
0.086270
0.084722
0.058918
0.076135
0.062426
0.070354
0.073664
0.059745
0.080467
0.057713
0.062950
0.071042
0.056978
0.091523
0.095592
0.064422
0.054776
0.076606
0.070885
0.061938
0.079582
0.082548
0.092516
0.108331
0.095058
0.096228
0.095120
0.080900
0.098474
0.068458
