399.000000,47.000000,87.000000,319.000000
381.514333,48.889313,101.744792,320.604167
369.676402,53.163951,92.906250,318.166667
352.144287,83.263702,68.640625,266.359375
308.010956,105.075821,70.234375,251.562500
266.722809,122.370346,71.429688,262.372396
220.726095,97.585826,82.783854,271.630208
196.552516,88.969849,82.294271,316.973958
170.257339,102.395813,92.734375,316.437500
164.892756,116.031352,95.645833,313.669271
167.916962,126.275004,96.906250,313.583333
175.041916,126.290039,95.820312,319.453125
187.659286,128.675629,93.835938,321.375000
213.191915,134.237793,91.364583,313.661458
258.214813,146.898315,73.390625,246.421875
269.108195,133.238271,98.270833,299.520833
294.822856,104.586405,101.046875,322.203125
308.510345,97.796295,106.937500,320.578125
331.811727,94.957397,106.427083,322.734375
352.485413,91.331690,111.880208,328.187500
373.002106,87.133179,109.781250,332.875000
382.636149,85.780935,112.854167,336.562500
390.802256,83.106603,115.158854,337.671875
390.369415,80.817535,112.718750,340.218750
386.379415,76.885213,111.250000,341.958333
381.244324,74.486776,116.929688,342.687500
378.843445,72.197708,119.898438,343.093750
378.543111,74.864599,117.302083,345.677083
375.290253,81.509613,116.442708,345.229167
370.485758,93.720052,115.869792,343.520833
364.961629,102.800913,119.601562,346.401042
367.079519,111.531860,115.609375,346.950521
365.167430,110.630534,98.916667,351.000000
344.233571,98.852437,119.750000,357.250000
370.721008,96.180573,106.984375,360.515625
396.970917,98.125183,107.828125,367.843750
429.328145,103.538910,108.114583,369.721354
487.743286,154.832631,98.916667,317.666667
509.852091,98.727692,129.645833,381.000000
511.513916,101.082184,123.609375,377.140625
480.809285,112.978099,136.023438,354.632812
453.763407,111.039347,131.942708,366.372396
420.397247,101.445587,115.890625,373.890625
404.978953,96.900472,117.229167,374.593750
380.603048,97.088796,126.666667,380.166667
371.330709,121.478526,124.520833,356.122396
323.182068,129.544006,157.265625,345.640625
350.747304,132.338196,124.606771,342.604167
326.259847,131.509115,150.479167,342.666667
333.646515,126.764679,151.226562,344.054688
364.554749,84.852600,132.687500,381.953125
390.915771,94.263977,150.635417,383.145833
441.147298,106.743266,143.583333,375.583333
465.875366,113.950012,127.140625,360.734375
441.792480,104.302429,147.437500,371.531250
442.952840,56.326304,142.677083,394.312500
432.662516,45.233414,150.250000,372.052083
426.053314,38.132253,120.596354,361.963542
388.744741,35.023300,120.927083,358.713542
347.337535,36.101476,142.375000,352.473958
334.084442,54.866730,146.468750,345.531250
328.260752,65.723195,148.182292,343.151042
350.804220,71.356898,108.770833,337.783854
293.830841,77.997223,149.333333,334.750000
298.804362,81.163142,143.197917,330.197917
295.816691,77.280945,137.875000,329.880208
261.185669,80.434341,127.500000,321.083333
256.030650,72.746206,95.122396,257.333333
212.768005,59.702377,122.833333,320.812500
243.679779,61.035919,99.015625,293.125000
277.794464,41.416672,96.062500,273.390625
273.479889,39.437439,119.114583,313.656250
263.940165,47.823369,117.666667,310.895833
262.991079,53.835444,116.645833,310.020833
280.203756,60.637787,114.593750,305.809896
286.669057,65.731613,112.239583,304.552083
272.962128,74.850276,114.125000,300.781250
257.607961,77.404327,106.687500,303.229167
254.790070,82.967224,111.625000,299.125000
264.532918,86.162114,107.604167,296.065104
268.328705,86.222778,106.984375,294.781250
265.774017,82.555359,108.390625,295.398438
262.251027,75.577957,105.416667,295.604167
253.701538,63.858922,139.085938,299.265625
231.737640,67.121857,116.937500,300.505208
213.322469,73.145584,110.695312,299.294271
217.033396,71.251897,104.411458,299.953125
217.150574,57.754822,142.984375,301.351562
201.445404,57.994598,107.895833,300.690104
207.720835,73.713577,120.166667,298.916667
236.603831,93.328283,129.734375,287.726562
278.404175,98.323181,146.302083,295.531250
284.696950,105.263555,97.815104,291.445312
266.203868,109.795120,91.083333,290.833333
228.362091,115.212555,93.968750,292.921875
212.860901,123.906067,92.947917,290.989583
208.208557,135.275116,92.968750,290.531250
205.675629,146.483592,93.531250,288.875000
225.901337,153.337748,78.109375,287.161458
276.429667,143.326945,66.104167,197.940104
295.900513,127.594177,78.343750,287.171875
313.884399,119.244415,83.968750,283.708333
327.125183,107.968796,87.390625,276.843750
324.441681,67.238770,86.937500,290.062500
300.689545,58.929626,80.500000,202.000000
263.261230,91.070277,67.950521,156.268229
211.721776,38.115514,76.833333,167.562500
164.028920,42.035543,80.760417,220.984375
142.981201,45.541290,98.125000,280.562500
179.764842,66.149160,86.411458,171.822917
240.400340,65.368235,66.364583,210.166667
225.052704,72.717575,111.554688,270.554688
224.555908,80.528793,115.812500,268.460938
232.477987,80.008453,114.692708,266.739583
247.645660,80.546005,108.812500,268.375000
229.251790,87.464320,97.666667,271.364583
215.160034,93.609375,94.570312,275.367188
222.767497,97.376775,90.104167,277.859375
299.709300,155.508560,74.559896,143.424479
311.928162,109.415858,97.653646,273.117188
308.810374,111.194956,93.033854,270.861979
312.238759,113.446259,86.177083,269.635417
332.684692,108.873947,91.398438,270.609375
334.075378,107.706380,87.263021,269.554688
301.954865,110.628983,75.416667,194.166667
278.893036,109.049032,97.166667,268.463542
313.455933,114.952682,72.015625,261.390625
328.425323,115.885406,95.500000,269.500000
328.818807,123.597575,82.927083,264.111979
300.808838,124.587646,94.484375,266.375000
295.878713,125.404455,84.916667,268.583333
275.636220,130.996170,81.351562,174.307292
246.581380,135.969401,75.739583,267.072917
209.077815,140.248596,86.427083,273.208333
184.612737,141.954264,90.729167,274.750000
167.823593,141.311676,93.588542,277.169271
173.286336,138.707509,88.208333,274.364583
201.543849,136.792409,85.364583,271.940104
242.410390,130.211726,77.000000,270.166667
267.309214,130.267593,83.786458,270.432292
298.824310,125.310750,79.757812,268.158854
327.824066,116.544373,78.695312,132.015625
333.115397,102.715963,90.770833,273.208333
319.576090,95.441218,83.125000,270.187500
286.261495,131.981710,78.164062,223.414062
234.739563,122.751129,85.812500,222.375000
190.137273,113.761775,84.223958,151.664063
160.589457,71.537679,84.080729,270.671875
149.241918,79.022212,84.072917,270.270833
153.930181,84.361801,82.140625,269.966146
172.993347,90.788040,81.437500,270.156250
194.343475,99.978424,82.156250,268.968750
214.656886,105.461802,82.140625,263.955729
242.990509,109.302429,84.125000,262.250000
247.528442,108.808924,93.859375,261.890625
242.743042,110.497040,97.000000,260.500000
236.268585,108.225952,97.992188,262.132812
235.510834,113.178040,100.515625,257.328125
268.069763,114.357758,82.843750,164.687500
309.882619,107.347880,78.765625,178.132812
316.996979,97.683243,106.273438,259.398438
324.500834,92.020116,114.356771,257.846354
328.068817,88.037552,118.609375,258.835938
341.820943,83.434952,88.645833,257.677083
319.658590,82.156016,81.296875,203.229167
280.348735,81.529897,82.864583,177.432292
235.523580,79.473328,80.127604,176.690104
196.603546,86.005117,92.875000,262.588542
197.062103,88.872960,90.682292,266.031250
217.711243,97.025375,95.218750,263.968750
216.004669,105.722717,88.117188,265.304688
212.780273,111.826391,90.869792,264.411458
216.266174,119.096909,93.179688,261.367188
212.412303,119.072169,88.890625,261.416667
185.950378,116.972839,79.125000,194.750000
151.010300,115.195984,101.937500,262.250000
151.625707,114.216202,95.994792,262.625000
164.522629,120.437764,99.125000,261.031250
199.241709,120.973643,80.947917,141.708333
219.790649,112.001963,89.057292,243.916667
231.972280,114.106644,94.565104,254.085938
238.680084,115.793762,92.734375,256.890625
255.257782,116.598450,91.125000,255.281250
259.648743,114.464203,94.750000,257.250000
248.793945,114.743683,92.145833,254.906250
220.627808,118.049850,98.453125,251.593750
212.486359,125.524307,101.000000,252.562500
211.358449,139.828939,104.984375,249.932292
239.827871,159.240234,83.604167,147.145833
287.214132,145.053833,88.604167,215.479167
300.455739,145.226715,97.138021,247.802083
312.557566,133.075277,92.817708,249.359375
325.476196,124.479492,90.062500,248.890625
313.592519,122.548172,74.627604,164.783854
244.992004,147.338852,81.062500,151.117188
206.739421,102.108032,74.265625,220.796875
190.024857,103.776937,96.250000,247.062500
179.625916,120.309097,91.390625,247.140625
196.151067,133.425313,87.041667,246.000000
236.160288,182.372609,69.125000,145.765625
279.824097,144.546707,79.239583,239.765625
292.532471,143.765381,73.598958,244.822917
311.930206,157.750977,76.093750,231.843750
348.215546,157.006500,72.218750,236.156250
359.302826,154.217560,85.906250,242.854167
349.370880,156.911794,85.984375,246.510417
331.004283,159.753906,77.500000,246.083333
303.959991,156.911784,89.963542,246.367188
274.539612,148.734070,95.992188,246.773438
251.752462,142.714305,99.005208,247.593750
248.320312,133.660980,77.742188,247.554688
287.909159,170.974202,78.473958,86.221354
340.565308,131.832713,90.911458,214.723958
365.288615,120.252813,133.476562,244.585938
392.029327,129.443878,89.192708,244.651042
428.874146,129.223541,84.708333,252.125000
460.993673,131.406265,82.703125,258.213542
472.784729,127.614939,78.729167,261.093750
466.121094,120.770218,75.750000,261.187500
448.877625,114.635986,71.054688,258.343750
431.917623,112.451726,43.109375,221.372396
386.881470,115.134242,53.000000,201.000000
335.129364,118.230316,40.234375,166.796875
287.338043,121.996964,58.750000,238.015625
261.905640,121.380630,69.578125,253.656250
242.123006,125.826843,74.255208,257.393229
235.847056,137.772542,76.554688,254.174479
260.220530,142.094635,84.635417,253.255208
291.973246,141.787689,86.000000,253.166667
310.440938,122.714539,88.270833,273.166667
307.816081,130.928538,92.419271,264.411458
285.313802,128.486796,97.718750,262.140625
257.214437,122.736059,94.812500,262.687500
219.388367,165.145513,86.447917,203.117187
160.507721,118.928925,85.375000,246.312500
109.128510,112.987793,97.484375,274.125000
90.440089,106.069636,91.322917,278.197917
88.127795,106.532272,88.609375,276.807292
99.797668,108.365158,87.343750,276.020833
133.665497,114.157562,81.468750,269.765625
162.698868,113.015152,81.031250,271.875000
188.764074,113.704554,81.880208,271.109375
223.608836,110.777802,78.164062,268.804688
255.282654,108.066071,80.312500,268.312500
275.059265,103.066360,79.671875,268.187500
283.243703,101.015137,84.502604,268.208333
281.805776,97.196198,96.744792,269.703125
278.353322,90.533671,82.119792,273.562500
249.223480,86.850098,76.669271,272.791667
220.760681,83.426153,81.924479,274.671875
196.713715,81.612122,79.890625,274.796875
161.220622,85.261907,82.708333,278.500000
148.479558,90.886408,85.656250,280.052083
160.731883,99.124547,78.500000,278.708333
186.978363,144.688054,77.692708,241.815104
214.944763,117.102000,82.666667,276.625000
243.683451,126.434992,81.859375,275.023437
262.083527,131.141693,87.734375,276.843750
269.340881,131.737457,87.546875,277.054688
276.150411,131.222137,84.088542,275.348958
270.722738,131.587565,74.682292,275.348958
243.437500,125.750977,74.117188,277.054688
223.432729,126.399007,81.437500,275.083333
232.058197,126.658651,80.554688,275.541667
266.473267,121.117279,80.218750,273.695312
272.485413,112.084686,82.000000,274.000000
258.358795,114.457631,71.195312,273.981771
222.609955,113.143829,97.315104,279.572917
223.450826,112.724223,106.895833,282.869792
223.545888,117.415385,79.500000,279.020833
188.300568,177.269547,47.562500,86.364583
117.305054,124.004303,89.593750,283.023438
97.400823,123.724660,95.518229,287.653646
92.441869,129.809265,105.166667,285.830729
64.810885,134.972697,93.250000,291.416667
79.013275,135.195496,95.101562,295.281250
107.108093,123.169403,82.375000,295.984375
144.298767,118.401021,76.763021,291.156250
174.969162,114.340042,82.570312,290.343750
187.152349,105.944361,90.104167,292.179688
203.051076,88.687388,92.380208,296.739583
205.034378,85.162415,90.781250,287.609375
194.174174,80.650380,76.468750,286.104167
164.089951,77.576355,69.531250,287.875000
132.440033,79.897934,87.390625,288.968750
131.846624,87.309881,91.695312,287.406250
152.545883,94.588364,80.500000,285.875000
196.529200,143.171824,70.552083,220.721354
233.309703,98.510839,88.151042,287.997396
237.257141,101.176315,97.265625,291.375000
241.658264,106.959534,95.406250,285.875000
269.956635,106.265350,90.015625,286.179688
274.531372,106.390610,90.687500,287.679688
240.327464,106.349009,98.812500,296.067708
246.118927,116.503677,94.671875,288.828125
295.414510,151.963379,85.244792,257.104167
326.295115,96.819071,93.739583,309.598958
325.247650,106.167786,98.421875,298.304688
332.770060,89.007929,99.729167,309.528646
338.881775,79.652735,98.028646,303.070312
300.191142,129.160772,74.062500,225.406250
225.179138,127.688711,82.028646,234.164063
166.582062,85.547348,99.929688,296.218750
149.901978,90.024719,94.960938,301.015625
124.307175,104.746017,98.523438,300.414062
92.923828,118.197164,102.679688,295.335938
88.482737,129.650553,98.270833,296.286458
91.912949,135.201752,104.890625,295.640625
111.869751,144.111053,116.898438,288.226562
156.129181,150.968567,113.833333,281.320312
186.408844,139.694977,112.515625,288.015625
211.120316,136.843567,112.039062,281.328125
236.246104,135.749115,111.244792,282.937500
252.009033,124.351074,110.687500,286.187500
245.807963,114.050476,113.536458,285.971354
234.501933,106.368454,107.786458,282.695312
207.110535,100.699310,78.000000,207.500000
170.224294,99.774465,110.656250,283.447917
159.291306,100.286387,107.432292,283.656250
173.472427,108.684433,99.015625,278.710938
225.673996,111.217636,66.609375,197.828125
234.655731,113.890717,92.875000,281.546875
262.279175,124.414663,94.645833,275.479167
287.102030,127.336222,99.333333,272.953125
299.407094,129.761780,99.489583,270.635417
299.313700,124.569509,98.723958,273.953125
302.004262,120.341522,99.479167,274.364583
300.566366,108.104930,100.083333,279.458333
295.419718,106.312917,101.442708,279.815104
307.396942,109.565018,99.000000,272.250000
343.026917,98.465363,97.929688,271.382812
353.425812,93.509857,101.000000,272.666667
327.540253,97.954803,106.109375,270.554688
320.625712,96.408127,99.333333,271.000000
