351.000000,196.000000,56.000000,100.000000
354.752930,194.369141,56.468750,99.437500
357.095886,192.228999,56.700521,100.192708
358.184153,192.221807,56.098958,101.109375
359.330902,192.839340,56.687500,99.226562
358.349264,193.236791,56.500000,98.895833
357.701528,192.574163,57.080729,99.333333
358.357666,192.813227,56.875000,99.557292
357.932922,192.212051,56.687500,99.226562
355.995056,190.321808,58.234375,100.773438
356.448883,188.164093,56.468750,99.437500
356.668162,186.619293,56.098958,100.333333
355.152049,184.859263,56.875000,100.333333
355.620514,183.291718,56.687500,100.773438
356.255686,181.788417,56.875000,98.005208
357.769287,178.674194,57.270833,98.125000
357.527130,175.098602,58.041667,99.666667
360.126902,171.113480,58.041667,97.354167
363.939545,167.808665,56.500000,100.437500
366.053813,169.216248,55.322917,101.109375
367.731832,176.374563,54.187500,100.437500
371.852600,192.755081,52.354167,100.687500
374.209900,218.229156,52.210938,101.937500
373.910940,243.721263,52.390625,100.802083
371.887329,263.127106,55.559896,95.919271
370.079498,265.728994,55.369792,99.312500
368.738871,247.722931,52.122396,102.481771
370.053090,221.001027,50.156250,98.567708
368.357463,197.109818,53.125000,102.354167
365.179504,179.283681,53.682292,103.354167
361.292389,167.684753,55.562500,101.031250
359.570079,158.989883,56.885417,102.197917
357.301636,160.859177,57.023438,101.210938
354.059825,173.297745,56.283854,97.552083
344.912008,197.403376,55.187500,89.054688
325.678670,207.898987,51.846354,89.802083
311.577301,216.695801,54.695312,98.195312
297.855326,209.208516,56.656250,101.609375
308.628418,204.386459,51.250000,97.000000
329.715851,195.334183,57.164062,87.023438
348.017263,168.841654,48.807292,91.619792
352.459991,139.809901,50.427083,91.052083
332.041270,105.893901,56.135417,105.687500
328.985718,106.667786,53.875000,104.546875
337.150492,145.235067,50.333333,94.270833
350.705373,201.082937,48.020833,89.645833
368.507782,255.582031,51.757812,91.390625
380.917938,284.826172,53.843750,96.257812
387.551890,290.808034,57.346354,102.716146
388.158539,275.908183,50.934896,94.723958
381.882751,226.651164,50.583333,96.520833
383.281687,176.404653,54.710938,96.963542
388.239929,155.601837,61.000000,102.250000
395.731781,161.085251,50.710938,102.789062
381.555064,214.724752,56.692708,83.786458
358.453837,254.207784,51.846354,86.221354
335.961782,264.357076,56.416667,98.671875
342.908020,251.517151,51.859375,95.453125
352.960592,219.895884,50.953125,96.562500
359.657644,165.871913,52.041667,104.541667
348.701314,136.650970,59.333333,105.270833
335.995544,137.465393,53.062500,95.171875
327.304484,170.746424,46.937500,108.187500
316.624654,220.213236,45.375000,101.583333
313.818207,263.876953,50.921875,105.765625
313.641764,272.631521,54.250000,100.843750
317.012451,245.534485,44.046875,90.114583
314.229716,187.837565,43.252604,86.937500
307.242706,127.959671,54.695312,103.632812
309.646851,131.204910,53.994792,102.692708
306.090912,172.600555,44.500000,100.000000
299.773163,226.709991,49.520833,105.177083
306.894155,252.991567,49.640625,87.963542
344.881287,246.479899,51.437500,89.966146
353.481750,230.725047,54.958333,94.752604
320.896861,201.146718,66.166667,86.000000
279.523438,156.372406,55.343750,102.343750
285.339844,161.432343,55.914062,105.414062
308.091858,196.810089,47.875000,112.718750
315.116150,244.884369,49.750000,106.000000
320.621094,274.054077,53.510417,97.145833
333.184489,268.968089,51.312500,90.687500
336.211995,242.084076,46.718750,89.666667
320.108968,190.370921,52.390625,81.380208
290.592316,141.606140,61.375000,104.687500
292.508036,158.488739,46.546875,94.164062
281.788666,202.249786,46.687500,92.375000
274.643005,248.317139,48.031250,98.421875
276.848674,254.160868,60.281250,98.390625
288.646434,237.305868,53.510417,92.708333
295.661987,188.651413,45.062500,99.406250
279.920207,133.765162,49.854167,97.312500
267.384583,103.532771,57.986979,105.596354
272.331055,136.748459,43.437500,94.968750
267.056671,191.562851,47.718750,99.468750
267.554749,254.589111,48.942708,94.830729
267.881236,262.528707,57.588542,101.065104
275.197998,249.692230,49.679688,96.906250
270.497233,218.117900,46.833333,91.950521
264.033722,165.189789,51.976562,94.117188
256.442078,144.582499,58.375000,103.708333
248.810730,157.380412,50.901042,96.333333
240.495697,200.842789,46.117188,104.125000
250.459900,230.737193,52.375000,98.041667
270.425079,251.067596,78.463542,82.083333
336.133596,233.523254,61.833333,93.770833
352.791351,210.754751,52.390625,101.546875
344.669586,195.678238,58.000000,106.000000
343.742808,197.405212,56.052083,101.666667
346.835022,202.551198,57.062500,103.781250
357.349304,210.337860,57.578125,103.000000
367.334696,227.198741,56.312500,100.869792
370.428009,232.845133,59.583333,102.750000
363.902740,229.226858,58.562500,100.934896
344.184082,210.258209,60.354167,93.500000
303.352997,183.752523,67.518229,89.940104
250.090078,167.486247,55.322917,87.916667
232.087524,171.868495,56.273438,107.125000
236.257355,187.683472,54.367188,106.187500
245.105876,208.212931,60.955729,99.109375
285.878998,224.538300,45.085938,83.757812
311.447083,219.151367,49.468750,87.656250
327.103831,209.246460,58.927083,93.125000
344.404602,193.978394,59.723958,97.679688
340.445007,186.293920,61.208333,104.106771
331.056488,189.753235,58.601562,101.210938
326.509735,194.094147,58.234375,101.546875
313.171549,192.344167,60.572917,106.036458
314.046875,192.486877,61.937500,100.937500
325.272878,198.726980,59.552083,103.666667
326.157420,203.339050,60.570312,99.489583
304.838582,205.427246,49.450521,85.986979
282.364319,193.650630,56.130208,106.729167
280.301799,186.288096,59.979167,101.109375
289.307495,174.367096,59.390625,102.789062
284.909943,169.937022,58.981771,105.843750
285.464508,158.483159,58.317708,101.911458
291.976440,148.924652,58.601562,98.843750
294.401184,143.509618,60.153646,103.942708
292.561361,141.612371,61.546875,101.911458
302.476084,153.176468,59.552083,100.458333
302.460866,157.554011,61.734375,102.223958
296.843608,154.742788,59.312500,101.427083
317.434387,144.587158,44.031250,91.843750
340.548024,136.162542,60.661458,99.932292
337.660868,137.375086,61.364583,101.078125
336.479228,149.247986,56.838542,108.744792
336.031128,159.411530,62.359375,100.609375
313.849945,163.353938,52.166667,87.343750
254.068848,155.756149,54.804688,86.632812
217.949600,157.448552,52.216146,92.611979
204.272898,165.351242,59.901042,102.364583
222.149918,173.984360,50.593750,89.406250
275.674652,235.849792,45.562500,28.312500
343.254425,207.053696,60.656250,49.156250
398.911194,157.091782,56.625000,92.781250
405.863434,155.701965,59.125000,103.445312
416.733673,168.010361,58.226562,104.770833
411.032501,174.089813,60.968750,92.531250
381.672760,183.154602,39.250000,81.250000
320.070282,196.090897,46.500000,65.695312
273.293447,181.622223,59.229167,97.822917
267.903290,186.447205,62.140625,98.398438
254.039490,195.286875,65.796875,97.822917
254.541189,190.903707,56.653646,98.197917
283.155192,176.136673,56.307292,91.434896
319.926921,169.358342,52.031250,88.270833
360.156291,166.469142,43.500000,85.291667
406.449860,171.594299,51.390625,84.312500
441.334412,173.672241,48.148438,95.960938
447.156474,176.188772,60.322917,104.989583
440.536641,182.098119,49.296875,85.885417
411.946320,172.490875,60.796875,103.210938
414.697347,174.509038,58.604167,97.979167
442.508036,178.358297,55.937500,89.510417
462.767639,176.503754,62.757812,90.367188
483.815206,175.662725,52.570313,87.697917
519.164673,173.286636,56.453125,90.578125
526.831970,172.398371,59.838542,107.505208
527.356079,176.480438,58.031250,105.687500
525.844299,186.437607,58.937500,104.000000
515.794169,190.106074,58.562500,94.539063
491.136658,192.450170,46.781250,85.695312
462.468028,185.429693,57.468750,98.010417
446.668070,187.757289,60.312500,99.854167
449.435415,189.227997,55.625000,103.125000
474.048309,188.994156,49.921875,90.164062
498.840210,184.940445,59.500000,105.250000
492.210083,186.800232,46.614583,90.656250
437.773987,197.051417,44.348958,81.718750
395.127319,194.630341,52.187500,87.023438
381.623352,190.764572,56.341146,102.575521
374.721486,189.396327,60.695312,100.492188
368.036774,191.454620,53.593750,98.453125
354.031809,200.778783,58.395833,98.421875
361.183929,205.278463,51.703125,98.565104
385.014170,205.139501,47.921875,88.885417
404.591380,195.162877,55.541667,94.500000
403.980469,186.571757,53.994792,104.841146
374.540375,183.194870,51.250000,86.500000
355.471425,180.879283,52.375000,88.052083
333.503052,179.334437,61.208333,98.041667
324.640584,180.048925,55.369792,97.822917
308.905396,184.820079,54.776042,100.869792
308.241007,190.384064,57.604167,105.270833
319.474701,195.950150,55.687500,100.218750
329.669820,192.839050,58.617188,99.333333
337.277588,182.964890,55.140625,105.414062
329.393107,179.585403,58.221354,101.333333
320.487946,182.092087,54.656250,100.421875
298.199371,186.159470,52.820312,87.625000
270.215698,178.305298,57.546875,100.140625
259.236521,173.186244,59.752604,100.955729
256.155640,176.787857,58.375000,104.593750
262.410583,181.857208,59.171875,101.406250
277.598053,188.970993,55.445312,88.585938
307.325500,184.522446,52.000000,91.000000
334.482442,175.820765,58.083333,93.760417
338.403615,176.286733,58.549479,104.140625
329.161214,179.354925,53.692708,93.015625
306.657430,186.915731,53.317708,91.434896
287.330739,188.804433,54.380208,93.333333
259.509450,183.552851,53.325521,100.492188
240.398193,177.596181,60.906250,104.541667
238.855672,175.792882,59.203125,102.661458
236.938914,163.980789,56.164063,100.135417
218.618423,126.275848,58.593750,110.882812
228.859467,123.394501,67.140625,100.609375
258.090057,152.679413,55.335938,96.296875
273.127889,206.497726,51.833333,93.135417
288.060232,248.401225,54.619792,93.890625
296.458282,275.221985,59.125000,100.539062
296.820068,273.213674,56.700521,98.666667
297.085266,249.607300,48.085938,89.192708
310.328735,204.594208,47.921875,87.734375
316.237518,160.416128,57.197917,101.885417
325.494954,158.536036,61.916667,105.833333
345.663656,201.779826,52.390625,97.822917
346.482503,249.484812,48.666667,92.609375
348.915822,291.543091,52.000000,101.583333
362.098531,329.319041,57.604167,100.802083
363.649862,330.828898,60.354167,100.437500
358.871775,294.137268,52.218750,111.973958
352.183675,256.673035,50.382812,100.549479
347.059265,212.145253,54.625000,93.354167
320.428528,183.602081,64.156250,99.406250
314.463064,191.814524,54.187500,108.145833
326.735270,243.600047,53.770833,91.796875
345.430796,288.505066,51.851562,90.911458
354.400970,312.758148,57.164062,98.398438
352.993286,315.018280,59.093750,100.057292
344.243276,293.418589,53.416667,91.187500
326.111135,250.900645,48.565104,88.812500
305.975098,207.322372,52.453125,94.171875
302.992981,156.955750,59.851562,99.085938
314.537140,161.732417,56.510417,102.135417
322.872284,210.254395,48.742188,110.882812
321.619080,277.176849,48.468750,100.531250
326.708008,312.837921,54.765625,95.453125
322.320506,318.734894,59.640625,100.182292
308.237264,300.786235,55.750000,102.895833
303.502848,257.829946,43.729167,93.325521
301.439484,197.503082,50.406250,91.820312
315.798340,161.362132,61.208333,95.208333
330.564301,169.823949,52.390625,106.760417
329.602610,219.084035,45.403646,110.880208
322.522888,286.315063,48.953125,89.640625
309.406809,313.725047,57.588542,90.023438
303.629242,309.484233,54.125000,98.041667
304.232320,281.136719,49.640625,82.067708
314.164958,237.204163,49.335938,81.559896
324.148438,194.864777,62.757812,92.640625
346.228943,230.160502,49.854167,86.843750
348.906799,275.282623,49.125000,94.500000
342.341492,322.980164,48.989583,96.979167
332.161224,339.556966,58.869792,100.507812
328.941996,325.070424,49.072917,91.229167
317.166565,279.575195,47.406250,80.453125
300.894836,209.243708,52.533854,91.351563
296.639974,164.945552,59.880208,101.442708
314.887024,199.111862,50.406250,86.007812
327.635457,257.758118,43.096354,86.572917
332.165466,305.262207,49.562500,89.593750
330.115041,323.740204,59.000000,96.333333
326.978831,321.822744,54.239583,97.671875
317.127401,292.112844,47.166667,84.677083
321.491567,234.907694,41.408854,81.132812
315.622833,172.755117,50.479167,83.682292
302.700551,135.273814,59.906250,103.239583
305.754700,157.079575,52.187500,89.867188
304.602468,211.706136,46.333333,87.416667
311.740682,268.755371,52.260417,89.356771
333.310974,298.797363,52.328125,95.921875
332.262299,305.202393,59.937500,101.625000
327.045583,279.847616,50.843750,104.463542
314.820730,250.558960,46.908854,86.796875
299.767649,192.472778,49.697917,95.531250
296.692078,136.767034,58.291667,100.544271
304.522593,138.384445,58.197917,104.106771
311.771912,187.181686,46.632812,98.453125
301.678772,255.495514,44.328125,87.656250
305.647319,297.473267,48.458333,95.916667
310.343048,311.638723,57.666667,100.875000
322.350800,304.984222,47.757812,90.804688
328.221608,270.253723,47.578125,89.921875
329.706299,222.766052,49.750000,92.406250
319.788737,168.896093,50.583333,99.458333
308.315399,150.877106,58.281250,103.812500
310.015696,161.863408,52.645833,105.833333
309.332855,213.773865,53.828125,92.109375
312.954519,254.555847,49.125000,108.916667
317.324921,291.825419,52.929688,98.085938
320.798625,291.339010,53.325521,94.596354
331.692942,269.735453,50.052083,78.906250
342.349111,220.514119,47.572917,86.611979
333.509918,182.190948,51.468750,84.671875
316.350708,145.827148,58.093750,104.312500
317.412699,148.729065,56.656250,105.177083
325.054871,187.438721,46.750000,93.250000
320.871368,236.991455,48.632812,91.289062
323.278982,276.293955,50.687500,91.403646
327.907928,294.580750,54.539062,98.343750
329.628703,291.970876,55.687500,94.333333
335.553619,267.651978,46.046875,84.554688
337.975525,233.114217,47.236979,87.953125
332.261627,188.672928,47.963542,87.651042
315.727885,138.189031,60.583333,103.239583
316.994751,139.837769,57.875000,102.664062
316.842468,150.995789,54.625000,102.291667
318.778025,195.151550,51.875000,101.979167
330.679189,250.406535,49.333333,99.932292
325.193420,277.154032,55.427083,91.234375
313.465556,285.604635,58.968750,101.065104
315.782847,269.482605,50.229167,88.598958
325.631215,229.771952,46.546875,89.333333
324.969248,194.377889,49.755208,91.263021
312.247803,151.344055,59.187500,103.520833
310.492798,149.715485,58.398438,101.992188
314.105693,165.364288,50.596354,107.822917
300.767181,212.490036,48.791667,90.416667
292.125661,243.344625,49.296875,96.130208
283.557454,264.278280,53.278646,96.247396
279.773956,278.372681,56.859375,101.260417
296.107391,274.367564,49.919271,90.559896
319.493469,256.927429,57.369792,89.479167
348.581991,242.044902,64.453125,88.333333
388.387817,246.494344,52.562500,48.981771
419.692535,248.308655,47.898438,96.156250
442.217295,254.754415,51.106771,97.684896
444.327087,259.065552,59.937500,103.781250
433.355652,262.610860,50.088542,85.583333
387.896301,261.931183,47.718750,83.656250
343.789856,258.588003,56.265625,84.921875
311.924581,257.075348,51.130208,85.505208
297.583791,254.735158,55.583333,99.250000
298.257100,249.956034,56.143229,97.679688
325.938711,243.205546,49.072917,86.791667
365.273621,226.274017,41.078125,88.890625
382.413076,209.838430,55.000000,102.333333
384.114746,205.333333,56.341146,100.473958
384.867188,200.802307,56.812500,100.875000
386.875854,193.042862,57.270833,105.062500
379.177572,195.458369,48.322917,90.031250
340.557902,207.086751,50.427083,89.968750
302.698497,225.093821,42.265625,85.703125
267.202728,235.446838,51.875000,91.750000
263.382406,243.523163,54.239583,99.773438
279.910929,251.135152,57.010417,79.119792
314.705292,232.183004,61.244792,83.661458
357.812154,213.132243,72.713542,84.421875
414.414754,181.102036,56.312500,93.955729
425.562642,165.530762,56.692708,103.354167
425.249878,155.601074,57.250000,109.593750
407.267008,152.847621,54.453125,89.278646
354.918762,148.595286,67.067708,87.809896
333.491506,155.422195,46.570312,89.742188
287.950521,173.188390,54.229167,90.729167
243.213674,194.338531,50.953125,87.875000
198.511108,206.644989,49.125000,89.000000
154.055491,210.158844,63.325521,89.351562
153.830170,206.468170,57.062500,93.718750
181.900177,219.358256,55.375000,74.255208
263.389170,217.280289,54.619792,64.437500
311.023132,172.555161,71.687500,83.921875
356.246490,143.258301,55.229167,97.328125
365.501404,140.720398,60.364583,107.421875
387.132050,158.418274,53.468750,102.895833
395.317963,162.139771,58.593750,105.578125
383.077382,148.675023,60.570312,101.078125
350.393402,143.433807,56.343750,87.625000
282.568136,122.377803,74.760417,94.531250
238.992259,121.984161,57.763021,87.343750
199.465052,121.947413,54.989583,87.687500
170.351491,119.974859,52.216146,90.447917
154.336426,114.836222,61.156250,103.408854
176.213099,106.222382,51.424479,92.065104
215.734502,94.892080,46.117187,94.098958
238.515198,91.934006,63.531250,92.078125
261.236053,91.388804,60.223958,108.031250
268.940979,100.841034,60.250000,105.250000
264.132141,107.157440,60.770833,96.947917
244.027598,115.456238,57.640625,92.380208
222.943726,117.936757,59.958333,101.229167
228.710663,125.678116,57.460938,102.320312
248.443268,137.022751,60.375000,100.218750
271.299052,144.751389,53.169271,88.986979
301.331238,137.027878,50.726562,92.289062
322.401123,121.436966,57.953125,97.328125
334.992106,117.918762,60.166667,104.541667
342.089020,120.258774,56.875000,106.541667
334.910583,124.882472,59.932292,104.333333
327.198385,131.034205,57.437500,95.846354
301.992035,137.281342,51.250000,90.250000
270.400269,138.247223,57.164062,90.578125
254.140808,141.509852,59.541667,103.447917
255.732849,138.914617,57.848958,103.174479
264.381317,125.441193,55.187500,99.015625
283.294993,90.655716,62.927083,96.911458
335.542480,83.528188,60.583333,90.375000
362.391724,87.149851,57.848958,106.247396
378.744904,96.859044,56.416667,109.458333
388.499613,115.227336,55.263021,109.526042
377.406718,128.130351,61.760417,100.135417
361.482849,137.756180,51.442708,93.348958
333.862467,147.644521,46.692708,90.174479
307.793599,146.763550,60.544271,105.377604
313.486755,138.932220,61.218750,103.078125
324.709808,123.886597,58.041667,105.062500
329.717875,97.127035,56.052083,108.744792
335.400940,93.945847,58.375000,107.781250
353.803874,109.860428,56.958333,106.333333
378.769226,141.321192,57.510417,102.718750
393.285950,168.320109,53.518229,99.765625
364.749746,182.761302,46.625000,89.968750
327.202983,199.420939,39.231771,39.953125
260.399943,175.932332,51.682292,98.940104
229.335907,158.640076,59.937500,107.375000
231.355286,148.907033,58.395833,102.197917
225.056269,129.858312,59.005208,105.252604
212.503418,115.533417,59.390625,109.890625
214.295542,110.445160,58.786458,100.888021
242.668274,117.410660,63.953125,105.390625
281.692169,158.296677,64.531250,96.296875
322.859304,194.604808,59.552083,94.041667
344.420888,212.311930,55.750000,105.937500
339.605143,228.223643,61.125000,98.895833
309.301941,217.605499,55.187500,99.812500
291.700175,193.299032,51.598958,105.973958
287.756531,162.431712,59.296875,94.424479
327.114807,130.409500,50.765625,91.343750
356.557129,87.479421,54.229167,99.437500
381.620605,77.185074,59.953125,105.890625
393.370483,85.779577,57.947917,116.500000
406.505035,119.577169,51.356771,119.875000
411.562612,166.078267,53.166667,111.854167
403.313609,192.384842,58.187500,99.489583
375.564199,207.941142,48.338542,87.916667
323.966492,201.796519,51.851562,95.333333
292.391388,181.363302,59.640625,105.250000
289.189779,158.369558,53.468750,100.614583
292.041595,123.818446,54.989583,99.854167
300.875997,87.120870,56.510417,105.937500
328.233744,86.561239,58.619792,97.552083
349.666168,100.380341,60.515625,110.111979
378.594004,136.460429,55.364583,107.330729
399.952332,177.694733,55.445312,108.312500
393.986827,203.150279,55.625000,94.416667
351.327840,209.440837,67.981771,94.322917
311.755249,195.218399,59.593750,96.312500
278.935689,156.397654,58.549479,93.677083
246.736115,117.696635,52.223958,100.520833
238.593709,81.048731,50.843750,93.890625
257.509003,49.102203,70.250000,94.776042
296.420044,64.585770,57.078125,107.851562
313.151611,105.043605,55.010417,100.283854
333.900818,138.967957,53.828125,99.765625
353.589508,160.566177,56.078125,108.953125
343.058970,181.341995,59.583333,97.354167
312.954397,183.714757,56.885417,94.645833
303.025787,162.157959,55.375000,110.505208
303.774434,131.635351,56.416667,112.625000
307.202148,111.198949,60.122396,107.906250
318.371531,109.246928,60.932292,107.906250
339.723724,118.454315,56.658854,113.148438
346.429281,139.779378,54.489583,108.802083
331.125458,164.523799,58.221354,96.630208
317.646851,175.627462,56.114583,105.270833
310.736328,183.363139,62.140625,106.820313
315.472168,180.427297,62.718750,106.333333
326.869914,154.195445,52.843750,108.802083
333.557831,123.442927,55.085938,109.171875
319.864339,107.194936,56.598958,103.460937
282.421865,110.825292,53.692708,99.307292
282.756877,146.633916,53.317708,116.098958
298.148855,185.473531,52.119792,105.598958
307.084045,198.795197,60.718750,107.421875
310.648895,185.946716,55.718750,108.828125
336.320638,164.906504,48.791667,89.645833
350.036011,123.255478,53.875000,108.218750
338.288086,108.911326,63.437500,109.687500
329.108653,112.336594,57.692708,99.807292
321.782257,145.675242,50.054688,112.346354
328.859446,188.104955,53.169271,103.781250
317.944977,204.726496,59.752604,97.140625
278.835876,207.984009,57.406250,100.453125
278.384237,182.020264,53.864583,100.687500
299.761973,152.999725,54.229167,89.208333
302.175039,125.651794,61.593750,108.481771
294.127899,125.852982,61.625000,108.609375
303.663605,162.508301,59.968750,103.796875
331.042338,205.388601,57.393229,100.283854
329.502747,219.809021,63.648438,103.093750
317.810760,213.749512,58.687500,108.250000
318.471527,175.692352,59.390625,105.156250
320.576965,170.603760,64.125000,108.312500
325.930145,190.741333,53.171875,107.828125
297.455098,241.094757,56.052083,99.307292
284.518300,264.119069,60.791667,104.140625
296.020589,236.597504,49.598958,112.307292
295.403402,209.000966,50.833333,87.429687
300.824229,159.373810,51.291667,95.666667
321.712524,151.262115,60.937500,108.744792
334.025004,201.359868,51.075521,93.677083
327.014557,247.055257,48.609375,113.531250
310.054291,300.979614,54.804688,98.000000
300.018483,298.961670,54.419271,98.325521
294.134796,263.526428,49.984375,94.515625
302.521952,202.060923,48.265625,93.382812
308.822520,166.276128,65.208333,102.197917
330.145732,200.853226,51.492188,99.789062
328.720317,243.717875,49.580729,100.403646
312.636678,287.161072,53.687500,90.276042
298.339528,283.792470,53.223958,100.507812
288.071147,254.440816,50.552083,93.447917
293.693268,200.169113,54.437500,94.515625
320.943553,173.493764,60.906250,102.322917
337.266713,208.565491,52.994792,98.005208
336.375651,258.770732,50.377604,96.070312
325.230499,287.212006,58.585938,94.132812
298.740672,287.886770,55.229167,91.619792
285.578094,260.005859,47.500000,91.820312
280.281718,191.205154,52.757812,96.234375
299.245616,168.611745,64.708333,110.317708
323.531047,228.233907,42.822917,89.208333
306.575002,291.665456,45.723958,96.218750
305.640900,333.945811,54.421875,101.679688
313.661448,323.729106,55.101562,100.546875
324.383108,296.579926,50.843750,95.401042
325.597198,249.843628,51.859375,99.085938
320.896332,223.418294,60.791667,104.140625
318.020966,247.291087,51.333333,97.734375
311.316905,293.811768,51.822917,102.645833
314.242778,321.608968,58.031250,103.656250
321.596151,308.836436,49.598958,102.901042
320.123657,278.937297,47.177083,91.864583
311.073700,218.518982,52.000000,98.750000
296.138885,194.223175,58.890625,107.132812
295.604797,208.280792,51.781250,116.625000
283.020569,256.962738,51.695312,104.804688
269.247162,276.307007,56.125000,105.125000
265.476196,252.432129,48.656250,104.906250
274.202545,210.024124,49.984375,90.804688
295.510671,172.673197,61.692708,92.744792
317.771790,203.404378,52.031250,94.927083
312.391022,259.547272,50.406250,82.375000
282.699036,290.025452,58.278646,87.953125
278.225240,290.337006,51.377604,101.755208
286.406881,247.808797,45.161458,84.979167
290.442657,185.270248,47.062500,82.812500
286.176524,124.597768,57.213542,108.197917
279.417358,122.855377,54.625000,102.062500
277.507772,185.060486,49.330729,88.283854
277.971507,237.230001,50.997396,95.515625
266.534973,256.796519,60.440104,100.544271
259.384755,245.950195,50.671875,99.591146
264.481018,198.834895,54.958333,93.604167
290.098836,153.182027,57.875000,95.791667
297.349213,149.757472,60.364583,104.526042
292.677521,178.351527,54.989583,101.375000
278.529826,214.814514,49.398438,85.505208
257.190592,230.166901,61.520833,92.875000
245.324259,238.321381,59.221354,101.229167
221.786407,229.891083,60.554688,106.187500
227.925507,227.425323,64.375000,90.375000
256.787842,227.863708,56.468750,89.281250
266.654205,228.206512,61.859375,104.164062
270.871338,227.277435,62.513021,101.445312
281.999268,220.815013,62.132812,98.812500
290.536285,201.296539,58.234375,105.414062
294.852600,191.808151,60.375000,103.343750
303.660889,190.971476,57.947917,106.875000
301.288940,195.989721,61.546875,102.718750
291.534922,201.130137,65.393229,102.888021
283.535238,202.230433,59.981771,100.687500
270.383423,200.719004,60.570312,99.489583
262.059296,197.875229,60.122396,102.236979
278.610168,187.736598,57.763021,94.539063
305.861715,170.815964,51.187500,98.333333
312.764282,153.036987,56.544271,103.432292
334.871033,152.555115,53.289062,91.179688
351.988678,154.022786,59.429688,108.481771
348.150462,157.878606,62.171875,101.442708
324.226664,158.995372,55.010417,93.135417
294.625712,157.133189,62.927083,102.953125
293.855682,157.096313,61.958333,107.875000
288.537343,156.654088,63.304688,104.010417
276.098511,151.778834,58.872396,106.148438
271.630981,139.193481,61.742188,107.096354
283.462341,127.599258,61.703125,105.179688
295.853668,124.560257,63.156250,106.187500
302.699677,125.385437,58.679688,111.343750
305.893463,133.121902,58.679688,108.835938
307.108154,139.297404,59.427083,109.625000
315.488861,141.984746,59.333333,108.500000
323.696106,149.060038,62.088542,108.317708
318.164958,153.326986,65.796875,104.841146
306.465790,159.590968,64.135417,104.010417
296.698507,164.486196,59.875000,104.848958
297.498871,168.378087,60.122396,107.906250
304.917338,172.753810,62.088542,107.492188
317.406637,184.149572,60.692708,107.302083
321.607259,195.225520,61.546875,104.333333
318.253632,205.193039,62.156250,100.781250
313.558350,212.361176,61.351562,105.609375
315.300191,218.449656,60.692708,105.666667
318.613464,221.297852,61.125000,106.625000
318.019114,222.914897,66.010417,103.864583
309.386556,225.201274,64.671875,102.875000
305.087524,227.626841,60.437500,106.666667
306.992493,231.072693,60.312500,106.625000
306.981567,233.473175,59.687500,104.518229
