226.000000,206.000000,122.000000,99.000000
236.570170,201.500000,137.354167,108.708333
252.957672,205.266174,136.953125,109.281250
256.123983,215.349945,138.669271,108.356771
256.292989,223.413584,140.088542,109.463542
254.218231,230.697174,135.062500,110.570312
244.973511,237.748413,137.257812,111.789062
239.250987,244.136912,136.536458,107.127604
248.250224,245.128713,134.604167,108.135417
259.386810,251.045807,135.585938,111.687500
255.427572,260.082967,137.088542,110.127604
246.827260,262.501516,139.093750,107.127604
248.381958,261.679810,139.804688,106.695312
254.585846,267.957123,141.078125,109.242188
262.262034,283.024139,140.500000,110.791667
269.909027,295.798472,140.044271,108.856771
275.590424,301.317322,139.375000,111.187500
257.257446,299.629517,147.546875,108.640625
236.515320,289.740082,146.687500,109.937500
234.864777,271.165833,142.273438,114.546875
240.651367,257.964722,145.765625,115.218750
256.290039,249.204102,147.752604,112.747396
267.977936,253.461212,144.781250,115.218750
252.267212,274.600830,151.500000,115.218750
222.377116,293.476359,149.218750,113.536458
208.707713,293.534973,145.338542,114.312500
227.794576,268.433990,146.901042,114.776042
254.264323,246.611410,149.385417,114.312500
266.847727,247.369395,152.666667,107.979167
279.705963,255.660217,152.835938,113.226562
266.775462,260.130025,153.335938,113.536458
238.506002,255.464783,154.708333,108.046875
205.371185,249.355316,155.062500,113.890625
195.556315,244.725983,150.625000,113.218750
198.726573,244.491679,152.179687,112.682292
207.657715,247.026652,149.739583,111.531250
210.249654,244.399038,150.445312,114.093750
210.899862,250.051880,152.468750,114.260417
201.398193,254.105835,153.625000,115.125000
196.878408,247.384654,157.552083,114.604167
197.136169,231.691742,148.109375,115.885417
196.652608,216.618083,151.104167,116.989583
208.837321,199.135803,157.552083,117.375000
223.168081,200.612681,148.333333,117.166667
211.901642,220.900116,154.708333,119.026042
204.874451,241.473083,150.890625,118.367188
208.462118,253.855459,159.828125,116.638021
230.792236,260.422496,152.294271,120.369792
218.089701,271.475871,155.973958,117.934896
212.509155,277.260864,157.960938,118.367188
207.876394,266.577850,151.994792,119.231771
193.257517,244.786723,153.713542,117.286458
192.039693,217.681925,152.312500,122.890625
203.107279,208.620809,159.406250,119.447917
213.849030,212.770325,156.250000,114.562500
223.387146,212.751221,160.960938,119.945312
227.318136,204.249441,151.664063,122.966146
238.697306,197.240153,149.145833,120.656250
229.218892,196.499268,150.075521,123.604167
203.485423,209.109945,153.156250,124.979167
184.180044,231.486643,153.927083,123.630208
186.998688,238.191345,154.812500,123.187500
205.747518,229.539795,152.026042,120.973958
229.309611,220.124552,155.648438,124.997396
242.991140,209.207570,150.023437,124.476562
237.584401,198.147420,155.416667,124.250000
234.907440,192.260437,150.296875,123.281250
215.291565,196.078247,156.226562,124.062500
180.575419,205.846405,165.226562,121.713542
175.464081,203.510010,153.976562,125.382812
168.425110,185.058868,154.812500,128.937500
167.934204,156.242935,154.398438,128.101562
163.364400,151.142227,155.583333,124.958333
165.965052,168.476888,155.369792,122.187500
194.397847,164.145869,161.377604,123.057292
228.773743,162.327494,154.843750,122.080729
223.735443,181.970428,154.562500,130.390625
212.283325,236.213521,149.869792,132.182292
223.307302,300.612742,156.411458,121.223958
260.966461,320.608948,171.625000,119.015625
297.328593,301.956187,155.765625,135.130208
276.899261,272.181274,151.710938,129.328125
233.790588,238.106262,153.927083,127.958333
193.819611,209.985229,160.250000,126.125000
181.235977,204.403778,156.687500,124.375000
185.150177,222.542175,156.484375,124.515625
189.009918,240.409780,162.585938,127.648438
190.259237,238.654592,158.619792,124.419271
197.264435,218.087189,154.398438,125.179688
201.793162,194.919891,158.822917,126.968750
203.297333,182.230952,162.848958,123.122396
195.537099,184.516073,160.187500,124.812500
191.080983,200.256388,167.250000,124.958333
201.459900,215.621704,166.343750,118.677083
233.395355,207.599884,161.140625,120.744792
247.710907,199.085236,165.203125,123.062500
262.574005,205.416840,162.562500,115.562500
287.679301,216.415965,169.088542,123.505208
328.757314,226.779287,166.953125,126.192708
351.598541,226.996002,160.664062,126.343750
351.959351,213.436066,158.992188,127.984375
334.386108,198.132975,156.312500,125.250000
300.417643,192.019725,171.320313,124.736979
285.498779,198.001556,161.312500,122.718750
285.583832,199.686686,162.276042,122.690104
287.047180,199.894196,162.562500,122.906250
279.545654,208.597270,163.742188,124.156250
269.436401,222.790558,159.828125,122.718750
262.851237,230.735738,159.958333,123.500000
268.951670,232.117401,159.062500,122.473958
274.544271,234.341939,161.718750,124.072917
252.863586,243.812012,163.421875,123.554688
219.555461,255.259440,165.476562,122.505208
206.305339,241.132172,160.750000,125.250000
226.346486,219.162130,163.708333,117.854167
253.389954,201.672709,163.166667,121.177083
261.828562,193.731257,161.416667,122.041667
252.140340,203.104889,161.416667,127.875000
234.199687,219.379649,160.106771,128.880208
231.965169,233.310720,161.593750,124.419271
236.870595,237.288116,161.661458,123.338542
258.636414,233.736776,168.734375,126.065104
270.622447,231.826457,163.450521,123.976562
261.682343,221.979767,165.765625,125.687500
251.655385,217.459524,164.216146,126.781250
261.339386,223.637543,169.291667,122.710938
279.170237,225.304443,164.783854,124.213542
276.946503,209.233826,171.109375,129.328125
260.476166,196.328654,173.958333,126.085938
245.754598,187.501658,169.041667,124.333333
250.195801,184.692866,168.656250,121.833333
256.294759,184.848022,163.932292,123.572917
242.042725,185.275101,168.734375,121.234375
208.440816,181.504639,173.489583,121.445312
193.560120,176.236252,165.351562,121.625000
203.804830,171.465418,169.625000,125.250000
216.409780,172.818466,164.125000,126.364583
195.833089,170.041875,174.976562,124.419271
150.926534,176.092092,172.559896,120.940104
132.431747,184.943364,168.708333,123.786458
180.338654,185.876989,174.697917,114.802083
244.001404,186.144562,171.375000,118.500000
277.416595,188.671875,163.742188,125.622396
280.667389,189.896393,165.140625,126.343750
274.709880,191.568558,163.562500,124.427083
256.112274,182.234650,164.281250,124.203125
215.402313,175.683955,167.557292,114.494792
188.433757,176.292618,157.403646,124.401042
188.530365,177.903971,159.697917,126.515625
201.586273,178.237564,158.067708,126.950521
205.089752,177.679560,158.434896,124.593750
193.704773,170.691208,157.320312,125.179688
192.833679,169.848760,157.598958,123.937500
195.838175,168.609126,159.958333,126.416667
217.221497,164.047226,159.625000,124.375000
245.934967,152.210602,164.031250,127.312500
261.574839,136.620936,157.270833,130.223958
247.809275,135.155757,155.645833,128.880208
236.593486,143.861440,156.411458,128.554687
254.220032,140.786621,157.239583,121.864583
279.756938,134.854335,158.255208,125.072917
290.571035,136.867243,156.411458,130.020833
281.438263,161.127960,153.890625,136.078125
263.858215,205.033122,156.036458,134.963542
257.122375,228.400045,156.841146,126.580729
259.970032,210.152212,154.945312,137.351562
253.949432,188.136953,155.859375,136.122396
243.035197,176.426737,155.859375,131.567708
228.315135,176.760071,155.645833,130.367188
217.969971,182.158630,155.375000,130.140625
211.930847,181.114288,156.484375,130.328125
216.538422,173.458796,154.755208,134.447917
237.222595,163.568665,155.375000,134.593750
259.268260,156.532522,154.158854,133.341146
266.335999,161.725189,153.890625,128.656250
265.416504,163.715775,151.476562,132.484375
270.330414,171.496735,151.609375,132.414062
272.042633,185.156962,151.744792,135.645833
265.703400,200.095540,152.937500,138.041667
258.802104,214.630290,151.184896,136.315104
256.842560,214.614797,151.744792,134.182292
261.483276,195.416779,153.085938,138.320312
269.288493,180.970337,151.304687,137.640625
265.805623,170.612310,150.479167,134.036458
249.996216,157.501531,149.177083,132.877604
238.570374,161.390900,149.867188,132.523438
231.304036,161.122660,151.583333,140.000000
220.227275,172.583572,149.020833,141.468750
219.625854,195.715576,149.276042,141.710938
243.705058,204.748739,151.520833,143.994792
276.729767,196.642700,156.445312,137.976562
305.148834,179.407990,150.015625,140.984375
303.563466,166.165014,147.005208,139.479167
302.692566,171.172073,146.468750,125.687500
319.316223,161.246847,149.203125,132.265625
338.476939,160.644623,145.791667,128.416667
347.027913,159.251114,146.979167,127.328125
346.874369,144.697113,144.872396,133.476562
323.995453,150.947220,147.625000,131.812500
306.303314,170.052353,146.312500,131.781250
325.499980,164.515579,157.979167,128.010417
371.378642,161.341095,155.104167,126.950521
402.386424,158.999588,144.427083,134.182292
409.327576,165.710419,149.330729,132.049479
415.431061,169.682861,146.976562,136.859375
428.075734,177.685374,145.890625,129.791667
441.959229,163.290629,146.296875,139.174479
439.220042,156.138046,144.731771,131.395833
411.966766,154.525533,144.968750,132.265625
374.326579,166.199376,165.114583,130.864583
329.517181,174.634308,149.500000,133.000000
317.076823,189.704132,143.661458,121.825521
324.570801,180.177185,142.046875,125.453125
338.019511,167.420751,140.718750,133.869792
350.873199,158.256790,143.557292,130.854167
361.118225,160.085052,140.343750,124.703125
353.596039,158.469391,140.453125,130.882812
344.055511,167.531921,140.992188,136.750000
338.222066,180.551773,140.000000,132.760417
313.225474,177.667938,143.294271,130.614583
267.855245,165.333689,145.135417,122.302083
226.978882,163.089650,141.190104,123.145833
203.643799,175.200790,139.875000,124.750000
209.037394,172.753042,138.822917,130.635417
222.252350,174.194702,140.984375,125.888021
223.710419,159.720662,138.156250,135.385417
206.366313,164.111872,139.322917,130.854167
194.366943,175.652634,139.960938,134.346354
209.520569,194.153147,138.416667,124.250000
246.233978,204.009613,142.375000,121.984375
266.107249,211.887207,138.239583,131.377604
245.458476,214.801320,136.260417,112.796875
210.095062,198.892303,138.812500,124.375000
185.741536,197.554362,136.093750,129.270833
180.557734,193.735911,137.979167,129.760417
210.607117,185.490646,139.085938,122.679688
258.836141,186.909770,138.559896,120.854167
287.464437,193.460297,135.895833,129.151042
285.000458,193.942078,133.773438,131.091146
247.892517,194.117849,141.781250,121.078125
189.104492,186.265554,142.916667,127.906250
145.690735,193.452560,135.750000,125.924479
132.113541,195.051442,134.473958,123.578125
148.168747,175.382812,133.812500,125.843750
175.593557,164.607335,133.708333,129.645833
191.470439,171.648153,132.500000,118.802083
196.976695,172.625727,133.546875,120.552083
212.034790,163.193558,131.984375,129.390625
236.947693,165.676142,130.838542,126.822917
253.470886,171.669952,134.351562,127.750000
255.680817,179.327098,132.354167,125.583333
246.640930,186.375168,131.921875,122.570312
234.858398,183.399872,131.468750,132.773438
230.621857,201.064941,130.882812,128.148438
231.904958,212.913554,132.942708,130.250000
233.811462,209.634735,130.882812,133.617188
242.504588,181.452881,130.005208,139.611979
248.850911,167.858658,129.177083,129.177083
245.489349,164.943314,131.343750,134.031250
243.399587,183.870290,127.979167,133.500000
233.259237,205.507121,131.750000,131.750000
219.807261,216.157827,130.005208,130.005208
208.677917,222.302704,130.585938,122.570312
209.552755,193.585459,126.750000,135.919271
215.668294,174.130575,126.302083,131.750000
215.366821,180.127075,130.585938,114.554688
225.609965,168.630056,131.627604,130.359375
243.150299,196.202647,127.666667,123.666667
255.186056,211.859019,129.648437,125.750000
253.062653,225.448334,128.500000,116.546875
246.119080,196.517822,127.562500,133.890625
245.943410,185.195699,124.757812,128.750000
253.090485,177.127975,129.070312,125.109375
256.642588,186.652720,128.250000,116.320313
261.103475,193.417399,128.083333,114.104167
261.819977,193.872665,129.296875,111.687500
265.918905,187.492488,126.986979,113.265625
273.128693,173.159012,127.250000,124.750000
284.464793,171.931290,123.955729,122.661458
289.918660,175.120285,124.776042,110.739583
288.865143,164.463364,124.882812,108.937500
278.149709,160.821142,125.046875,104.372396
265.303101,168.871857,128.062500,113.812500
272.485626,195.723429,129.213542,106.807292
298.950928,220.701955,123.395833,101.364583
313.112213,205.562378,123.226562,111.585938
300.353861,182.400014,127.479167,106.804687
279.394633,167.550613,122.778646,107.104167
261.118174,174.941055,122.776042,109.770833
264.955658,192.182800,120.882812,102.718750
280.968557,204.418849,122.953125,102.046875
285.081004,207.432332,124.942708,106.234375
283.342021,199.597575,125.583333,107.614583
281.338226,173.385818,128.531250,111.687500
269.865682,157.814463,124.492188,107.028646
276.840678,158.291423,130.656250,101.843750
300.439026,170.952403,121.989583,102.822917
309.889496,179.964310,127.882812,105.765625
286.656138,205.708099,121.052083,63.427083
247.031036,166.282104,127.609375,93.390625
223.714539,167.985733,122.210938,99.554688
226.484222,168.106598,125.031250,98.617188
245.791829,159.981893,128.187500,101.833333
262.444204,153.076152,120.674479,100.531250
267.247650,149.339325,120.765625,104.796875
245.638448,147.730927,129.921875,97.401042
214.374146,149.861969,122.875000,101.781250
199.958496,162.000946,123.226562,105.765625
193.982707,176.813436,125.960938,102.158854
178.991928,181.026962,122.507812,101.273438
161.256297,191.738841,126.463542,103.442708
154.874140,204.169510,125.960938,100.968750
169.153417,193.560028,126.111979,106.234375
189.085856,170.251745,130.656250,112.648438
198.758362,175.921600,122.734375,99.132812
185.949844,180.259842,126.046875,98.914062
172.780884,190.711685,125.875000,102.750000
178.903356,200.799103,119.229167,97.947917
196.324865,187.996806,122.218750,105.382813
204.994049,139.380890,120.531250,133.421875
211.461080,157.376180,125.145833,95.645833
234.154348,129.068843,121.166667,117.666667
251.058319,154.421432,123.656250,97.898438
251.069702,171.530106,118.570312,98.781250
246.287059,190.182800,119.398438,97.973958
241.920848,188.281606,120.526042,100.229167
237.159515,161.639125,118.752604,99.317708
224.542725,140.311768,117.679688,93.890625
208.552745,137.014786,123.791667,94.190104
216.369781,151.123474,121.375000,95.500000
232.029968,173.081940,121.656250,93.726562
240.441172,182.722143,125.833333,95.739583
252.018575,165.350698,122.489583,104.322917
267.942332,154.226659,121.971354,99.656250
280.109192,154.422729,122.734375,94.023438
280.609497,162.746155,125.007812,94.843750
275.558868,178.006297,124.760417,94.104167
247.838074,184.226649,124.192708,85.765625
201.141642,189.988347,120.093750,68.593750
168.658885,164.096705,123.500000,89.812500
156.051956,162.017731,127.296875,95.187500
156.516617,165.693573,125.875000,95.500000
162.142075,174.626282,126.468750,94.531250
172.470520,173.063507,126.468750,93.390625
196.759842,147.215007,127.583333,112.890625
228.155182,160.037796,125.687500,91.250000
244.494029,158.558706,127.291667,92.335937
247.738820,156.337112,128.713542,93.677083
248.151866,155.273595,129.333333,92.666667
240.696238,161.276031,124.760417,94.104167
230.891734,172.917470,127.583333,98.197917
224.845764,187.386536,127.000000,95.500000
202.960724,195.228653,125.031250,90.578125
171.103104,200.299800,128.278646,90.648438
139.603460,199.381165,128.062500,89.052083
115.962733,195.773499,133.635417,89.052083
114.345815,186.402028,131.872396,96.593750
127.221695,181.863754,131.375000,95.289062
153.743418,179.208201,125.833333,96.666667
178.402466,176.722839,129.890625,88.828125
194.625961,171.520253,131.101562,87.734375
213.517426,167.616486,132.828125,89.257812
231.910044,167.823318,131.291667,91.541667
237.862498,156.867900,136.979167,95.739583
226.943726,137.757182,134.296875,93.372396
204.904297,141.763168,133.703125,91.796875
195.065704,149.529846,139.125000,94.234375
207.261719,148.713908,139.052083,95.018229
230.413493,159.372004,137.500000,82.666667
242.443756,152.469376,114.156250,86.421875
255.682973,141.005132,139.875000,86.218750
263.632263,134.272115,147.854167,94.854167
260.166036,137.451945,149.666667,95.078125
253.189514,138.011185,126.531250,102.156250
245.160258,156.890630,138.145833,102.677083
242.274780,177.526942,141.072917,96.447917
240.870036,179.037359,142.072917,95.859375
248.031545,177.119527,133.276042,94.442708
256.537791,179.340022,111.091146,86.755208
264.907654,163.894348,107.851562,90.226562
280.491882,146.625061,148.609375,94.171875
304.469889,161.601624,108.697917,87.817708
329.367472,180.819305,105.427083,87.674479
327.812561,202.327103,110.283854,90.231771
302.802378,253.958923,137.809896,53.460938
269.354004,226.711182,112.328125,91.820312
253.115743,209.917124,107.708333,94.369792
257.798299,188.655752,108.312500,89.375000
249.344493,145.221517,155.145833,111.250000
238.152435,166.861806,154.427083,97.562500
251.445740,193.619125,110.125000,88.750000
273.943512,195.536270,152.984375,105.890625
268.736176,205.896383,155.890625,99.770833
265.781677,196.185410,107.171875,91.835938
271.124369,175.225469,107.380208,89.463542
269.544373,168.558075,154.375000,94.729167
275.720459,197.453857,107.132812,90.375000
282.012970,215.712769,107.250000,92.375000
289.036306,206.561223,109.828125,90.135417
297.975311,185.185328,108.791667,89.098958
297.907288,187.290421,108.734375,88.213542
291.618286,203.114792,107.640625,88.343750
293.382477,216.342367,108.932292,84.494792
289.789978,203.430817,110.000000,90.000000
265.615519,189.823908,113.122396,84.320313
244.718994,182.365468,110.406250,84.067708
243.552236,181.146922,164.145833,93.515625
260.049042,206.220154,113.015625,88.937500
271.335531,218.798787,109.604167,86.630208
280.650208,207.866486,107.828125,87.671875
284.109283,188.842341,107.367188,88.119792
290.303955,181.891159,107.640625,88.343750
306.667196,203.231176,112.578125,76.390625
318.349609,202.327174,109.208333,87.953125
295.449076,208.197886,112.432292,72.924479
256.821747,198.806224,114.697917,66.520833
232.646637,170.169006,109.773438,85.093750
231.906372,174.131927,110.546875,87.484375
218.723419,186.564880,115.890625,83.640625
203.020752,193.251694,113.578125,85.945312
212.249593,197.010895,119.294271,82.263021
244.137594,187.962652,118.859375,88.877604
259.226227,190.496750,111.742188,88.539062
237.880503,196.992421,120.927083,83.708333
210.445943,195.706614,122.739583,92.304688
212.586792,207.619812,122.171875,83.617188
251.319122,218.752391,126.937500,63.968750
280.488383,186.172358,116.697917,87.773438
273.699249,178.859116,119.296875,87.890625
257.661224,182.097046,121.062500,86.000000
241.904215,185.916697,121.356771,87.273438
245.617350,193.310374,130.822917,83.614583
291.680684,200.329763,138.583333,73.583333
343.848185,192.700663,129.036458,83.908854
352.375112,186.157827,116.916667,87.666667
332.755615,178.560181,136.000000,84.320312
301.162679,172.912730,137.916667,80.500000
257.379456,176.458806,136.171875,81.223958
233.504944,189.142212,112.851562,91.132812
223.460612,205.120783,153.250000,84.526042
287.726929,210.570068,131.906250,88.640625
304.693980,205.761439,111.994792,88.916667
267.752126,190.811595,153.463542,89.763021
253.699412,182.587336,128.177083,91.997396
235.730845,197.409210,109.500000,91.416667
240.406423,215.236359,137.260417,86.833333
263.910248,211.022858,113.500000,89.875000
273.247742,191.654785,112.312500,93.046875
265.404592,181.883759,114.966146,89.403646
253.666484,185.563146,116.729167,92.531250
255.269501,201.767685,111.234375,89.619792
261.282491,205.850057,123.916667,89.541667
286.467468,193.866898,117.195312,92.218750
297.509949,177.224548,119.880208,92.861979
318.804362,168.792104,117.489583,94.411458
341.924052,190.191981,113.656250,94.343750
355.535350,213.315979,111.234375,93.942708
355.645386,211.258575,114.687500,94.500000
354.190399,191.183472,113.937500,95.476562
347.966187,171.222397,116.109375,93.304688
350.210236,167.222321,115.281250,92.640625
347.145020,171.191620,125.458333,94.343750
354.836904,176.870005,116.338542,93.942708
332.080271,177.018855,126.666667,94.166667
272.601278,175.846598,152.171875,101.781250
251.321421,189.221654,142.250000,96.343750
251.648214,188.381902,128.687500,94.401042
235.439097,175.263616,128.166667,97.510417
206.892273,157.415665,131.067708,96.536458
145.780711,132.945282,158.822917,113.406250
161.442708,160.761429,121.463542,101.187500
156.262054,179.039032,137.437500,99.281250
193.076945,162.672353,140.510417,107.406250
241.303223,158.801402,139.833333,97.687500
272.292704,138.372096,125.994792,99.296875
270.623433,137.721049,125.833333,97.833333
269.808472,148.984985,122.406250,106.218750
280.558350,179.421417,128.734375,98.265625
303.259969,174.323476,124.161458,101.140625
296.751119,163.256322,129.333333,99.000000
264.401632,163.337163,134.296875,98.049479
218.663839,185.460826,129.812500,103.572917
193.616364,213.609222,128.255208,103.044271
203.993134,221.249878,135.187500,100.750000
225.969543,211.617655,129.812500,104.765625
218.393311,198.898056,131.781250,103.929688
197.917877,196.026825,129.734375,102.062500
190.871587,208.697978,128.619792,104.765625
199.874725,233.825989,130.570312,107.562500
215.860738,259.492645,131.567708,105.700521
229.429596,265.795349,132.625000,99.718750
236.958049,238.631653,132.770833,111.208333
251.046448,214.441284,135.585938,109.171875
269.077504,207.220622,135.864583,101.833333
270.629242,212.029419,136.281250,107.031250
273.192922,207.199595,143.427083,127.041667
282.085337,203.796824,167.687500,129.322917
340.448201,208.834625,138.414062,112.041667
329.769236,163.138514,141.994792,128.817708
263.654134,143.169484,163.093750,129.843750
235.295105,184.663162,143.406250,107.078125
219.032603,201.338989,140.401042,130.739583
220.629161,224.127167,150.614583,122.385417
250.525594,196.137065,145.895833,130.570313
264.539113,188.683283,147.890625,110.447917
266.120911,171.277451,145.921875,128.148438
266.022257,177.070943,156.268229,132.052083
302.605570,177.185760,154.291667,118.916667
325.690104,169.303965,177.432292,135.088542
360.758148,182.132309,152.140625,125.468750
321.646332,185.344727,154.812500,120.312500
257.174164,186.822479,160.250000,128.968750
223.424225,187.107315,156.187500,132.312500
203.691325,169.428467,154.158854,136.315104
198.615804,154.393326,155.062500,132.406250
207.992788,147.322520,162.437500,135.531250
230.110565,151.741989,158.781250,132.484375
246.040538,152.486928,162.614583,135.427083
234.218109,148.059052,195.906250,141.765625
290.573090,163.061386,165.125000,127.750000
296.479828,146.620778,161.604167,138.440104
275.889954,143.440389,163.229167,136.710938
257.325765,141.679860,162.958333,139.598958
240.605733,156.511027,163.010417,128.406250
231.216888,156.916412,163.843750,133.687500
236.615326,149.260162,164.416667,141.291667
246.436269,145.242432,166.208333,140.791667
242.973633,145.564519,168.070312,142.611979
231.212667,149.263662,170.257812,142.854167
243.602753,160.714035,171.625000,147.250000
286.179260,178.595764,176.500000,137.500000
323.915009,181.935959,176.500000,144.000000
315.661438,173.683614,176.838542,142.002604
279.346975,163.800425,182.614583,147.942708
238.738424,162.327047,187.770833,148.718750
210.413289,161.931783,181.916667,148.864583
194.437734,170.377787,180.101562,140.869792
202.885193,163.545456,178.218750,150.062500
215.721252,169.338776,181.531250,144.062500
224.057597,155.994619,182.968750,150.955729
235.697906,145.570953,182.289062,151.210938
243.292633,139.894216,182.562500,153.166667
235.374624,145.201136,185.395833,145.385417
227.699158,143.823532,187.492188,149.851562
229.956136,140.406667,187.692708,152.796875
225.536346,140.937653,189.921875,149.312500
198.024709,133.149414,195.828125,155.458333
170.664795,139.970535,193.265625,157.328125
166.146464,150.416066,193.677083,162.776042
179.873840,168.559728,196.161458,151.973958
183.808868,149.201441,198.369792,166.072917
165.488556,141.645035,200.578125,159.156250
143.329122,148.218165,202.093750,164.854167
132.842529,171.872167,203.575521,165.710938
126.569519,207.954112,205.526042,148.182292
121.332748,194.743256,206.695312,164.828125
121.326818,185.741892,207.156250,168.979167
127.932571,179.397654,211.375000,164.625000
144.123413,168.752233,210.812500,170.015625
151.498240,180.491816,215.877604,158.708333
161.394409,172.200195,216.541667,174.203125
165.511505,189.878677,218.687500,156.203125
174.326935,165.535599,220.093750,175.890625
162.299642,157.453354,225.023438,178.604167
149.629191,172.705043,225.718750,167.458333
137.153356,174.886342,227.294271,177.229167
134.020437,184.425252,229.020833,168.906250
131.048737,164.925049,232.002604,180.895833
116.163447,160.118724,235.895833,180.375000
112.017309,167.750880,238.898438,181.031250
121.915817,180.414093,239.875000,182.289062
123.336533,206.699758,243.546875,166.953125
117.943344,198.195485,245.359375,174.348958
103.753677,182.674133,250.218750,183.617188
95.888733,189.643768,254.828125,170.218750
96.834045,187.937256,257.281250,170.406250
100.584045,178.801839,258.510417,188.677083
99.064000,204.318176,262.250000,175.166667
91.988113,204.656128,268.187500,179.125000
91.659821,185.694946,266.687500,196.291667
93.693944,186.840383,272.627604,189.958333
86.712662,172.167247,276.437500,196.395833
69.152410,174.262238,281.635417,189.703125
35.869349,177.919952,287.653646,198.526042
26.800563,189.646444,289.791667,195.187500
