477.000000,142.000000,80.000000,111.000000
475.783854,144.502604,85.432292,110.958333
474.535645,140.742752,84.648438,110.851562
472.219604,136.372025,84.864583,114.166667
469.502869,132.500814,86.750000,115.333333
464.227295,130.516220,89.541667,115.583333
460.644257,129.221324,91.091146,118.648437
454.433909,127.718109,95.250000,122.333333
458.390615,127.029836,91.281250,123.604167
454.486949,126.285156,93.968750,127.171875
455.054952,123.033819,91.416667,133.234375
453.771637,121.325531,92.875000,136.515625
454.339630,121.267685,91.434896,132.541667
454.343465,126.072327,91.315104,126.755208
453.514669,110.889282,91.070313,134.437500
454.364960,119.921310,90.578125,128.476562
453.920746,117.793655,90.583333,135.375000
450.950104,119.140411,89.429688,122.734375
449.629395,116.916000,98.343750,128.968750
448.358368,117.443146,91.726562,125.031250
445.168335,117.913528,91.968750,126.359375
442.122742,118.947556,92.822917,124.177083
439.751434,118.489431,93.510417,128.062500
436.103760,120.535716,96.593750,126.182292
432.748484,126.561381,97.687500,121.859375
426.527089,121.826543,97.510417,128.166667
421.960358,125.483856,98.781250,125.554688
415.735097,130.701213,94.867188,118.044271
406.440277,140.226547,100.140625,107.851562
398.126587,147.472590,97.416667,116.916667
384.789795,144.137390,101.242188,115.562500
378.142670,145.166534,101.953125,129.687500
366.990448,148.563787,102.500000,121.166667
356.218770,157.649231,101.140625,114.953125
348.598053,153.645737,98.648438,123.341146
335.688487,152.633082,99.966146,127.765625
323.232747,152.697144,98.049479,147.158854
310.329834,164.254761,97.898438,118.750000
293.753713,163.690425,107.166667,141.000000
285.094808,174.544932,102.588542,118.500000
274.259796,172.100815,107.854167,117.145833
262.890513,175.976852,114.166667,125.833333
252.029083,175.672745,118.500000,128.291667
245.897288,175.724152,123.755208,128.765625
217.033610,165.830678,148.942708,146.369792
216.676849,167.249374,149.671875,141.562500
197.489237,168.315369,168.473958,141.507812
213.412272,166.767914,154.427083,142.510417
228.638865,166.366094,136.122396,145.231771
182.792562,164.061529,187.109375,152.484375
215.744141,161.936707,152.562500,152.562500
225.973358,160.305542,151.804688,151.804688
228.494364,159.568309,143.750000,154.158854
248.664520,162.838537,126.968750,145.791667
256.140747,163.999603,128.875000,137.125000
256.935262,151.426636,126.937500,143.187500
246.980632,141.007406,137.796875,143.161458
248.180573,128.417114,144.437500,144.437500
256.906128,105.364670,133.890625,150.132812
254.455953,96.031219,135.166667,146.833333
254.313863,87.982783,135.166667,149.750000
260.093109,77.620331,129.562500,154.398438
254.350952,70.823410,128.187500,148.421875
258.600789,63.999822,118.583333,158.250000
262.845001,57.891052,114.750000,143.187500
264.549530,51.107330,110.476562,151.023438
255.528839,48.097458,115.867188,148.875000
265.450887,40.502792,106.072917,142.916667
267.519470,40.890610,103.453125,137.171875
268.190399,39.143250,100.984375,130.609375
269.700226,38.865128,100.210938,127.703125
270.075897,37.738289,105.296875,127.562500
271.078074,37.604073,99.229167,119.593750
276.971110,40.007543,94.317708,119.354167
287.304382,39.122281,88.291667,118.843750
294.342723,37.637060,84.114583,119.885417
298.942932,39.436676,84.750000,119.296875
304.677826,45.179932,84.531250,113.406250
312.958700,41.975545,83.854167,118.208333
316.442037,52.397555,90.945312,111.622396
325.756938,52.381986,81.440104,113.005208
334.722290,50.325623,82.000000,115.000000
344.748128,47.133728,81.416667,121.625000
352.797791,44.392303,83.085938,124.648438
360.467407,50.764849,85.791667,126.067708
372.296082,53.599861,85.296875,118.799479
385.302104,54.756541,89.763021,121.091146
392.639618,55.039345,94.166667,119.083333
408.780121,58.462313,92.645833,114.729167
422.771383,57.290202,96.489583,121.166667
432.193034,58.830839,101.312500,125.833333
448.913300,73.781863,96.026042,104.138021
459.029480,79.433678,100.140625,110.054688
458.214823,75.965706,112.583333,117.947917
483.007935,74.753464,96.625000,111.250000
487.994100,85.632421,100.427083,109.072917
494.399618,81.563705,100.666667,114.750000
503.119751,82.031230,99.083333,128.062500
508.008931,87.796427,100.687500,128.187500
509.840658,93.539607,100.166667,136.333333
509.308838,94.660202,101.406250,168.343750
507.295512,97.777145,101.416667,166.687500
504.258403,105.701619,101.145833,159.125000
501.580037,104.412816,97.354167,148.135417
494.769389,107.574666,98.093750,142.906250
489.108012,108.364950,97.692708,134.411458
476.427124,115.747696,103.796875,128.898438
471.211304,119.266510,108.578125,131.289062
455.610616,121.389771,114.276042,130.458333
454.531413,124.661346,100.778646,132.354167
449.197927,125.670115,98.242188,134.257813
441.073130,120.046977,105.218750,143.552083
431.875458,133.929657,102.882812,128.039062
422.219574,129.560974,107.382812,139.656250
414.314667,142.357437,106.000000,121.000000
406.870544,153.628754,107.875000,122.125000
396.755249,159.087087,105.218750,112.406250
386.992126,160.584579,109.111979,130.734375
384.950836,166.064234,103.572917,119.078125
379.391307,171.430450,102.979167,124.997396
369.606750,174.764481,117.927083,130.789062
363.397278,180.458374,107.710938,134.695312
355.628510,186.567673,111.322917,129.916667
347.877299,185.176768,108.843750,133.635417
338.837616,173.510101,107.914062,148.164062
329.908508,175.750549,109.906250,148.343750
325.487854,194.869720,107.343750,131.984375
317.171509,198.635712,113.091146,130.335938
310.934550,200.923930,115.934896,128.565104
306.333405,201.435425,106.695312,128.343750
302.548848,194.654460,109.700521,130.463542
303.344757,194.185822,104.101562,136.398438
304.671132,192.734324,106.143229,138.304688
307.588674,198.235616,104.567708,131.091146
313.562317,199.937195,105.812500,121.656250
320.301086,200.780538,109.770833,119.229167
327.421977,201.077972,102.380208,115.500000
337.244934,188.370728,100.687500,135.804688
348.277384,195.350474,102.158854,127.151042
358.627289,216.193054,100.750000,101.937500
369.132568,217.465220,102.718750,107.239583
370.536652,218.622467,126.968750,131.312500
373.201569,229.331604,134.453125,103.656250
394.770498,221.220571,131.572917,132.770833
416.149719,199.694702,112.945312,154.453125
417.990540,212.506989,111.906250,143.593750
424.473175,234.134979,115.812500,127.554688
426.564514,219.142375,126.986979,148.192708
436.762614,235.812307,122.966146,135.804688
440.483063,236.029633,124.750000,138.500000
445.009115,228.482534,122.471354,148.044271
439.151286,227.701833,126.000000,148.135417
442.895131,234.215658,117.000000,131.666667
435.921092,220.565287,118.945312,148.114583
439.089172,216.380951,107.343750,146.250000
435.829895,212.495575,107.992188,144.085938
433.448385,207.369273,107.557292,149.140625
419.343831,205.825053,125.934896,135.140625
423.378723,204.963562,119.898438,149.289062
423.489482,204.256154,122.447917,149.739583
424.157399,205.077362,121.531250,149.239583
424.479889,200.649628,120.593750,153.968750
424.109528,189.426239,120.437500,161.671875
423.564992,185.131399,121.825521,169.864583
426.506439,184.063690,122.500000,167.500000
423.893667,185.189819,124.419271,167.541667
423.417277,185.201721,122.921875,165.067708
418.339122,185.679576,123.986979,166.958333
410.248535,184.773081,126.562500,169.911458
405.797913,181.868195,125.921875,170.101562
372.901377,178.184896,154.531250,175.604167
372.187703,184.258616,152.750000,162.234375
370.020966,186.149363,159.130208,164.020833
366.986471,193.471792,151.955729,160.250000
355.752024,193.471883,140.302083,150.020833
339.916748,177.661102,121.046875,156.445312
327.259338,194.834961,112.031250,123.718750
313.211405,192.839396,113.429688,123.145833
287.017151,191.063477,129.070312,118.507812
279.330831,188.310842,119.187500,121.729167
269.446177,189.163757,114.585938,113.364583
242.968475,187.530106,118.562500,115.000000
200.769104,166.983154,149.369792,128.695312
217.285502,169.575129,133.979167,133.979167
215.877869,177.172119,129.070312,127.750000
201.831818,169.004990,134.078125,137.992188
196.864339,166.567454,136.609375,140.718750
179.211151,167.924454,146.648438,140.992188
186.502289,169.521622,131.166667,141.520833
185.886887,155.089249,127.562500,159.906250
179.291946,170.581375,127.984375,144.226562
170.814301,173.982132,131.539062,151.190104
167.228607,170.609131,130.843750,153.927083
157.176641,198.899974,135.604167,126.729167
154.494110,199.567810,136.000000,131.781250
152.735235,202.438110,132.177083,133.515625
147.775223,205.808716,134.593750,127.914062
145.701385,197.744080,136.351562,140.453125
142.723628,197.643168,136.260417,145.921875
139.865036,196.048767,135.335938,143.820312
136.348267,200.182465,139.578125,140.992188
136.836990,201.817393,137.911458,139.322917
133.897934,195.107727,138.414062,138.414062
134.425812,198.965729,136.648438,133.851562
132.829981,193.810343,139.390625,132.606771
131.327708,192.278259,137.153646,130.135417
126.644007,184.259725,139.674479,141.020833
124.175980,179.680328,142.406250,142.406250
123.103149,171.518829,131.093750,142.406250
117.467331,161.006165,133.000000,142.625000
111.993490,160.184357,134.203125,144.229167
106.877853,160.312088,144.083333,142.666667
94.096410,143.091685,148.916667,163.708333
84.806503,123.981374,150.000000,148.447917
40.309392,114.602239,194.145833,136.354167
83.370417,97.422628,152.653646,144.671875
97.413747,94.641286,131.567708,130.049479
100.519084,84.894745,127.958333,136.614583
101.317851,81.325923,128.632813,136.867188
103.271851,69.260290,127.906250,138.822917
102.312698,50.577888,135.578125,131.500000
101.680115,35.418617,140.726562,142.057292
123.070964,35.759730,122.437500,125.229167
124.279037,30.880961,126.924479,122.947917
126.528844,24.069402,136.416667,124.697917
136.759552,21.319372,133.197917,131.848958
159.251821,5.539558,116.768229,153.541667
161.100276,3.998141,120.145833,150.625000
175.101466,4.373138,112.747396,153.138021
200.652512,2.302714,97.002604,158.812500
210.669037,11.915390,94.750000,211.000000
222.422058,12.747009,92.875000,203.125000
227.888947,11.745255,95.296875,149.750000
226.228984,10.101700,103.093750,108.135417
229.215790,10.641983,107.614583,102.822917
231.931132,13.474561,107.973958,145.528646
249.728333,14.165581,93.039062,146.828125
251.649394,13.025838,93.708333,126.156250
251.080465,19.595805,94.411458,139.468750
251.569183,20.016853,94.632812,132.085938
252.970378,23.558535,92.419271,116.080729
260.079834,26.990379,82.875000,132.000000
253.248250,30.796216,90.052083,130.822917
256.556702,33.035782,81.859375,119.593750
251.688568,36.592590,84.921875,126.882812
251.264028,38.077855,80.588542,118.231771
249.467183,40.860354,81.645833,115.333333
250.103577,45.192627,80.000000,114.000000
249.557576,48.117831,80.223958,111.140625
250.630646,51.756388,79.257812,109.208333
252.650635,53.000064,77.992188,108.408854
252.677826,54.780551,79.677083,107.166667
235.489258,46.728340,97.354167,114.697917
251.219248,55.006447,84.864583,110.125000
254.281036,55.147072,86.664062,102.789062
267.076650,60.847590,76.359375,105.343750
255.378296,62.765892,89.500000,101.484375
266.133667,61.000755,86.250000,107.562500
267.924052,55.840096,91.083333,110.666667
276.496073,55.409874,87.447917,105.541667
273.278849,55.362549,90.838542,104.218750
280.227590,57.752068,82.815104,103.958333
284.980347,58.287888,75.786458,101.916667
282.635864,59.701752,77.817708,101.934896
283.945241,58.588921,78.000000,108.250000
280.969045,56.511505,83.041667,104.484375
277.519104,57.536606,86.500000,105.203125
279.216858,57.876717,85.039062,106.726562
276.075226,63.813225,86.351562,102.523438
277.365987,68.631017,80.979167,101.882812
271.772766,71.331052,84.796875,100.114583
265.149923,72.213643,89.369792,99.710937
266.417969,73.754532,86.937500,100.609375
271.095734,74.844866,83.864583,103.135417
264.979675,77.543289,90.062500,103.187500
265.187500,80.585846,91.820312,99.632812
259.137065,82.662730,96.958333,105.770833
261.329264,88.299138,93.578125,97.692708
269.094666,84.418111,85.557292,105.453125
269.252930,92.793513,86.104167,96.989583
268.368164,94.738419,87.734375,96.312500
282.723704,93.948863,74.190104,97.002604
277.570302,97.713399,79.617188,97.690104
276.847870,97.886047,80.453125,98.109375
268.861776,99.310913,87.895833,97.750000
271.920044,103.411647,84.669271,97.830729
280.552612,106.298426,75.473958,97.156250
281.911448,109.410039,74.458333,97.750000
280.078674,111.948990,77.312500,95.523438
282.116333,117.166117,74.057292,83.739583
280.152435,119.423141,77.070312,82.921875
284.892232,122.951991,72.958333,79.500000
287.597931,127.517949,71.619792,77.052083
290.714417,128.840363,69.906250,76.796875
294.705261,132.510025,68.500000,79.000000
294.152934,135.282908,70.434896,74.250000
296.559153,137.984863,71.010417,72.500000
295.411570,142.523936,72.000000,71.260417
293.556081,145.525467,76.223958,70.265625
295.701263,148.516912,75.010417,67.458333
295.979655,151.534561,76.171875,68.065104
296.428426,154.414602,73.989583,65.796875
303.094604,156.984421,71.729167,65.166667
306.025970,158.130325,73.515625,67.117188
306.693176,159.884064,71.437500,64.250000
303.140839,161.735931,77.924479,64.515625
305.606781,161.646398,73.583333,61.718750
304.148946,162.225245,75.653646,62.640625
305.516479,164.132614,72.770833,59.658854
304.926086,165.635864,71.875000,58.750000
305.276276,167.304652,81.083333,55.895833
301.533936,166.746490,77.875000,53.531250
301.456207,167.523331,73.554688,54.598958
305.753560,165.586772,70.104167,60.416667
302.590373,166.650925,75.979167,58.187500
308.845825,163.862239,70.940104,61.789062
306.903412,160.673172,73.843750,60.062500
305.296641,158.276215,74.421875,65.822917
306.095581,155.702515,72.617188,66.359375
305.628377,153.029297,76.291667,69.052083
307.657013,147.370834,70.718750,72.234375
307.962067,141.901627,70.031250,73.703125
306.292816,134.919495,71.500000,81.781250
306.103882,129.473969,72.929688,86.851562
305.696462,119.087957,76.320312,92.518229
307.540456,117.998342,75.708333,95.234375
306.915965,112.840759,77.541667,98.416667
310.312134,106.434998,73.140625,95.406250
311.307159,99.111725,71.242188,97.257812
315.145721,94.151382,70.609375,101.546875
316.645579,91.061228,69.919271,96.963542
318.151794,86.720383,70.828125,95.523438
320.101013,80.434677,71.679688,98.929688
325.561076,74.936452,73.841146,100.169271
327.346690,67.773898,76.481771,101.346354
329.443166,65.558482,78.000000,96.333333
334.321045,57.599561,73.083333,99.213542
337.823608,55.013888,76.260417,99.281250
341.020111,50.581230,76.250000,99.541667
347.967133,45.165100,75.812500,100.750000
353.017080,43.231110,77.145833,99.541667
360.000346,37.950139,77.809896,99.497396
367.264709,33.991875,76.906250,99.497396
373.599416,29.618713,81.208333,100.348958
381.067108,24.242302,84.671875,105.125000
390.449921,19.466965,82.968750,107.750000
398.976624,18.352814,84.601562,107.664062
409.112050,19.711942,81.578125,118.385417
416.608887,23.417892,84.921875,113.578125
428.100037,22.652100,89.916667,109.114583
436.760173,22.683027,89.812500,114.312500
446.970551,31.806396,80.101562,107.523438
457.749420,30.626579,77.197917,115.296875
458.292816,42.304072,84.450521,112.921875
466.681854,50.257390,88.119792,115.471354
470.653870,56.303085,86.312500,107.640625
478.628662,67.906110,79.679688,95.221354
473.641418,74.377823,83.968750,96.875000
471.420044,89.591408,83.500000,90.062500
469.793945,92.202906,81.424479,96.786458
467.066681,98.129710,83.510417,99.270833
465.171061,99.006358,83.015625,99.984375
465.113800,103.833822,87.497396,103.656250
457.148214,107.992065,81.932292,122.398438
458.328440,110.721141,81.645833,117.375000
454.144104,123.341782,85.296875,114.750000
452.328288,129.376287,101.804687,108.932292
449.233012,129.399363,106.703125,125.921875
445.595469,132.519307,99.770833,110.994792
447.495677,141.035624,91.533854,112.835938
448.868286,144.732000,89.375000,96.739583
455.372467,147.018372,97.000000,102.000000
454.610718,159.310160,95.080729,99.216146
456.852346,163.819997,90.927083,96.989583
457.025391,168.172709,93.041667,100.875000
458.997742,172.607330,89.687500,104.804688
465.438202,177.970194,74.229167,104.906250
457.663381,182.869975,88.429688,100.651042
467.900675,180.272303,77.375000,101.854167
469.474609,183.798691,79.093750,101.406250
468.322378,182.424795,82.354167,98.070312
472.452006,181.420405,78.252604,97.338542
467.791484,180.394587,83.705729,98.247396
470.098785,183.828094,81.625000,92.875000
472.123108,179.617193,76.906250,97.690104
471.386953,178.572077,77.817708,105.507812
472.908203,175.378845,76.000000,106.000000
471.627747,173.160889,77.875000,109.750000
470.329102,168.504166,78.835938,98.054688
471.200094,154.707499,76.651042,103.994792
472.730042,151.036102,76.304688,103.265625
474.226135,150.252248,76.093750,101.125000
474.246847,146.370316,78.252604,108.244792
477.809001,135.816600,75.546875,127.156250
475.435730,131.314418,79.203125,129.333333
474.583801,125.982035,79.906250,136.718750
475.937500,122.832031,80.273438,141.085938
476.827515,116.437815,82.708333,143.437500
475.053223,114.471008,85.312500,125.250000
478.103109,110.077906,81.354167,116.244792
480.114563,106.245575,79.812500,108.104167
479.662659,106.281845,80.757812,101.898438
475.703979,100.604385,84.187500,103.093750
475.208333,94.124537,86.020833,101.479167
478.018127,84.896637,80.437500,109.500000
470.504659,80.348572,86.708333,109.109375
461.100708,79.028732,94.000000,107.000000
461.819499,74.215299,89.541667,111.416667
451.536194,64.118790,90.718750,118.562500
445.134735,59.263346,91.091146,117.588542
439.259867,58.097321,94.984375,115.869792
427.586497,53.858009,94.570312,118.231771
423.289347,50.928421,88.755208,114.130208
411.738983,48.230578,90.135417,104.645833
402.659454,45.246895,86.328125,106.171875
392.117391,41.259514,93.750000,106.309896
383.489492,37.615873,89.768229,105.726563
371.736755,34.828133,86.479167,105.906250
362.601888,32.119069,85.333333,104.500000
356.063538,30.575958,79.460938,101.203125
350.009399,28.508987,75.953125,99.718750
338.116852,26.136108,75.570312,101.625000
328.552734,25.105103,75.570312,98.929688
315.431000,26.575577,81.335938,92.812500
314.716583,21.396027,73.500000,103.406250
304.958374,19.033119,75.570312,103.421875
296.001506,5.784312,76.906250,114.859375
292.671804,4.243843,73.989583,115.697917
282.935445,17.366165,77.458333,102.307292
277.186269,15.866999,77.343750,105.518229
269.209106,11.500778,80.023438,114.421875
266.449310,16.797707,79.125000,122.093750
255.392944,12.384542,86.885417,113.156250
256.410492,17.900536,80.375000,119.070312
253.428487,18.059237,80.523437,113.903646
252.292786,20.025927,79.257812,139.158854
248.968079,22.343796,80.218750,137.093750
226.690399,24.378799,102.546875,136.046875
240.881755,27.614863,84.520833,129.578125
228.589793,31.900426,96.028646,117.958333
226.414347,35.909088,95.210938,122.562500
232.321757,37.590363,85.348958,120.322917
234.865509,41.946907,78.148438,106.468750
229.896149,45.300354,77.020833,101.125000
223.349823,46.366928,78.687500,101.640625
220.655263,51.917592,76.218750,96.968750
211.065531,53.829341,80.437500,101.791667
212.351695,58.442406,79.515625,94.346354
214.958542,58.350034,76.671875,100.156250
211.149277,63.570374,78.179688,98.125000
202.025131,70.315727,84.453125,91.265625
202.179230,77.429703,83.250000,82.375000
198.595383,83.198891,86.416667,77.875000
196.162074,88.536430,84.789062,72.093750
203.744568,66.402496,65.187500,92.812500
202.652985,91.893242,66.742188,76.023438
212.479645,107.739349,60.484375,57.546875
208.588847,115.888580,74.281250,74.281250
205.984924,122.806992,70.765625,50.937500
207.418645,130.594554,76.375000,87.541667
207.451228,136.914632,88.812500,87.348958
208.615143,128.161992,90.276042,88.812500
207.931315,132.049988,90.276042,85.885417
208.078089,137.814362,90.276042,83.690104
207.391937,136.524094,82.958333,80.763021
219.282537,118.463216,61.736979,48.565104
216.350423,145.173574,82.958333,76.372396
217.059896,139.040914,81.494792,80.031250
216.980031,141.529002,81.494792,79.299479
207.953100,137.092667,91.007812,81.494792
206.777557,136.569489,92.471354,82.226562
207.304276,138.127945,88.812500,80.763021
207.758840,138.410660,91.739583,83.690104
206.544200,139.888672,91.843750,85.114583
202.867615,139.471588,95.460938,84.867188
202.334356,139.459081,96.429687,85.523438
209.941762,135.008077,89.541667,86.000000
209.772074,114.868490,89.557292,108.533854
209.982727,102.505168,88.880208,121.601562
210.526042,92.495773,88.377604,130.593750
202.363770,114.978043,95.875000,109.281250
215.603953,114.405019,82.453125,113.781250
217.353923,107.871297,81.833333,116.187500
217.816071,103.087845,84.281250,120.843750
210.256205,101.407481,94.984375,121.091146
212.318075,94.576411,95.286458,129.273438
221.931407,86.491943,87.328125,89.630208
232.400909,80.839478,79.750000,90.687500
222.358215,79.331001,91.398438,83.085938
224.757192,71.990824,89.828125,89.828125
227.763916,65.082230,89.125000,97.562500
229.175913,62.663834,89.398438,98.903646
230.032776,47.050552,89.406250,108.625000
228.555664,41.816559,93.718750,117.906250
228.495697,43.862399,96.390625,115.468750
232.026530,47.659899,98.807292,109.796875
229.131866,47.788658,106.656250,107.734375
228.535583,44.179283,114.953125,111.601562
248.117961,47.432508,103.179688,112.575521
254.430644,41.129512,103.138021,116.606771
254.905853,40.202461,110.750000,117.609375
270.201314,39.750036,102.158854,109.299479
270.080729,37.071569,109.500000,110.630208
281.176147,37.185783,108.953125,113.546875
288.991262,37.908511,111.388021,113.664063
294.590566,40.504829,112.500000,114.822917
299.908173,41.510559,108.351562,116.609375
304.869476,46.212944,111.156250,117.015625
309.651510,48.725062,114.059896,118.820313
314.522675,53.097247,119.927083,122.354167
315.960083,59.537285,119.723958,119.723958
322.422445,66.286250,115.760417,120.750000
327.245290,73.575424,121.458333,126.375000
332.761495,81.994013,123.708333,126.291667
337.345551,93.401535,121.609375,130.687500
341.587484,98.164683,120.674479,123.304688
347.029694,105.207713,117.916667,139.520833
350.505127,112.137258,119.666667,107.666667
358.228088,117.859406,116.171875,117.437500
364.626526,124.572113,111.906250,104.593750
370.748322,129.217453,108.531250,110.843750
376.072021,135.048309,106.177083,122.182292
381.087392,132.316437,101.052083,122.239583
379.759816,140.423762,105.296875,113.408854
386.137044,139.828369,104.322917,112.270833
405.576742,143.787018,87.817708,128.479167
411.009003,142.852285,93.968750,114.997396
416.115051,144.455775,93.494792,113.929688
424.045532,144.591700,96.721354,117.156250
431.735657,132.280421,95.075521,129.385417
438.041870,133.375534,103.906250,127.031250
443.686432,133.279175,108.578125,125.312500
448.639781,133.950104,105.588542,127.479167
449.718323,134.716675,109.281250,126.125000
454.203471,148.847656,116.052083,114.828125
456.860413,148.701309,121.052083,122.252604
458.635559,155.784225,128.039062,112.945312
474.257304,152.100123,122.755208,135.307292
476.677938,154.534963,128.565104,133.825521
483.729085,160.929769,132.354167,133.708333
494.358378,166.580007,131.000000,125.583333
501.027364,171.456706,132.177083,128.161458
507.077454,171.854335,132.606771,128.536458
514.111389,177.636246,126.302083,124.940104
513.707682,175.474314,125.250000,134.309896
513.362915,175.815720,127.312500,134.031250
513.739176,181.055125,129.893229,132.606771
514.765869,182.192042,125.726562,136.455729
513.922119,179.403198,128.781250,138.296875
511.231750,179.560150,130.328125,138.671875
508.814107,187.796488,131.296875,134.098958
494.359131,177.424927,147.578125,146.195312
498.689392,178.872955,139.046875,152.125000
492.352763,178.649923,140.015625,141.510417
489.015767,176.723419,134.927083,136.382812
484.666077,175.652618,122.609375,145.234375
469.502380,177.351842,114.817708,135.638021
452.314941,178.524719,125.109375,133.031250
428.762014,180.859838,143.666667,130.333333
426.636068,180.918421,135.500000,125.692708
404.756134,179.461212,144.817708,117.682292
399.139893,180.821503,143.666667,119.666667
380.969828,169.818441,153.541667,115.406250
383.064585,163.258377,142.104167,136.677083
373.987406,174.882314,149.203125,128.031250
367.242401,173.497894,153.375000,144.750000
363.453400,173.435135,153.289062,144.242188
356.317179,174.844523,146.651042,145.101562
350.045512,172.217906,136.937500,126.364583
344.600586,174.047409,137.315104,128.705729
340.543335,175.318710,139.281250,128.218750
335.599945,178.769485,138.671875,148.406250
330.485107,179.858627,136.867188,128.101562
325.234090,177.680603,134.250000,127.309896
319.753133,180.541097,132.177083,145.562500
314.714508,188.222260,113.291667,134.346354
306.927307,179.650024,118.562500,141.273438
300.091777,185.102498,125.286458,125.286458
288.198059,175.847839,121.914062,140.234375
277.113190,172.699142,129.125000,138.093750
262.745158,182.912750,136.260417,124.776042
256.770528,179.922389,111.562500,123.000000
230.360402,178.506780,126.666667,126.666667
217.728160,171.276438,127.822917,132.895833
227.642792,168.016602,108.367188,134.877604
223.913157,169.445969,105.614583,132.083333
208.587311,165.589722,114.554688,151.609375
206.860392,164.551331,110.203125,151.625000
205.110870,152.771347,104.750000,161.812500
195.733353,158.586975,110.973958,155.231771
196.134125,152.945251,107.945312,150.195312
187.671102,151.967967,117.580729,162.117188
190.713531,150.386871,115.125000,164.625000
191.303853,152.013962,119.697917,162.484375
192.434479,154.239212,123.343750,158.500000
193.618418,156.403386,126.619792,149.203125
193.419312,157.709635,134.098958,146.708333
201.113841,155.935649,136.901042,141.104167
204.050690,159.485336,139.281250,136.515625
212.274913,164.394155,139.802083,135.638021
219.954803,164.011871,138.500000,134.375000
214.532756,159.678375,147.010417,137.458333
216.078878,160.023046,151.664062,131.575521
222.519684,158.990982,149.476562,131.093750
233.415558,157.009857,142.242188,132.453125
225.878113,152.573329,179.046875,134.880208
229.278829,146.848312,151.854167,137.348958
233.579132,149.355214,145.500000,133.458333
247.786987,146.373993,130.328125,136.140625
252.454753,144.891642,125.687500,131.229167
252.485321,143.680206,123.789062,133.031250
252.882334,140.909012,124.031250,129.322917
251.814290,138.533834,124.130208,134.609375
250.173431,136.152359,125.109375,126.429688
222.103139,131.198461,149.927083,134.520833
249.084615,126.040309,125.104167,142.640625
250.156942,130.934779,124.533854,135.638021
249.069305,127.229538,129.828125,135.140625
251.519836,124.957672,129.250000,135.929688
254.207265,121.539027,128.750000,136.734375
254.659403,120.310588,127.666667,135.666667
260.247477,118.026896,125.000000,134.333333
262.627258,114.946767,122.807292,117.453125
254.218689,109.095123,132.164062,121.976562
262.949249,109.967031,123.750000,119.914063
270.886230,107.604426,116.479167,116.479167
269.986287,105.296982,114.338542,115.544271
269.976603,102.856323,114.500000,116.864583
269.844391,100.543213,115.049479,118.651042
269.317780,99.385895,116.039062,118.460938
260.616302,99.743210,124.515625,117.250000
257.621307,98.989197,128.039062,121.750000
271.809143,100.360998,112.979167,111.677083
280.798584,102.036702,103.669271,116.039063
291.096242,102.006749,94.958333,113.750000
302.191437,104.958633,85.906250,117.187500
294.962240,106.662710,96.390625,117.588542
297.957397,109.505188,96.156250,107.093750
300.692627,109.624268,98.359375,105.687500
301.956757,111.364960,105.125000,106.187500
304.902802,114.203140,103.593750,107.781250
308.212351,116.069275,104.614583,122.588542
311.853760,118.959961,115.265625,111.937500
317.262115,121.661285,114.625000,116.875000
319.733215,127.208817,108.351562,114.250000
323.249146,129.065323,108.218750,128.750000
325.479279,133.235545,109.291667,129.302083
325.014262,134.884781,112.135417,131.052083
325.683634,139.887222,113.114583,128.619792
325.978505,143.055171,115.177083,135.187500
323.630961,148.204112,116.286458,133.276042
321.884583,149.970734,116.296875,137.148438
319.192851,151.499507,116.958333,139.645833
316.458659,166.673086,115.494792,132.218750
313.142761,172.867350,117.276042,131.963542
307.525004,180.491430,121.744792,130.458333
304.014140,192.068975,109.395833,122.000000
302.677755,196.798925,108.812500,121.989583
299.347595,190.241699,101.593750,132.812500
295.182322,193.522624,96.765625,132.234375
292.555450,195.508453,97.617188,132.539062
282.730245,199.057404,100.213542,131.361979
279.627869,202.396027,97.953125,132.171875
280.640503,207.795685,98.125000,128.187500
279.742065,203.229309,97.750000,134.875000
289.666138,209.605947,96.536458,128.765625
291.336751,202.427043,88.343750,138.734375
293.600749,202.554382,89.669271,139.054688
286.690043,202.950450,99.317708,140.473958
289.503754,204.428864,105.296875,138.109375
287.964783,211.744751,108.164062,127.872396
293.559387,214.307068,105.958333,128.619792
289.939748,214.870534,109.750000,127.875000
290.178253,211.079987,106.875000,132.140625
295.470764,213.776947,97.281250,124.093750
294.333567,211.541575,111.091146,133.109375
287.373240,208.203491,110.453125,132.343750
287.055695,212.091187,114.322917,131.567708
288.249725,214.127096,110.770833,126.986979
287.228027,211.560516,120.531250,132.484375
294.034658,215.337463,101.416667,127.776042
288.553650,211.493357,107.151042,131.005208
288.954336,216.267263,108.309896,127.601562
290.248881,207.164388,106.416667,136.364583
295.837626,215.768850,93.382812,129.104167
295.154022,211.852173,97.093750,131.078125
288.249084,211.780548,104.583333,131.656250
289.613373,212.634471,105.958333,131.005208
291.975545,216.374583,101.843750,128.255208
294.764404,211.104268,101.333333,132.833333
290.014292,217.283437,107.104167,126.395833
287.698853,212.558573,108.109375,131.911458
290.032043,216.535034,99.085938,128.148438
294.249237,211.001373,110.843750,132.812500
294.498678,213.410288,106.578125,129.635417
288.452179,213.408813,108.020833,129.911458
290.505076,216.319387,109.515625,126.395833
288.643433,214.339569,111.687500,129.734375
287.538116,214.154297,105.812500,130.187500
294.668518,216.269073,102.953125,127.562500
288.689830,216.018809,111.921875,127.427083
288.609070,216.793884,96.664062,126.937500
294.356689,212.196594,98.617188,131.921875
288.907939,212.244425,104.583333,131.656250
290.587524,217.578735,106.645833,125.854167
291.487030,210.122864,101.273438,133.125000
295.616516,213.005768,101.406250,130.093750
294.366608,215.782064,104.583333,128.125000
290.269948,212.350047,103.486979,131.218750
290.718028,212.495992,106.416667,131.572917
294.434957,213.366536,103.708333,130.291667
294.524689,211.954865,100.750000,131.625000
289.618744,214.322083,107.151042,128.619792
290.348938,215.787771,110.489583,128.341146
294.958069,215.925385,94.442708,127.208333
296.323690,211.947571,97.906250,131.361979
289.367421,208.577443,118.708333,136.364583
287.770864,213.034271,111.091146,128.408854
294.325653,214.406982,94.242188,129.359375
294.534882,209.841187,108.046875,134.520833
294.496511,215.752380,102.500000,127.875000
294.225067,210.941213,106.234375,133.127604
289.635651,215.183197,110.164062,127.335938
291.554108,209.079193,105.671875,134.546875
295.004211,213.145477,91.109375,130.609375
294.017365,210.331299,100.609375,133.421875
295.659607,199.968750,99.015625,143.242188
293.976817,214.318929,92.601562,129.242188
295.013885,210.067637,101.820312,133.109375
295.940206,210.305339,103.708333,132.708333
293.791951,215.663483,104.372396,127.479167
291.793254,210.567830,105.041667,133.416667
294.991720,214.293477,114.828125,129.515625
284.889008,212.402954,115.460938,129.296875
296.879842,215.253571,93.187500,128.833333
295.004384,210.765645,109.742188,133.127604
295.377960,212.185242,118.750000,129.789062
292.953267,213.794932,104.570312,130.143229
288.619273,197.653381,110.218750,145.411458
297.882314,213.585205,89.046875,127.328125
288.320526,217.239746,100.296875,126.937500
293.932098,211.474284,112.651042,133.369792
302.079376,212.762288,95.250000,130.291667
298.032806,217.012278,97.401042,127.598958
294.694265,212.148987,99.723958,132.244792
294.451538,215.505564,98.802083,127.427083
294.005056,213.075846,100.388021,130.789062
293.556763,217.186096,100.093750,127.226562
296.464661,217.064056,108.812500,126.390625
294.733734,215.235626,102.156250,128.968750
288.351501,215.528046,109.773438,127.703125
296.422974,215.762756,102.062500,128.531250
293.793091,209.904297,105.992188,133.125000
294.951263,216.005371,93.578125,126.906250
294.052094,211.079437,99.437500,133.421875
295.250010,216.063812,100.643229,127.054688
295.162242,214.982544,104.354167,129.018229
289.025269,212.422139,108.309896,130.013021
296.162292,214.146027,108.773438,130.570312
295.974436,210.213481,107.937500,133.750000
288.504669,216.152283,102.859375,127.703125
293.684601,216.961731,104.812500,126.046875
295.174591,213.184418,102.601562,130.093750
293.480591,213.281677,102.453125,130.765625
287.789113,214.807963,106.645833,128.255208
287.587941,216.213226,109.536458,127.427083
293.807536,215.964813,101.075521,127.601562
295.938914,214.858653,99.656250,127.843750
293.045980,217.656209,103.179688,126.669271
295.547516,215.361277,106.223958,128.687500
289.630188,215.238403,103.929688,129.359375
293.525879,216.859314,102.453125,127.226562
291.490540,217.364502,102.901042,126.598958
296.012868,216.375875,99.218750,127.281250
294.093964,211.565552,106.929688,132.539062
287.596354,216.267375,110.921875,126.799479
288.049703,216.917898,113.848958,127.054688
296.122732,216.264882,109.236979,127.479167
288.928070,216.149323,101.578125,127.335938
294.776123,214.062307,103.666667,130.500000
288.376109,214.935374,108.541667,127.875000
295.324371,214.819621,101.187500,128.619792
287.816132,216.618195,107.875000,128.062500
295.355682,217.079753,106.455729,126.598958
289.510040,216.910492,106.351562,126.937500
289.665771,213.649475,104.312500,130.437500
295.580322,212.429291,104.992188,131.289062
295.826843,216.851023,101.151042,126.799479
296.383901,211.273275,95.078125,133.406250
295.277486,218.670044,100.166667,124.666667
297.238291,215.644887,96.752604,126.747396
295.869120,215.843638,95.888021,126.755208
293.429525,212.404592,99.541667,130.479167
295.834656,215.491791,99.945312,127.882812
294.091003,215.813629,109.291667,128.125000
288.344248,215.959117,116.786458,127.872396
296.082011,214.108917,93.773438,129.645833
294.938019,215.800903,105.760417,128.125000
289.346303,215.468648,107.614583,127.979167
294.465434,213.681173,104.765625,129.812500
294.430450,215.841909,100.427083,129.177083
291.463409,215.703746,105.760417,128.125000
294.564016,213.528849,100.968750,130.721354
294.247213,209.419352,105.528646,134.890625
287.686188,215.007141,109.625000,128.140625
295.115712,201.666595,100.427083,139.958333
297.156830,203.802673,94.812500,135.546875
293.667053,204.873566,94.750000,134.593750
293.733948,198.788706,94.867188,136.585938
296.126414,200.816345,87.489583,129.596354
297.099976,200.714437,87.200521,127.572917
297.323720,197.269114,87.041667,125.760417
301.370117,191.968318,92.861979,126.364583
300.727580,195.363724,95.958333,118.041667
299.223541,195.366333,95.062500,113.656250
304.802765,193.456818,98.989583,110.705729
312.882955,184.566767,99.328125,115.187500
320.762878,177.975220,96.156250,115.843750
325.768545,176.376984,98.111979,111.205729
333.307465,169.567947,98.398438,114.453125
342.941559,156.151769,90.427083,121.989583
347.571777,143.395945,92.000000,129.916667
352.300130,150.724141,96.182292,112.979167
358.777435,146.429276,97.562500,105.072917
362.680186,132.919291,103.604167,129.255208
365.107208,128.429667,110.703125,131.138021
371.854696,132.508280,110.630208,127.583333
377.614716,122.409027,112.625000,132.812500
383.031230,120.602575,120.000000,129.916667
389.541565,123.694214,118.156250,127.070312
399.136098,123.004649,119.255208,129.213542
405.544149,127.517558,111.916667,124.520833
411.769592,129.078191,109.750000,114.583333
416.735209,129.377538,110.911458,124.942708
422.239319,131.353287,110.687500,121.656250
427.190257,132.595683,111.447917,123.453125
432.187785,135.980189,109.046875,119.851563
437.679932,140.331726,109.531250,116.609375
441.500621,142.943364,108.333333,113.000000
446.188660,147.773605,103.656250,109.359375
449.317963,144.814713,102.343750,114.460938
453.099609,160.278915,101.125000,97.750000
456.649485,164.544093,100.296875,103.500000
456.420807,159.815643,101.937500,111.500000
457.690450,172.267344,103.322917,100.057292
465.248230,172.571060,96.976562,101.195312
465.445862,169.017944,99.515625,111.703125
470.987386,172.772507,97.093750,108.838542
472.570048,178.231750,95.794271,104.315104
465.855957,175.933884,103.093750,106.187500
473.630981,177.610936,97.416667,107.166667
468.658020,184.691483,98.750000,101.937500
467.510620,181.390320,98.671875,106.984375
464.540426,186.271210,98.161458,106.703125
464.401469,186.073776,96.026042,108.838542
464.727661,185.946615,93.354167,109.096354
460.492767,185.330276,95.218750,102.546875
459.513611,185.572464,100.000000,108.250000
457.934296,184.370580,98.872396,102.098958
456.393921,185.074382,94.984375,102.294271
454.011108,191.489741,94.606771,94.606771
454.115499,183.644185,94.763021,106.606771
452.283468,180.805583,95.317708,105.682292
451.760763,180.801900,99.161458,103.338542
451.271179,179.236801,99.085938,109.632812
450.111420,177.901138,99.820312,101.992188
450.810109,177.824305,99.651042,105.947917
452.148651,177.618607,98.398438,99.468750
454.954041,183.906250,96.906250,90.718750
452.662547,170.936966,96.958333,102.833333
456.045197,166.518275,94.916667,105.125000
455.332255,165.610331,92.317708,104.630208
455.478322,165.614156,93.895833,104.104167
457.315430,164.897079,94.843750,109.281250
463.762512,172.375671,88.062500,95.317708
459.576660,161.460541,92.546875,106.328125
464.863576,160.966955,86.885417,105.072917
462.839569,161.203171,87.625000,105.343750
467.908966,161.735855,81.291667,103.812500
465.628530,161.136297,82.744792,103.656250
459.527557,170.002518,87.718750,95.427083
455.148753,160.449427,86.312500,103.375000
455.502716,163.206207,85.960938,100.609375
453.709401,165.164185,91.817708,99.546875
454.235443,159.211955,98.744792,104.729167
455.251099,158.958237,102.546875,105.687500
453.694967,157.250631,103.669271,106.911458
454.095367,158.024918,106.000000,108.187500
455.204742,157.228439,108.250000,108.250000
454.704742,157.856043,111.505208,110.377604
455.613586,155.094727,112.000000,110.843750
455.727946,153.469503,113.661458,114.822917
455.305745,151.247833,112.869792,115.250000
455.305735,150.057729,112.869792,117.630208
456.392232,149.547282,111.447917,118.651042
465.337189,153.076462,95.429688,110.968750
456.138031,148.240585,105.458333,116.812500
469.176951,145.471202,96.752604,117.518229
466.369059,139.399226,101.479167,125.770833
460.141846,138.808451,105.296875,127.315104
451.720917,137.042908,109.281250,126.125000
444.798737,138.034632,111.669271,128.695313
438.533427,137.402507,113.802083,129.916667
435.453491,137.938975,117.007812,125.739583
429.551788,147.593079,110.429688,125.523438
422.017792,138.786875,109.046875,122.252604
424.233704,139.706726,97.250000,133.343750
408.539307,142.941101,113.812500,115.000000
396.818848,152.931163,125.414062,120.674479
381.387767,145.480520,139.171875,120.500000
383.333872,147.687810,117.348958,117.348958
377.972870,145.455597,117.765625,114.039062
374.298787,145.274089,118.208333,108.541667
374.473460,144.721375,101.494792,113.317708
371.136403,149.312698,98.648438,121.096354
373.037130,152.781336,94.104167,120.218750
371.125793,149.156342,99.734375,127.468750
370.438293,156.515717,105.765625,105.765625
370.802877,149.891123,114.997396,116.104167
369.722992,149.567296,125.276042,118.307292
371.303772,152.614899,131.406250,122.875000
371.936493,148.113831,139.375000,131.687500
372.889984,157.491638,135.375000,124.625000
372.556071,159.013885,142.367187,130.250000
370.065165,160.772588,151.158854,130.494792
370.967550,157.954081,150.614583,143.557292
372.107249,166.327932,147.695312,140.286458
368.009216,158.799103,138.328125,152.937500
364.468241,158.392558,124.854167,152.041667
365.588989,162.818481,112.921875,155.968750
350.302694,154.780950,115.625000,163.385417
341.397827,175.340561,111.000000,142.625000
329.443237,185.683843,100.354167,130.421875
317.930786,185.390396,101.617188,131.429688
308.911692,192.479802,97.041667,115.049479
298.510742,189.485367,104.796875,120.765625
291.920308,171.840907,104.125000,128.187500
282.209106,178.614166,103.125000,131.625000
271.795146,182.405650,106.937500,115.177083
268.630859,187.730621,104.085938,122.210938
263.109629,180.505727,104.354167,130.192708
252.729594,183.983215,109.236979,125.046875
225.597493,178.984329,136.916667,129.635417
194.592631,176.252233,171.989583,122.223958
225.280345,164.615270,144.223958,132.177083
248.744141,161.971863,123.343750,130.375000
257.634918,157.232224,115.890625,134.593750
263.412079,163.576314,115.843750,117.119792
263.193776,160.208394,122.354167,117.500000
273.161367,150.437093,119.502604,128.234375
284.844961,138.823344,114.513021,131.976562
287.963979,127.866969,116.408854,139.236979
297.197540,116.114838,132.510417,143.031250
299.111511,106.965485,130.585938,145.281250
301.826630,106.897446,126.429688,138.312500
303.786224,97.097336,127.328125,140.218750
303.519033,87.630290,121.385417,145.197917
303.838460,82.466105,123.213542,142.510417
301.658641,80.358999,113.291667,137.536458
301.236155,77.505763,104.151042,135.703125
298.099223,71.266459,106.455729,134.893229
296.470947,69.923737,102.453125,129.585938
292.667694,64.124601,100.388021,128.450521
289.331238,62.104980,100.000000,129.250000
282.964386,54.782784,99.554688,123.343750
265.893677,51.439667,108.609375,118.593750
268.612610,45.586571,101.109375,124.390625
256.066162,49.086472,110.421875,125.554688
269.784007,51.499405,92.210938,117.750000
247.565796,49.500725,110.843750,123.562500
255.683207,48.891350,100.510417,125.994792
254.005931,55.901927,101.557292,119.096354
245.999491,54.563281,109.606771,156.479167
268.854146,57.658468,88.638021,118.651042
253.427185,59.452736,107.078125,119.625000
253.150238,62.950005,114.250000,114.250000
255.215902,67.387095,117.119792,113.565104
284.818868,72.594625,96.765625,121.593750
296.609629,82.276291,87.424479,124.463542
305.046712,90.669515,89.171875,119.651042
310.147939,98.295909,97.148438,102.317708
315.536530,107.276672,94.000000,107.000000
322.587952,112.588959,97.723958,120.424479
330.275757,117.714193,101.536458,125.375000
336.283691,124.124985,100.906250,126.968750
340.056325,133.450602,102.822917,131.598958
336.446777,134.408600,114.281250,140.335938
346.022095,143.168304,106.687500,139.937500
345.688660,152.487381,112.625000,141.125000
345.591359,160.323085,111.679688,137.861979
343.432983,166.565236,108.114583,137.541667
338.915985,176.707932,108.812500,132.250000
334.574951,177.142487,104.312500,132.812500
327.968984,178.085052,104.833333,134.000000
322.932526,182.338074,102.453125,129.585938
316.405355,181.863678,104.138021,124.997396
311.801493,171.299815,105.697917,128.458333
294.785248,170.330109,116.203125,125.328125
291.133535,167.514440,116.885417,120.361979
284.977631,169.388565,100.687500,116.546875
290.838013,171.613286,87.041667,106.401042
287.623596,156.500214,93.109375,122.789062
288.018473,154.412359,94.750000,122.875000
286.090739,153.137558,107.515625,122.135417
292.669159,152.936198,100.768229,120.502604
288.838674,152.571192,100.781250,119.020833
304.661692,151.736267,88.434896,119.424479
307.427836,148.749176,86.218750,119.885417
308.114421,144.547002,89.132812,121.549479
307.958649,141.172668,91.703125,122.945312
309.217234,138.680023,91.468750,122.630208
309.929321,137.372406,93.109375,122.789062
308.889598,137.198217,90.833333,121.458333
307.709605,137.245951,88.791667,120.437500
305.625356,136.858561,88.567708,120.132812
302.174377,134.581177,89.687500,118.914062
297.982422,133.913025,90.231771,120.309896
293.954132,134.722336,90.000000,118.000000
289.866882,135.123642,90.375000,118.812500
287.600159,136.507436,90.531250,117.390625
284.402903,135.559128,91.802083,117.463542
282.005371,133.916545,94.755208,117.695313
283.739868,131.379471,92.085938,118.695312
281.193512,131.794739,95.257812,117.085938
281.469187,131.336075,96.247396,117.302083
289.859690,131.522527,90.604167,116.059896
291.552775,130.648687,91.802083,115.489583
290.848277,130.412567,92.304688,113.903646
291.566559,130.930593,92.304688,113.903646
285.632253,130.746674,95.000000,113.604167
284.127574,130.154973,96.750000,114.703125
283.420135,129.816132,97.750000,115.890625
283.377523,130.226517,97.447917,114.890625
285.117320,130.112244,97.236979,113.445312
287.768433,129.547592,95.453125,113.734375
280.988770,128.377197,104.187500,114.109375
286.361501,129.262039,101.000000,113.500000
285.000122,129.132233,102.062500,113.406250
285.201243,128.676280,102.835938,113.122396
285.192454,128.547399,102.572917,113.973958
286.215179,129.166707,101.283854,112.656250
285.259074,127.854421,104.385417,112.656250
286.335388,126.669022,103.867188,113.218750
287.028676,125.872757,105.419271,113.690104
286.475952,125.723267,105.156250,113.406250
285.629333,125.886042,106.453125,112.656250
287.032532,123.710729,105.682292,115.010417
289.347870,126.337158,102.317708,113.690104
287.826294,126.476410,104.104167,114.312500
291.824615,128.146027,102.062500,112.375000
288.990540,126.868378,103.796875,113.875000
290.858541,127.794510,103.841146,111.986979
291.666718,128.379852,104.593750,112.718750
292.271912,127.921814,103.578125,112.718750
289.387054,127.785670,107.367188,113.445312
290.899099,127.573619,104.630208,113.864583
290.777639,127.240443,105.656250,113.864583
290.024414,128.212280,107.218750,112.375000
290.919708,127.525986,104.367188,113.578125
291.126444,126.493464,106.950521,114.151042
292.320068,125.149231,103.578125,114.750000
290.531291,124.838496,105.921875,115.179688
291.582509,123.994741,104.385417,114.723958
291.101084,124.171005,105.427083,114.825521
290.632853,122.364878,105.419271,115.757813
289.559082,121.872116,105.947917,115.393229
289.095011,121.904633,104.869792,114.408854
287.760081,122.540064,106.445312,113.901042
287.753357,122.166489,108.291667,114.541667
288.426961,122.375646,104.382812,112.736979
286.317342,121.551992,103.604167,112.838542
285.819061,120.179382,102.062500,114.437500
284.832011,121.029612,102.835938,114.151042
284.611847,120.043488,102.828125,115.296875
282.466359,121.135106,104.893229,114.151042
281.929087,119.635925,102.572917,115.010417
282.711436,121.270671,101.000000,112.458333
281.808533,119.469513,102.062500,114.437500
281.114166,117.952972,101.500000,115.109375
280.423187,116.670110,101.442708,114.130208
279.135752,116.532847,101.690104,114.408854
281.905701,116.413300,98.398438,115.523438
280.778585,114.871623,102.184896,116.031250
283.983856,114.851542,98.872396,115.005208
285.171936,114.021637,100.140625,114.906250
292.091075,111.953761,91.091146,115.468750
297.513031,110.599782,88.791667,115.333333
294.416992,109.062927,90.039062,115.625000
293.978597,107.949636,91.625000,115.583333
302.986572,106.939041,82.411458,115.187500
302.274424,107.319814,86.221354,115.296875
304.033457,104.190201,86.093750,117.497396
306.245789,100.994644,84.281250,119.828125
310.215708,102.957662,87.406250,118.265625
314.673950,104.542358,85.945312,114.601562
317.591583,102.160828,88.213542,122.072917
320.803833,102.969803,89.187500,123.187500
325.744303,104.315816,88.755208,122.588542
329.327901,104.220530,89.812500,123.645833
333.853455,104.758316,100.875000,125.312500
337.772390,104.987717,99.083333,132.520833
340.890564,107.311722,97.093750,129.906250
345.188293,109.469650,94.023438,134.218750
349.487040,110.442235,93.291667,131.361979
352.767212,113.921600,94.531250,126.468750
354.111023,113.380920,101.546875,128.359375
360.413493,117.616272,99.317708,126.755208
365.547211,117.864827,103.674479,126.747396
370.286621,120.525818,100.687500,130.140625
370.984924,118.992793,100.687500,137.354167
370.937815,117.966365,103.179688,132.541667
372.255931,115.828201,104.138021,140.062500
379.311595,115.474920,98.875000,135.125000
378.355469,113.399750,99.437500,138.109375
377.868062,116.180613,101.187500,135.776042
379.140442,115.423330,98.697917,134.010417
378.852804,117.862508,97.833333,138.666667
377.586548,115.728577,97.093750,141.625000
377.941650,117.345871,96.833333,126.781250
376.911509,117.674052,95.455729,126.182292
377.746928,117.694326,94.625000,126.947917
377.510640,117.936554,93.036458,127.830729
379.152476,117.999568,93.463542,134.057292
379.714874,116.936829,90.578125,131.921875
380.166656,115.390167,92.757812,129.007812
383.921356,117.251343,91.492188,133.945312
385.484009,118.008163,91.726562,125.031250
387.648061,120.160914,93.312500,129.578125
391.935760,120.083974,90.697917,127.031250
388.542542,121.507599,98.854167,127.765625
397.594727,122.123342,92.546875,126.453125
404.023783,125.498571,91.703125,128.656250
407.588064,126.839574,90.791667,132.320313
406.232910,128.908783,95.671875,133.312500
409.440613,132.166580,98.265625,136.937500
412.527985,134.106186,104.468750,138.156250
416.193695,135.571981,101.195312,134.593750
414.757914,136.303248,101.187500,136.968750
413.313304,144.920298,103.156250,131.127604
416.947205,144.846568,97.833333,132.833333
412.881744,148.467489,102.901042,131.338542
410.807658,150.417852,103.486979,132.424479
402.889526,157.368683,116.781250,127.750000
398.988627,154.974920,111.458333,130.286458
386.070709,155.439214,118.255208,131.976562
390.345276,150.106339,108.640625,138.468750
377.757568,149.381531,123.250000,139.804688
381.136627,156.757019,117.226562,130.585938
376.927551,150.323547,102.218750,138.093750
372.732544,145.692078,100.984375,136.781250
366.004354,145.238795,101.940104,133.559896
360.803274,141.636164,107.104167,134.835938
355.893585,139.977997,100.859375,132.140625
354.095459,138.218638,98.481771,132.541667
350.936839,136.478205,92.609375,132.541667
348.179016,133.604050,91.187500,129.343750
346.031779,131.619217,91.416667,127.583333
345.808746,130.161972,89.257812,122.773438
346.651062,135.904739,86.994792,114.208333
347.245046,130.118968,85.776042,118.859375
347.544678,126.713776,84.750000,120.343750
