75.000000,78.000000,64.000000,52.000000
73.710938,79.321877,70.179688,52.734375
74.128906,78.178986,69.976562,53.523438
74.802083,78.281850,68.630208,53.317708
73.649353,79.109156,69.692708,52.677083
74.456642,79.002388,69.976562,53.523438
73.689995,78.439021,69.268229,53.317708
73.511612,77.910378,68.989583,53.104167
72.975604,77.989187,69.062500,53.307292
73.468038,78.095693,69.692708,53.307292
73.625786,78.276627,68.989583,52.468750
73.729950,77.849248,68.781250,53.718750
73.801399,77.841515,68.710938,52.890625
72.995387,76.687846,69.062500,53.937500
72.578827,76.898013,68.989583,53.104167
73.034554,77.637596,68.710938,52.890625
73.117294,77.098221,69.408854,53.091146
73.279533,77.281677,68.078125,52.890625
72.933151,76.338737,68.500000,52.875000
73.420130,76.544467,68.153646,53.091146
73.733912,76.858248,68.781250,52.463542
73.305583,76.858248,68.153646,52.463542
72.507408,76.141121,67.875000,52.875000
72.794937,76.720093,68.500000,52.250000
72.794937,77.771721,67.250000,52.250000
73.800285,76.829720,67.656250,52.226562
72.888456,77.879283,66.697917,52.442708
72.449280,78.003545,69.218750,52.010417
73.587532,79.131569,67.250000,51.000000
73.034424,78.301743,67.421875,51.578125
72.380046,78.175466,67.989583,52.010417
73.678429,78.058022,68.890625,52.226562
72.152977,78.450386,68.500000,52.250000
73.422709,79.204183,69.463542,52.036458
73.763855,79.419868,68.153646,51.835938
73.871925,78.806587,69.796875,51.822917
72.694951,79.741486,70.036458,51.208333
73.463158,79.220634,69.125000,51.000000
73.632975,78.809153,67.937500,51.822917
73.209742,78.809138,72.895833,51.203125
73.194715,79.027885,69.268229,50.765625
73.860077,78.499240,71.656250,51.822917
73.404650,78.510562,72.802083,50.562500
73.000809,77.979294,69.343750,51.625000
73.070272,77.375498,66.973958,52.036458
73.333173,77.294306,67.375000,51.395833
72.718592,77.714119,66.760417,51.395833
73.239670,76.931267,66.812500,52.187500
73.722738,78.278188,67.375000,51.395833
73.108157,77.858378,67.375000,50.781250
73.998779,77.155251,72.906250,51.578125
74.030660,78.115705,68.630208,50.127604
73.155889,77.781296,67.093750,50.570312
73.019979,77.878464,70.171875,50.148438
72.590118,77.795319,68.273438,50.375000
73.373029,78.615616,74.437500,50.570312
73.105942,78.619156,68.265625,51.609375
73.342255,79.796844,65.804688,50.375000
73.213013,78.345215,68.375000,50.929688
73.036486,78.283427,68.604167,50.781250
72.504270,78.072990,68.604167,50.166667
72.350395,78.531075,67.093750,49.346354
75.720085,77.728447,64.489583,50.713542
75.015696,78.485697,66.328125,50.437500
74.617617,78.389503,66.250000,48.729167
72.389679,79.008514,66.625000,49.632812
73.495982,79.449109,66.002604,50.497396
74.193336,78.587250,65.367188,50.328125
74.884605,78.838768,65.406250,49.901042
72.279760,77.646039,67.195313,51.690104
73.419085,77.793172,72.291667,52.010417
72.081612,78.954628,66.984375,52.890625
72.249290,78.495903,67.656250,51.609375
72.253296,78.373848,66.421875,53.460938
73.419352,78.858312,65.729167,50.791667
70.919945,78.048622,69.578125,50.328125
71.457878,78.219368,68.890625,52.226562
72.409200,77.893522,68.218750,50.169271
73.605125,78.797287,68.031250,49.140625
72.593269,77.147888,64.765625,49.726562
73.791023,77.357361,67.500000,49.093750
73.516861,77.752075,66.570312,49.726562
72.144394,76.981664,66.885417,48.916667
72.510857,77.652336,68.687500,48.500000
71.554680,78.399216,69.486979,46.466146
71.029854,78.535683,62.156250,48.500000
71.252968,78.721558,63.734375,47.765625
70.866577,78.128644,68.031250,49.697917
70.650452,77.974594,65.367188,49.125000
72.499402,77.176379,64.252604,49.473958
71.128326,77.242500,68.093750,51.026042
72.147118,77.385635,69.541667,48.734375
70.772555,77.362411,68.958333,49.541667
71.034203,78.030345,65.317708,49.541667
72.568352,78.187370,69.875000,50.281250
70.806643,78.853780,64.838542,49.963542
70.690643,79.133865,71.062500,48.500000
71.415054,78.596682,72.601562,49.958333
71.260686,78.350067,63.132813,49.325521
71.488660,77.563558,62.424479,49.304688
70.986984,78.398010,63.437500,48.406250
71.169151,77.423927,64.593750,48.984375
70.596235,77.874448,64.562500,49.260417
71.808764,76.667880,63.385417,48.671875
70.085019,76.113190,63.138021,50.361979
71.970734,77.210205,64.867188,48.460938
71.399460,76.273796,64.281250,49.046875
69.826515,75.286789,64.281250,50.218750
69.848757,76.461189,65.434896,48.291667
69.437454,76.083588,65.453125,49.046875
70.114332,76.662303,66.916667,48.083333
69.562548,74.969899,67.799479,48.882812
70.477898,76.462311,68.375000,48.523438
68.262268,75.339645,82.812500,48.523438
72.020564,75.041517,77.885417,47.635417
71.833496,74.392303,65.375000,48.500000
70.269829,74.895683,84.125000,48.500000
71.202339,74.604922,66.973958,48.924479
70.688601,75.790438,61.828125,48.111979
70.976184,75.423866,87.859375,49.255208
70.988884,75.374029,84.489583,48.111979
71.802887,74.751167,85.375000,49.750000
70.562752,75.501144,66.625000,49.562500
70.631897,75.054306,84.125000,49.750000
71.307838,76.273148,85.000000,48.250000
70.169258,76.260844,89.343750,49.856771
71.455582,76.457138,62.882812,50.367188
71.047658,77.028872,86.328125,48.625000
70.506917,78.429100,61.028646,48.888021
69.862350,78.042152,61.218750,49.046875
71.168800,77.883507,60.718750,50.359375
70.642418,77.864670,60.546875,50.718750
70.944150,78.269780,60.854167,49.919271
71.912989,78.375341,59.703125,50.494792
71.359495,78.501844,61.729167,49.125000
71.360715,79.820760,60.854167,49.919271
71.187126,81.052620,60.583333,49.125000
71.529526,80.021370,60.882812,48.906250
72.532784,79.753721,59.473958,50.390625
72.019651,81.075061,61.744792,48.687500
71.988655,79.983162,61.453125,49.476562
72.395152,79.761475,60.278646,48.768229
72.092097,79.158796,63.161458,50.729167
73.371513,80.741404,62.208333,49.848958
72.798894,80.194532,63.718750,50.361979
72.503009,80.370417,63.661458,50.656250
73.771233,80.283073,63.661458,50.656250
72.853948,80.194641,63.070312,49.473958
73.555773,81.098284,63.416667,49.416667
73.446734,78.838547,62.833333,50.583333
73.945300,78.911446,62.796875,49.260417
73.589172,78.010579,63.138021,50.361979
73.465472,76.393056,62.796875,50.437500
73.414940,74.265854,63.109375,50.804688
73.529696,76.059258,62.796875,48.671875
73.547333,75.081006,63.156250,49.343750
73.954020,73.221525,62.557292,50.361979
73.769196,74.971321,63.109375,48.460938
73.420975,73.842400,63.437500,49.562500
73.665375,73.030754,63.109375,49.046875
73.941416,73.244296,63.138021,49.200521
72.489573,74.514361,63.718750,48.619792
73.905192,73.330317,62.557292,49.200521
73.162788,71.804039,64.015625,50.718750
73.473969,74.321609,62.750000,48.500000
73.728994,73.279561,63.156250,48.768229
74.058189,73.243599,63.437500,48.406250
74.563484,71.990013,63.437500,50.140625
75.013519,72.741829,62.523438,49.046875
74.401939,72.590876,63.156250,49.919271
74.240494,72.842194,61.937500,50.218750
74.770838,74.987478,62.557292,48.619792
75.142164,74.569725,63.156250,49.343750
75.407819,76.298762,63.416667,47.666667
74.532817,74.996679,62.875000,48.552083
74.269241,74.954526,63.156250,48.768229
74.582047,74.384842,63.437500,48.984375
74.259844,73.986404,64.299479,49.200521
74.854881,74.465965,63.109375,48.460938
74.112694,73.915184,63.437500,48.984375
73.849602,74.483762,64.299479,48.039062
73.559240,74.193400,64.299479,48.619792
73.730934,74.021090,63.138021,49.200521
73.889285,73.912298,64.299479,50.361979
72.882774,74.843285,63.937500,49.093750
73.296837,76.038597,63.109375,49.046875
73.453995,74.661713,64.593750,50.718750
73.047745,76.859629,64.213542,48.111979
73.875872,75.444265,64.299479,50.361979
73.470940,76.373034,63.661458,48.882812
72.718318,75.814423,63.416667,50.000000
73.135231,76.772756,63.973958,48.671875
73.131790,76.862068,63.718750,48.039062
72.900831,75.133812,64.307292,48.768229
72.913849,75.580429,64.281250,49.046875
72.913849,76.166367,64.867188,49.046875
72.663241,75.253685,65.151042,49.260417
72.421847,75.820460,64.562500,48.671875
72.169713,73.019905,64.583333,50.000000
72.496679,74.870496,65.434896,48.291667
72.781738,73.921333,63.695312,49.046875
72.047010,74.516530,65.460937,48.619792
72.093096,72.615997,63.973958,51.026042
70.767509,73.411087,66.906250,48.500000
71.064384,73.411087,66.312500,49.687500
71.981906,73.104678,65.406250,49.901042
72.170369,73.104678,64.809896,49.901042
71.201019,73.211449,66.312500,49.687500
71.103460,73.596850,65.687500,49.515625
70.837916,74.000478,66.002604,49.901042
71.184580,74.082817,65.687500,50.114583
71.187614,75.574277,64.809896,49.304688
71.163322,75.581154,65.151042,48.671875
70.445801,75.198189,65.453125,50.218750
70.931498,76.433342,65.406250,49.304688
70.807846,76.059959,65.125000,50.281250
70.854040,76.436882,64.809896,49.304688
69.261831,76.451370,66.328125,49.260417
69.277112,75.960818,66.002604,49.901042
70.033620,76.043159,66.286458,49.515625
68.727076,76.533490,66.286458,48.916667
70.681854,75.147118,65.125000,50.281250
69.258077,75.589956,65.406250,49.901042
69.428856,74.918701,66.312500,50.281250
69.187279,76.098389,65.968750,49.726562
68.321106,77.293414,65.687500,49.515625
68.628418,76.195915,66.312500,49.687500
68.276049,77.296321,66.885417,49.515625
68.483917,76.250132,65.088542,49.515625
67.278191,73.978775,66.906250,50.281250
67.659663,74.348551,66.531250,50.755208
68.425064,73.844533,66.250000,50.541667
67.191310,73.875053,66.250000,49.937500
67.331932,73.270241,67.773438,50.328125
65.850494,72.958694,68.640625,50.359375
66.064405,72.636147,67.375000,50.781250
67.078697,72.960640,66.203125,50.968750
65.531764,72.714002,67.138021,50.755208
65.846718,72.411224,66.812500,50.968750
64.627968,73.020599,68.031250,50.359375
65.513624,72.414068,67.705729,51.182292
66.293569,72.921878,65.531250,50.166667
65.596952,72.251877,67.195313,51.093750
65.647736,72.207606,66.481771,51.182292
65.668666,72.321813,66.531250,50.755208
65.714551,71.790525,66.250000,50.541667
65.301554,71.599355,66.854167,50.541667
65.047979,70.885796,67.138021,50.755208
64.601364,71.195763,66.812500,50.968750
64.794334,71.612167,66.203125,51.578125
63.881266,71.250694,67.138021,50.755208
64.460770,70.534546,66.203125,51.578125
64.765457,70.647659,66.812500,51.578125
64.012838,70.845561,67.093750,51.182292
63.554410,71.061302,66.481771,51.182292
62.568848,69.548492,67.138021,51.361979
64.235194,70.670573,66.481771,51.794271
64.802711,70.959190,65.257812,49.958333
64.539447,69.795110,67.195313,51.690104
63.220434,71.171410,66.760417,50.781250
63.144964,70.160940,66.531250,51.361979
63.422523,70.966927,66.812500,50.968750
64.641258,71.383316,65.593750,50.968750
63.708951,70.992676,66.250000,51.145833
63.984759,71.604424,67.138021,50.755208
64.147522,71.914391,66.203125,50.968750
63.794055,72.365349,66.250000,51.145833
64.516769,73.791580,65.317708,51.361979
64.721779,73.722839,64.765625,50.929688
64.859800,73.343068,65.088542,50.713542
65.976392,72.861529,64.213542,51.093750
65.074580,72.462573,64.809896,50.497396
66.378344,71.977275,64.809896,50.497396
65.296715,72.684708,66.002604,51.093750
65.583621,73.162262,66.531250,50.755208
64.370076,73.384885,66.531250,50.755208
64.781522,74.986074,66.250000,50.541667
65.798691,74.794896,66.250000,50.541667
65.798676,75.207870,65.041667,50.541667
65.871702,76.580180,65.406250,50.497396
66.191396,76.560537,65.687500,50.713542
66.050774,76.564674,65.968750,50.328125
66.652336,75.171280,65.367188,50.929688
66.332260,75.893234,66.286458,50.713542
67.072993,75.491852,65.645833,49.937500
67.057510,75.156179,64.809896,51.093750
67.665583,75.468534,65.088542,50.114583
66.910375,73.786242,66.002604,50.497396
67.988907,74.098328,64.765625,49.726562
68.402954,74.521652,65.125000,49.687500
69.184273,73.740334,63.937500,49.687500
68.283216,74.356094,65.151042,49.260417
69.028005,73.067034,64.252604,50.065104
69.323575,73.177294,64.252604,49.473958
69.757151,73.284045,63.973958,49.260417
69.133072,72.708084,64.867188,49.046875
71.191116,72.252614,62.796875,49.260417
70.730179,71.992195,63.138021,49.781250
71.729988,72.172997,63.695312,49.632812
70.851082,72.282440,63.109375,49.632812
72.864072,72.741369,62.250000,49.416667
71.776772,72.950317,62.859375,48.984375
72.643959,74.033943,61.703125,48.406250
72.768959,74.744621,62.023438,48.335938
73.489011,75.312553,61.729167,49.125000
73.421254,75.444450,62.302083,49.125000
73.431671,75.620041,62.281250,48.984375
73.109886,75.712260,63.156250,49.343750
72.819812,75.820073,63.718750,48.619792
74.378932,75.637006,61.395833,48.039062
74.274289,75.591688,62.596354,47.903646
74.707881,74.591357,62.875000,48.552083
75.269468,73.149849,62.005208,48.192708
74.404884,74.324287,63.164062,47.765625
74.690224,72.384394,61.729167,47.979167
75.355186,73.196991,62.880208,48.119792
75.792684,74.518860,60.854167,47.617188
76.469749,74.586174,61.187500,47.125000
77.273033,75.460971,60.908854,47.471354
77.977463,75.454361,60.625000,47.125000
77.696213,73.996028,61.187500,48.369792
77.237488,75.104556,61.177083,47.552083
78.791832,75.799393,60.625000,46.562500
78.651207,75.487572,60.351562,47.593750
78.797231,76.517405,59.229167,46.911458
78.789401,76.222605,59.244792,47.156250
80.161280,76.612818,59.794271,47.705729
79.083125,77.322512,60.630208,47.255208
80.945821,78.359950,58.958333,47.255208
81.537450,77.597117,58.968750,47.375000
81.559525,77.353841,58.416667,47.375000
81.529747,78.262634,59.794271,46.606771
81.106936,78.861198,60.343750,47.156250
80.688705,78.013275,58.132812,47.039062
80.741676,77.604215,59.781250,46.718750
81.423968,78.380259,59.520833,46.270833
81.806694,77.957031,58.968750,45.843750
80.999387,78.712224,60.041667,45.958333
81.971085,78.019279,58.421875,45.843750
81.275688,78.147118,59.218750,45.742188
82.082965,77.461891,59.236979,45.630208
81.507001,76.033707,60.583333,46.500000
80.696205,75.715670,59.520833,45.718750
81.763161,74.499555,58.692708,45.630208
81.760091,72.712626,58.937500,46.062500
82.534576,72.963420,58.958333,45.958333
82.929652,73.327446,58.416667,45.416667
82.463025,74.090780,58.937500,44.989583
83.535945,73.353378,57.864583,45.526042
82.999489,73.450907,57.864583,46.062500
82.852692,75.128563,58.140625,45.742188
82.819234,76.850199,58.401042,44.989583
82.014544,77.214775,58.401042,45.526042
83.051140,78.454361,58.140625,44.664062
82.799866,77.404884,57.843750,45.093750
82.393616,78.097593,58.656250,44.242187
82.534241,77.937439,58.906250,45.093750
82.906675,78.333651,58.401042,44.989583
82.271601,80.317604,59.190104,43.708333
83.210403,82.209938,57.843750,44.562500
82.583572,81.848732,57.843750,44.562500
81.956741,81.848732,58.375000,44.562500
82.883825,81.913124,58.656250,43.708333
82.184695,80.824890,56.234375,43.609375
82.687981,78.622955,56.968750,44.531250
82.916690,78.826584,56.760417,44.135417
82.585800,77.964302,57.007812,44.445312
82.801676,77.851151,57.250000,43.708333
82.715472,77.539744,57.486979,44.013021
82.935905,78.752205,56.484375,43.921875
83.073926,79.025101,56.208333,43.187500
82.318718,78.978226,56.171875,43.281250
82.412010,79.493851,61.843750,43.796875
83.167544,78.567546,58.958333,43.791667
83.628532,78.012810,58.375000,44.562500
83.296387,78.973747,56.520833,44.242188
82.980204,79.131915,60.596354,43.494792
83.443654,79.457436,58.401042,43.380208
84.431282,78.553787,62.546875,44.135417
83.686467,78.751221,54.299479,43.859375
84.865481,79.922546,55.687500,43.187500
84.157079,79.284393,57.945312,42.041667
80.784671,80.519442,63.075521,42.554687
80.189034,79.195221,61.914062,43.585938
81.225878,78.821523,63.833333,44.875000
81.785550,79.649851,57.843750,45.583333
84.070480,80.566071,56.250000,42.968750
83.317482,83.271019,57.945312,39.476562
83.086207,80.704521,57.406250,44.046875
81.047150,81.999186,59.697917,43.364583
83.820140,81.671659,56.234375,42.031250
84.362228,81.205940,54.320312,41.625000
84.958837,81.190608,55.427083,44.046875
84.328629,80.542168,55.656250,40.703125
84.257553,79.961899,56.617188,43.328125
84.592753,79.065618,56.406250,42.554687
85.957476,78.868546,56.286458,43.218750
83.924629,77.509595,56.406250,43.580729
84.624847,79.390416,63.588542,40.502604
85.349871,79.500282,58.864583,42.557292
84.391772,80.142499,62.458333,42.666667
84.137438,80.706543,58.401042,43.916667
83.548630,81.109075,86.744792,43.609375
82.316310,80.836769,60.072917,44.062500
83.718407,81.893588,59.723958,41.572917
84.152204,80.935532,56.968750,43.494792
85.136673,81.418292,54.276042,42.716146
84.674113,80.994423,62.848958,43.057292
83.120036,81.574872,59.854167,42.145833
84.089506,80.976481,64.020833,43.187500
83.799500,81.029282,57.328125,42.562500
84.747996,80.648176,62.458333,43.708333
79.325485,80.495125,73.773438,43.585938
79.309334,80.615049,66.552083,45.078125
83.733124,80.931839,68.867188,44.914062
84.676125,81.551468,64.015625,43.203125
82.264867,81.947350,75.179688,44.408854
72.735324,82.668996,71.789062,43.013021
80.862310,82.769257,61.976562,42.812500
81.410807,81.596181,62.281250,44.614583
81.917877,81.947411,57.328125,44.750000
81.585304,84.018140,56.234375,42.031250
82.981995,81.843239,54.320312,44.164062
83.101639,81.483635,54.828125,43.148438
82.764267,81.766647,54.828125,43.148438
83.030167,80.393524,55.335938,43.656250
82.735438,80.368067,54.867187,43.580729
82.966087,78.689682,53.572917,44.385417
83.189262,80.619888,53.812500,43.656250
81.702283,79.230426,55.057292,45.963542
82.977501,79.450640,54.656250,47.291667
82.278496,79.361244,55.187500,47.218750
82.338776,77.549858,53.851562,48.513021
81.733360,79.053731,54.919271,43.708333
82.354917,78.466896,55.104167,43.875000
81.993515,79.973139,54.354167,43.067708
82.200803,79.540611,55.057292,43.942708
80.584096,80.887385,55.380208,43.067708
80.682836,81.879051,57.656250,45.916667
82.108879,81.758001,57.588542,45.843750
81.455556,81.653575,56.520833,44.776042
81.694023,81.257370,57.812500,45.187500
82.347008,82.221176,56.250000,44.562500
81.793564,82.084852,58.005208,44.531250
82.113022,81.070534,58.375000,44.562500
79.278152,81.505951,60.500000,44.562500
80.456612,81.688431,58.679688,44.125000
83.249435,81.899765,57.843750,44.031250
81.521952,80.434509,57.286458,44.661458
83.381045,80.735001,57.812500,44.135417
83.365245,80.778130,56.234375,43.083333
84.335915,79.055494,56.919271,43.580729
84.004369,78.803212,56.729167,42.666667
85.895424,77.737867,57.432292,44.093750
86.329196,77.932615,54.656250,43.609375
85.466164,76.353523,56.859375,45.179688
85.015480,77.833397,58.338542,43.609375
88.629883,77.209791,55.182292,44.661458
89.149101,76.936226,54.625000,44.312500
89.123306,77.397410,56.406250,45.119792
88.812027,77.876724,54.914062,44.968750
89.089762,78.183161,53.841146,44.606771
90.256119,78.359062,54.828125,43.656250
91.138931,78.760104,54.593750,43.364583
90.556488,77.197917,55.057292,44.447917
91.325142,78.286257,54.867188,43.580729
92.270065,77.048805,55.335938,44.164062
91.639282,76.948822,54.354167,44.093750
92.795535,78.079030,54.083333,44.385417
92.369064,77.652176,55.843750,44.164062
93.200157,77.805084,54.625000,44.312500
94.200404,78.266268,52.815104,44.093750
94.297755,78.881200,52.768229,43.721354
93.520935,79.809868,55.000000,43.500000
94.328654,79.434013,55.614583,43.364583
93.435392,79.719780,57.145833,43.364583
95.820854,80.235357,53.083333,43.187500
94.523781,79.928719,54.000000,43.500000
95.297058,80.059250,56.286458,43.721354
95.827919,79.983203,60.596354,42.976563
94.860558,79.214973,55.187500,44.031250
96.268214,80.233472,54.354167,43.580729
96.403442,79.385953,56.789062,44.223958
97.079224,81.630745,58.054688,43.921875
96.680209,81.319171,55.182292,45.187500
97.827438,83.229843,54.109375,43.796875
98.291649,83.808342,54.046875,43.437500
98.390432,83.800733,54.778646,43.721354
97.924024,83.412178,54.083333,43.875000
98.491343,82.588239,54.778646,44.726562
99.321897,83.188868,53.572917,43.875000
99.056152,82.827677,56.286458,43.218750
98.335879,83.299761,54.354167,43.067708
98.955348,82.386698,57.291667,44.223958
98.668917,81.399913,55.708333,44.135417
97.736725,81.357475,56.687500,43.281250
98.175186,80.891449,59.265625,43.281250
101.095683,80.851873,55.182292,43.083333
98.978559,79.585022,58.593750,43.942708
99.329208,81.231010,58.864583,43.083333
99.561737,81.905212,59.625000,42.351562
98.552343,81.708087,60.442708,42.031250
99.729131,80.822090,59.390625,43.609375
105.772369,80.681358,55.187500,42.968750
102.313248,79.301529,59.906250,43.656250
108.147995,77.848526,53.593750,44.031250
100.514664,78.035853,63.645833,43.437500
110.281052,78.172157,54.125000,44.031250
100.509537,77.643265,73.109375,42.132812
111.006327,76.843035,58.122396,43.174479
112.046137,77.249293,55.932292,43.494792
111.609177,77.592125,56.859375,42.640625
102.810822,78.375755,67.523438,42.132812
92.039047,78.056374,78.562500,43.500000
115.306625,78.583641,55.614583,43.911458
116.625946,80.113449,56.250000,42.437500
117.991913,78.214022,54.593750,43.875000
119.957001,79.425560,54.828125,43.148438
120.811981,79.518822,54.828125,43.148438
122.506805,78.746824,54.552083,42.932292
123.012019,78.999425,54.552083,42.427083
122.901047,78.628474,55.783854,41.208333
125.135757,77.047066,53.500000,42.000000
126.271652,77.226227,53.664062,41.851562
127.056234,76.532504,54.437500,41.572917
130.128769,76.068306,53.447917,42.562500
130.798930,74.744629,53.226562,43.278646
130.500107,75.207069,54.500000,42.500000
131.814911,74.783043,54.500000,43.000000
132.418254,75.039042,54.276042,43.218750
132.794118,77.746597,55.057292,40.406250
135.365845,76.818649,54.648438,41.851562
135.419866,76.917252,55.713542,41.289062
135.588135,76.038040,55.921875,42.562500
136.914703,76.758324,56.351562,42.132812
140.506561,77.091095,53.304688,41.117188
142.356862,74.785085,53.875000,43.593750
142.728358,78.452062,55.057292,40.406250
142.635132,78.978897,55.343750,40.166667
144.831304,79.314194,52.895833,40.656250
145.539230,79.934759,54.476562,40.023437
148.161631,80.291672,52.619792,39.958333
148.423391,80.429609,52.750000,39.812500
149.817764,78.730868,54.734375,40.593750
150.428792,78.575035,54.666667,40.291667
152.139196,79.281314,52.406250,38.208333
152.524709,77.375051,54.140625,42.953125
153.588877,79.768550,52.406250,38.697917
154.363749,78.777013,52.742188,41.554688
155.753799,80.342094,51.859375,40.234375
157.160675,81.733505,51.515625,40.554688
157.337906,82.598015,52.468750,39.601562
158.986923,81.759911,51.992188,40.554688
159.743169,83.026566,52.270833,41.250000
160.854797,83.292191,52.828125,41.203125
162.112198,83.914586,52.132812,40.932292
162.967906,84.573936,52.549479,40.986979
164.217987,83.254929,53.312500,41.203125
165.392161,83.872971,52.132812,40.445312
165.739573,82.840294,52.750000,42.208333
166.192566,82.473022,52.679688,41.851562
167.223984,82.683935,52.895833,42.125000
167.862656,81.278221,53.664062,43.328125
168.628850,82.070859,52.768229,41.710938
169.743927,82.040209,53.385417,42.125000
169.400696,81.665469,53.447917,42.562500
170.904327,80.663554,53.723958,42.283854
170.747355,80.755267,52.729167,41.786458
171.670629,80.096415,53.875000,42.614583
172.536713,80.475616,53.500000,42.500000
173.003972,79.545146,54.221354,42.781250
173.811727,79.049136,53.270833,41.710938
174.041840,79.561325,53.171875,41.359375
174.359762,79.023671,55.833333,41.635417
175.482554,78.443868,54.276042,42.213542
175.961975,78.733437,53.000000,42.000000
176.395325,78.898720,54.156250,41.359375
176.930405,79.434143,53.664062,41.359375
177.472275,78.954727,54.156250,41.359375
178.167618,79.392853,55.140625,41.851562
179.450089,79.378769,54.000000,42.000000
178.845805,79.604317,54.221354,41.786458
179.275731,79.943626,55.216146,42.283854
180.153122,80.476270,54.552083,41.921875
180.610397,79.777824,54.000000,42.000000
181.427897,78.889804,54.718750,42.283854
180.986979,79.267883,55.783854,42.716146
182.022130,79.872050,54.593750,41.833333
182.339045,79.306686,57.205729,41.289062
182.858704,79.485207,54.828125,41.117188
183.733668,78.267759,55.427083,42.067708
183.847946,79.280472,54.552083,41.416667
184.440908,79.592974,56.210938,40.791667
184.888092,79.330528,55.500000,41.000000
185.960958,78.781024,55.216146,41.289063
185.712260,79.869029,54.718750,40.791667
186.111099,78.928917,58.093750,40.867188
186.569153,79.247375,55.843750,41.117188
186.707352,79.151443,56.000000,40.500000
186.192256,79.717486,56.210938,40.791667
187.322891,80.955040,56.500000,40.000000
187.260015,81.011703,57.406250,40.088542
188.027985,79.527039,56.000000,41.500000
188.238597,79.496862,56.789062,41.208333
188.215363,78.290344,57.583333,41.921875
189.369802,78.721275,56.125000,40.812500
189.638901,79.777061,56.500000,41.000000
190.269852,80.045433,57.000000,40.500000
190.336716,79.714081,58.000000,42.000000
191.293711,80.209435,56.572917,40.911458
191.686371,81.229576,56.000000,40.500000
191.426092,80.662552,56.416667,41.572917
192.234950,80.559512,56.572917,40.911458
192.550186,81.249855,57.500000,41.000000
192.634481,80.272588,56.067708,41.416667
193.454773,78.322067,57.500000,42.500000
193.613602,77.981585,56.635417,40.812500
193.853546,77.946182,57.000000,41.000000
194.666733,78.909790,55.500000,41.000000
193.913437,76.991112,57.601562,41.851562
194.647731,78.469760,56.125000,40.302083
194.238220,77.132179,57.601562,42.835938
193.908391,77.884827,56.635417,41.322917
194.581787,77.775902,56.500000,41.000000
195.150314,76.519325,57.205729,42.781250
195.047791,76.609062,57.367188,42.132812
195.130442,78.180852,57.432292,40.502604
194.876678,77.627307,57.794271,40.705729
195.537613,77.252762,57.583333,41.416667
195.151917,76.047882,57.875000,42.640625
195.884165,75.749601,56.919271,41.015625
195.682088,75.799950,57.291667,41.710938
195.824560,75.987104,57.078125,39.901042
195.098124,74.359238,59.195312,41.786458
194.649246,74.911629,57.203125,40.703125
194.384705,74.825999,57.794271,41.208333
193.950536,75.812904,57.291667,40.705729
192.911235,74.282290,58.200521,41.289063
192.733281,75.441429,57.583333,40.911458
193.222260,76.749008,59.500000,41.000000
192.971161,75.458649,59.398438,41.117188
191.118078,76.405162,59.997396,40.502604
191.276861,75.857465,61.229167,40.302083
190.233200,75.863380,60.296875,41.218750
189.830093,74.893105,58.382812,41.625000
189.263311,76.721270,58.971354,40.502604
188.804916,75.245974,58.088542,41.921875
189.095520,75.953896,57.875000,41.117188
188.390930,76.164525,58.296875,41.208333
187.765472,75.087448,59.000000,41.000000
187.676315,75.803741,58.382812,41.625000
187.113820,75.036362,57.656250,41.833333
186.879064,75.060137,57.794271,42.213542
186.789052,76.056267,58.166667,40.812500
187.107691,74.986783,57.583333,41.921875
185.981354,75.257378,57.875000,42.132812
185.780960,75.791870,57.875000,42.640625
185.766159,76.971664,58.382812,41.625000
185.316986,76.951248,57.875000,41.117188
184.730830,74.822957,58.200521,42.781250
184.932561,76.092552,57.945312,41.528646
183.434830,74.278463,59.098958,43.437500
183.364807,76.692726,58.234375,41.734375
182.435023,76.346540,58.593750,41.416667
183.098404,76.930252,58.382812,40.609375
182.525325,75.754862,58.088542,41.921875
181.855779,72.932948,59.098958,43.942708
181.706940,74.658867,58.578125,42.875000
180.887665,72.975983,59.265625,42.765625
181.160100,74.154734,59.333333,42.666667
180.830785,73.670659,59.559896,42.976563
180.370595,72.970111,59.041667,42.458333
180.322784,76.306801,58.234375,41.734375
178.872503,74.382085,59.484375,42.554687
179.123947,76.708603,58.750000,41.218750
178.875173,74.752017,59.302083,42.716146
179.224299,73.273473,60.375000,42.666667
177.783208,74.744433,59.854167,42.145833
179.000875,74.814743,58.971354,41.528646
178.815994,73.757080,59.398438,41.625000
177.680552,74.257762,59.041667,42.458333
178.964945,72.922122,59.041667,43.494792
177.884303,74.355665,59.559896,42.976563
177.905136,75.851562,58.750000,41.218750
177.663803,74.597748,59.398438,42.640625
178.019699,75.189430,58.750000,42.765625
177.200012,74.572179,59.484375,43.067708
177.210831,76.147469,58.578125,41.828125
176.697642,75.192993,59.484375,44.093750
176.906860,76.405922,59.333333,41.625000
176.552470,73.499257,59.997396,44.606771
177.226100,72.788020,58.656250,44.776042
176.933746,74.213860,60.148438,43.398438
177.094849,73.214531,60.148438,43.398438
176.674133,72.746841,59.101562,42.875000
177.348663,74.745949,59.041667,41.940104
176.578308,71.952011,59.265625,43.796875
177.560486,74.053614,59.333333,42.666667
178.090424,72.930237,58.291667,43.187500
177.913971,74.064514,58.234375,43.281250
178.123408,75.830241,58.523438,42.458333
178.290894,75.142932,59.187500,41.322917
177.618774,75.340508,58.750000,42.250000
179.457987,75.245529,57.486979,41.421875
178.233190,74.640493,58.799479,41.208333
179.061508,72.887131,57.875000,43.148438
178.684947,73.949359,59.187500,41.833333
179.704966,73.378906,57.945312,42.041667
180.205978,74.596855,58.296875,42.213542
178.767609,74.081319,60.109375,42.427083
179.600896,75.973254,60.078125,41.940104
178.969279,74.325806,59.854167,42.145833
179.286092,73.270531,59.041667,42.458333
179.018977,74.593801,60.596354,41.940104
178.731059,71.834885,60.895833,42.145833
180.439896,71.981252,60.442708,42.031250
179.228231,69.991651,61.114583,43.494792
180.490173,70.494843,60.500000,41.375000
180.066696,70.111771,61.632812,41.421875
180.658356,70.130409,59.101562,41.828125
181.097794,70.855186,59.559896,40.903646
181.393799,69.744125,59.187500,41.322917
181.096924,70.149910,59.781250,41.218750
180.784587,71.439135,58.523438,40.385417
181.455566,72.342781,58.890625,40.101562
180.710556,70.997960,59.098958,41.921875
182.001236,72.673233,59.041667,40.903646
181.919632,72.886426,58.677083,41.833333
182.401794,72.323410,58.458333,42.041667
181.816137,72.207242,58.971354,41.528646
182.208399,73.381955,58.458333,41.528646
182.302785,71.070198,58.971354,41.015625
182.397761,72.447721,62.049479,41.528646
182.543198,71.039696,59.101562,41.828125
183.373266,71.401609,58.523438,40.385417
183.189667,72.813065,57.875000,38.578125
183.106069,71.315669,59.385417,41.078125
183.423782,72.792229,58.750000,40.187500
183.421066,73.100004,58.593750,41.416667
182.407944,73.418546,58.971354,40.502604
182.673950,72.434021,59.398438,41.117188
182.706726,72.895752,58.750000,41.218750
183.737254,72.014974,57.945312,41.015625
183.035141,71.326202,58.890625,41.625000
184.313405,70.184273,58.458333,40.502604
183.936966,66.736488,58.890625,44.164062
183.685628,68.976913,59.916667,42.031250
184.401901,67.346052,61.416667,42.145833
183.707255,66.081711,58.338542,41.505208
183.999313,67.352542,58.458333,41.015625
182.516479,66.482170,62.445312,42.132812
183.684555,67.379227,59.437500,39.250000
183.946203,66.111094,58.088542,41.416667
183.627853,65.644295,57.367188,42.640625
185.327037,65.689707,56.406250,42.041667
184.476395,65.451103,56.572917,42.932292
183.387833,64.410309,57.718750,43.281250
181.439519,64.111649,59.041667,43.494792
181.852982,65.889999,59.625000,40.781250
186.039439,64.217901,55.104167,41.833333
182.432668,65.374372,58.296875,42.213542
183.286057,65.605754,58.523438,41.940104
183.379578,65.864868,58.523438,40.903646
184.739583,66.609683,56.125000,42.343750
183.566508,65.568158,57.078125,41.921875
182.861272,67.493128,58.677083,41.833333
183.031647,67.698860,57.486979,42.976562
183.436956,66.612602,57.486979,42.458333
182.642639,67.585205,57.718750,42.250000
182.656860,68.185799,57.718750,41.218750
183.954239,67.711472,56.351562,41.117188
184.991999,68.855555,55.281250,42.716146
182.609848,70.310204,57.000000,41.500000
182.088491,70.682983,58.088542,40.406250
184.136739,70.570900,56.067708,39.901042
179.014343,71.219340,59.880208,39.593750
181.120193,69.006676,58.382812,41.117188
180.398671,69.318609,57.656250,41.322917
181.522934,67.792862,57.367188,42.132812
181.212499,68.114388,57.656250,42.343750
182.123566,68.516335,57.203125,40.703125
180.659541,68.454478,57.291667,41.208333
177.751165,68.181796,60.614583,42.427083
179.237854,68.479167,59.151042,41.177083
180.657791,68.106438,58.234375,41.218750
180.785868,68.688967,57.656250,41.322917
179.871735,68.097656,57.875000,41.625000
179.155955,68.011172,59.187500,41.322917
180.819183,67.742531,58.234375,41.734375
180.584381,67.405281,57.367188,42.132812
180.249730,67.583819,57.656250,41.833333
179.976110,67.618474,57.583333,42.427083
179.764430,68.124270,57.945312,42.041667
179.484690,67.250608,57.432292,42.041667
179.189092,68.419083,58.166667,42.343750
179.979218,68.003578,56.687500,42.250000
179.126495,70.608742,57.875000,41.117188
179.414536,70.079033,57.875000,41.117188
180.376495,71.409676,57.367188,42.132812
180.299942,72.071884,56.859375,41.117188
179.542338,73.739894,57.794271,40.705729
179.149709,74.243652,58.088542,40.406250
179.574422,73.059756,58.296875,41.710938
178.929143,72.240239,57.945312,41.528646
179.778254,71.615410,57.145833,41.833333
179.450027,72.679352,58.088542,41.416667
178.600347,72.125295,58.677083,42.343750
178.680130,73.559052,57.203125,41.734375
179.219421,74.089600,56.859375,41.625000
179.426132,72.898552,57.500000,42.000000
179.382548,74.933973,56.635417,40.812500
178.897293,75.231003,57.500000,41.000000
178.576441,76.192983,57.794271,40.705729
178.697784,74.340210,58.000000,42.000000
178.107183,72.221095,58.458333,44.093750
178.909515,75.515312,57.007812,41.304688
178.819687,74.987518,58.000000,43.000000
177.362295,78.091654,59.333333,41.104167
178.211166,79.825724,58.458333,41.015625
178.371964,76.781319,58.088542,42.932292
178.812897,78.066444,57.718750,41.734375
177.481888,76.593590,58.890625,41.625000
178.110509,72.363375,58.005208,44.013021
178.957443,72.540253,58.005208,42.458333
178.492661,71.630424,59.265625,42.250000
178.848969,70.015419,58.234375,44.312500
178.144699,72.941218,59.333333,41.625000
178.366114,69.631612,60.078125,45.567708
178.051178,74.100128,58.679688,42.507812
177.935928,68.776293,58.971354,48.197917
178.734375,72.648796,59.218750,46.281250
178.003128,72.517189,59.757812,45.742188
178.447062,71.145401,59.723958,47.979167
178.225179,74.322322,59.520833,44.614583
178.541819,72.833110,58.937500,44.453125
177.420904,69.075284,62.458333,48.395833
179.587753,68.541985,58.968750,48.031250
176.803757,68.887306,66.226562,47.898438
179.247299,73.760284,58.640625,42.817708
176.734868,66.990397,62.692708,49.281250
179.754979,66.693626,58.640625,50.729167
179.007731,73.467328,59.789062,42.992188
180.122787,73.831528,58.656250,43.174479
178.593979,71.541344,60.812500,43.796875
178.924001,71.070079,60.257812,44.776042
179.653142,70.983922,59.473958,43.916667
179.785533,70.177368,59.916667,45.187500
179.831116,72.023888,59.757812,43.585938
179.729101,73.685504,59.151042,43.820313
179.404638,73.101293,59.916667,43.083333
179.513168,75.105888,61.195312,42.875000
180.059311,71.392507,59.916667,45.713542
180.010773,70.921089,60.296875,47.359375
178.797180,72.029421,60.893229,46.606771
179.878723,72.818954,61.156250,45.843750
181.067576,71.790558,60.041667,46.500000
179.891022,68.834686,60.296875,50.054688
181.734695,68.780655,60.062500,49.375000
180.303869,74.809100,61.468750,43.552083
180.991592,67.211843,60.546875,50.354167
181.846573,68.719093,60.625000,49.937500
180.862457,74.061839,60.901042,44.513021
181.886195,66.547869,61.083333,51.427083
182.334366,72.470543,60.625000,46.000000
182.484222,72.342995,61.375000,44.125000
182.992986,68.719330,61.083333,48.744792
182.532959,71.479790,62.312500,44.875000
182.380219,67.696075,62.250000,48.578125
183.476766,69.500585,62.312500,46.984375
183.716151,63.959668,61.177083,52.895833
183.943222,71.100189,61.125000,45.515625
184.010920,63.289767,61.442708,52.101563
184.359090,70.997821,62.005208,44.739583
185.113480,61.925537,62.250000,52.953125
184.589447,70.714211,61.429688,45.890625
185.596725,65.551483,62.250000,50.218750
185.080480,71.220657,61.729167,44.541667
185.882345,70.617132,63.046875,45.630208
185.633606,63.520874,62.796875,51.312500
186.606832,71.281896,62.580729,44.739583
186.094467,67.946167,62.250000,46.937500
186.904780,70.463097,62.302083,45.583333
185.960541,70.229553,62.796875,45.296875
185.011454,69.456703,63.640625,46.057292
187.162613,70.648605,62.875000,45.437500
186.836914,70.063405,63.937500,46.822917
187.155624,65.511520,63.437500,52.750000
187.099243,62.944733,63.661458,54.203125
188.133957,63.729696,63.497396,54.395833
188.358683,65.622375,63.497396,53.182292
188.470413,71.916908,63.562500,47.320312
188.096298,66.562531,63.734375,52.898438
188.627411,71.619537,63.890625,48.317708
188.078161,72.509580,64.015625,46.984375
188.977636,72.098038,65.421875,47.338542
188.443273,66.848986,65.458333,52.796875
188.826070,73.306048,65.645833,48.125000
188.662109,73.737587,65.460938,47.458333
189.620097,73.811475,65.739583,46.260417
189.476105,74.179103,65.458333,47.617187
189.951024,71.923645,66.033854,49.343750
190.196213,66.849716,65.718750,55.031250
190.578903,71.291870,66.078125,51.203125
189.626831,72.488668,66.286458,49.515625
190.917837,73.497068,66.598958,48.708333
192.410568,71.155451,66.026042,51.247396
191.653941,66.184433,66.885417,56.104167
191.718587,66.506772,67.526042,56.229167
192.507863,63.237808,68.354167,58.822917
192.881999,63.826042,67.520833,59.125000
192.748250,64.156209,67.895833,58.890625
192.303370,72.457896,69.359375,51.781250
192.462550,66.420921,69.796875,58.020833
