142.000000,124.000000,30.000000,54.000000
141.229167,127.131983,33.703125,48.796875
140.913727,127.028915,34.328125,48.250000
141.133392,126.902832,33.906250,50.359375
141.823822,128.207352,32.796875,46.976562
141.905624,126.790802,35.125000,53.000000
142.265869,128.211828,33.458333,52.250000
142.307541,128.321793,35.562500,51.312500
141.698405,128.869665,34.007812,48.531250
141.770081,128.594894,33.484375,49.937500
141.783101,129.011607,33.031250,49.687500
141.956161,129.160049,34.109375,48.541667
141.505178,127.118108,34.109375,50.664062
140.119771,127.844065,35.151042,51.145833
140.125270,126.202891,35.768229,55.132812
139.436045,124.517263,36.750000,54.625000
139.179718,123.054840,35.218750,57.718750
137.781382,122.462723,39.651042,60.861979
137.009455,121.300151,38.208333,63.177083
138.450226,122.629028,40.609375,60.921875
137.199677,123.235158,40.911458,66.677083
134.601578,123.401627,44.562500,67.937500
132.225489,121.701070,46.140625,71.776042
129.792755,118.340530,50.218750,74.242188
129.616338,119.327586,50.166667,74.750000
130.041463,121.256882,48.070312,74.429688
130.294413,121.659831,47.484375,75.994792
129.055481,120.575256,50.375000,76.625000
132.581736,118.289800,47.575521,80.114583
133.166199,117.141113,47.765625,80.437500
133.148799,118.697601,50.729167,83.020833
133.415766,119.159907,48.888021,88.007813
132.486745,120.668396,50.997396,89.351562
132.918655,118.886887,51.757812,90.000000
132.622559,118.911697,52.000000,90.250000
131.105077,118.736165,52.708333,90.958333
130.501856,120.500219,53.278646,89.085937
133.375366,121.418182,49.156250,85.093750
132.168727,122.995748,55.583333,81.510417
132.345617,128.675980,48.635417,74.554688
131.288228,130.350327,41.000000,71.666667
130.806213,129.613327,39.601562,70.609375
129.625793,130.730515,38.898438,66.570312
123.677231,125.154572,51.187500,69.437500
126.516246,131.037399,36.937500,51.911458
126.623642,125.514587,38.640625,60.882812
128.094065,121.988892,38.916667,67.083333
130.186025,126.492742,38.369792,60.257812
132.091161,126.269119,40.911458,53.036458
131.760127,125.582692,45.322917,53.031250
135.425486,127.182999,44.125000,51.791667
144.628983,129.680628,38.854167,48.437500
147.664093,127.220942,38.825521,50.218750
152.628469,132.513769,33.083333,50.041667
146.032013,132.534607,36.875000,51.750000
145.228775,133.663300,35.937500,50.270833
144.424835,129.655243,35.734375,54.437500
140.642390,135.354680,39.041667,49.125000
137.353317,134.429509,42.471354,57.510417
128.119232,134.390762,45.796875,64.859375
132.677378,137.479858,38.695312,63.322917
133.058421,135.406021,39.989583,68.718750
134.286931,132.434972,39.437500,72.536458
135.237473,136.273829,40.567708,68.432292
135.606125,131.309916,42.166667,72.500000
135.673981,131.943497,43.203125,65.445312
135.635722,130.157471,48.255208,64.739583
132.197316,127.712947,44.739583,68.335938
130.732590,129.584045,47.250000,64.015625
130.872818,120.709747,51.187500,71.718750
132.076874,110.500626,50.114583,70.479167
135.463562,109.594559,52.625000,77.822917
133.128164,94.367813,57.833333,82.375000
132.061081,84.948580,59.906250,85.635417
127.983337,76.711342,63.562500,87.734375
126.152384,71.971794,64.528646,94.424479
109.985926,67.167770,76.276042,88.692708
107.245590,77.873230,76.562500,84.687500
93.350052,92.476288,92.000000,109.062500
87.163956,109.402893,81.437500,83.062500
84.686610,115.921707,85.770833,87.401042
86.175926,130.691778,66.114583,83.250000
85.367940,132.769216,80.880208,80.065104
86.256002,138.889928,84.958333,75.270833
88.434713,147.903320,94.333333,88.500000
115.217453,156.940842,72.750000,84.125000
126.345535,162.092244,66.627604,77.427083
144.048309,166.505859,57.812500,74.382812
148.649200,166.020905,67.750000,74.500000
158.183716,169.446147,48.093750,70.927083
158.679784,152.336339,50.427083,87.666667
152.835327,144.315720,55.421875,74.234375
153.930501,141.985245,46.299479,73.734375
152.680323,136.306829,43.473958,56.822917
144.537689,124.870636,45.515625,62.859375
130.404088,119.622075,52.270833,61.744792
108.918564,116.626419,67.796875,61.351562
110.499619,119.899923,60.614583,55.083333
112.103699,125.655757,55.375000,51.750000
114.571233,128.865855,40.531250,55.427083
114.783615,132.379232,33.111979,56.515625
113.096990,130.929179,39.867188,50.750000
119.516800,129.623199,37.421875,56.125000
121.830551,131.345062,43.414062,57.710938
128.120209,132.059814,45.000000,56.000000
129.482763,131.162760,49.958333,54.125000
127.533361,125.655624,52.304688,56.450521
137.620275,130.231873,44.541667,52.161458
146.099731,126.614349,38.125000,54.109375
151.626221,132.423798,35.270833,47.510417
151.119558,129.884720,35.960938,45.283854
150.915273,119.012817,35.088542,55.453125
147.652191,126.292007,36.796875,39.968750
146.485199,119.247086,35.804688,45.257812
133.771408,116.485367,47.828125,46.562500
134.563121,119.883367,41.729167,45.713542
133.214844,118.528625,39.968750,51.296875
131.758957,124.896301,33.812500,49.281250
131.392685,127.197311,34.398438,54.882812
127.480611,124.271825,42.898438,57.315104
125.500397,128.019674,39.179688,58.976563
130.232717,129.616297,41.088542,58.802083
131.123825,128.832591,40.932292,60.898437
131.629862,123.916982,36.911458,62.049479
131.897532,125.109090,37.523438,62.359375
133.436381,122.713318,35.177083,65.333333
131.618032,120.093633,37.807292,63.174479
130.147883,122.421137,35.708333,57.145833
129.655121,120.958115,35.390625,53.312500
131.759201,114.053360,34.648438,60.921875
132.617615,118.170319,33.882812,54.851562
130.284775,117.229858,35.437500,54.921875
129.535568,118.621811,42.898438,47.403646
128.676132,116.979492,44.250000,47.403646
127.442368,113.130692,37.312500,53.062500
127.359502,114.901917,41.635417,49.848958
126.969376,116.123032,35.437500,49.937500
126.808350,116.067947,46.117188,52.132812
125.109039,116.161850,46.765625,52.656250
125.489182,117.005661,38.968750,51.625000
126.555679,120.996857,32.718750,49.031250
128.070496,123.262131,33.226562,49.125000
128.753474,117.265727,33.083333,54.750000
129.483353,136.637573,35.125000,38.187500
130.927205,138.471283,26.833333,35.583333
131.512080,139.281336,18.812500,37.416667
129.612228,133.813919,38.875000,43.375000
131.086644,134.983709,37.963542,33.638021
128.221451,133.240845,40.750000,33.625000
125.266642,132.726837,43.781250,32.989583
120.228149,130.873377,51.054688,39.414062
115.105820,127.658035,57.875000,35.125000
110.192266,117.523137,63.354167,46.270833
112.537649,110.260167,59.229167,48.031250
108.593140,113.207530,60.390625,40.122396
105.804647,107.955851,43.057292,41.572917
106.240906,107.175369,49.750000,48.812500
106.011063,102.280004,50.354167,54.666667
107.059138,102.291097,69.354167,60.307292
107.456523,106.240148,70.963542,55.182292
107.976151,106.426422,55.914062,55.359375
108.936747,103.611247,52.093750,60.609375
109.154907,110.113388,49.632812,54.906250
132.874273,111.302536,34.437500,58.401042
111.333954,107.589615,61.265625,61.794271
130.838120,109.355789,47.039062,66.453125
131.057632,111.915390,43.203125,64.593750
130.002696,111.743846,41.111979,64.739583
129.131714,115.039108,42.666667,69.750000
129.373927,116.807317,45.309896,62.927083
106.481766,120.144012,62.765625,63.289062
105.178828,120.217250,59.794271,65.289062
104.344579,119.938634,60.854167,70.638021
101.429927,120.241379,63.833333,70.479167
100.387889,121.426188,62.000000,77.250000
117.188599,125.921824,44.333333,70.333333
121.026443,125.776093,47.828125,78.203125
119.103378,132.884842,50.328125,67.773438
119.369247,134.488586,58.148438,66.570312
119.552170,130.183060,51.625000,60.484375
117.546234,131.114853,63.890625,59.098958
136.021113,129.032644,52.463542,68.781250
144.518331,130.560150,39.427083,64.838542
146.452550,127.702011,35.723958,68.093750
145.003387,130.195363,37.781250,65.645833
144.942993,127.987350,44.031250,66.343750
146.924260,128.318502,42.458333,71.479167
147.788457,129.878118,42.640625,63.460938
148.540624,129.580953,42.554688,70.257812
150.596893,128.117676,41.429688,64.609375
152.565582,130.930573,39.734375,60.148438
155.347763,130.193705,38.304688,63.671875
156.180832,127.790833,39.791667,62.250000
160.492900,132.207362,41.625000,55.166667
159.810089,125.635025,44.000000,61.500000
156.287949,125.087280,50.203125,65.382812
172.081345,126.615331,39.463542,60.893229
175.388657,129.921844,39.734375,59.101562
177.963094,131.503525,44.770833,56.210938
185.566376,133.274180,45.567708,63.705729
190.055084,134.398092,47.583333,64.375000
198.168442,139.482620,40.921875,68.867188
197.958374,141.016037,42.046875,67.007812
196.646973,137.561203,42.601562,69.226562
194.920232,137.586726,44.713542,72.531250
194.266235,134.296738,46.125000,81.750000
194.457550,136.862045,49.546875,81.911458
195.786118,128.317332,50.677083,85.320312
196.246307,119.551458,52.854167,91.744792
194.624669,100.238124,59.723958,105.557292
190.733592,99.740428,65.723958,86.044271
173.697220,82.496109,74.500000,89.046875
173.544312,73.698380,79.054688,112.851562
180.215668,67.536797,76.937500,112.375000
182.190547,62.908518,85.114583,110.791667
179.320633,55.114098,88.390625,113.492188
173.345276,36.099892,90.843750,118.187500
166.380641,39.227379,96.421875,116.942708
158.090291,41.730438,102.098958,126.835938
157.619904,30.722900,91.492188,119.421875
146.320084,30.374336,94.500000,128.500000
127.486908,24.481784,105.770833,93.510417
111.324615,28.444458,88.971354,116.528646
87.795151,31.064346,96.593750,130.882812
58.518267,32.065478,100.057292,122.916667
58.032811,45.147825,86.742188,107.320312
44.238754,49.087921,85.703125,106.335938
41.146324,42.464811,80.606771,116.791667
39.216110,45.290166,75.804688,122.682292
38.104698,45.331551,76.802083,141.632812
39.365112,57.153320,65.906250,133.953125
40.728930,29.496684,67.651042,176.083333
46.856913,30.085124,64.700521,173.304688
49.271843,81.945450,78.656250,125.687500
55.109283,84.150238,68.539062,98.671875
63.297633,84.026271,59.231771,117.463542
67.785942,98.952179,76.937500,91.937500
73.599197,94.320755,63.343750,83.828125
73.782247,104.086604,68.708333,68.708333
73.834976,97.207825,69.398438,73.421875
73.897682,99.525177,64.546875,72.968750
74.316437,100.444244,71.476562,80.921875
74.089038,103.566096,78.065104,78.065104
75.066167,110.269775,77.817708,69.979167
76.656644,119.230291,74.992188,57.802083
83.747208,107.117081,70.671875,72.804688
85.503403,127.460785,72.203125,55.492188
119.212880,127.574656,37.575521,54.828125
92.250000,119.916016,63.343750,58.750000
97.002487,121.849564,61.117188,53.523438
99.753021,116.835541,56.945312,55.140625
101.571294,115.699234,54.523438,52.221354
105.054596,116.933655,51.476562,46.484375
104.892797,116.403727,51.500000,41.505208
102.671997,115.088470,53.000000,49.000000
103.190460,117.145294,50.726562,43.398438
104.238922,114.031291,50.242188,42.283854
105.778529,115.402384,45.322917,38.578125
106.891485,110.799037,42.708333,40.416667
109.580760,111.448751,39.270833,39.270833
111.402954,111.722549,37.437500,38.679688
112.667618,107.552673,41.242188,41.242188
115.499776,111.216764,38.083333,34.333333
114.938243,107.967005,39.395833,36.229167
117.715637,103.307716,38.109375,39.671875
118.336182,104.379089,37.562500,53.406250
119.393336,107.289001,36.020833,41.572917
121.445007,109.606293,33.695312,35.309896
122.663457,107.152634,34.531250,49.562500
120.476283,105.306704,38.539062,42.575521
121.006927,106.308309,37.505208,41.750000
120.096542,105.035934,38.679688,41.164062
119.700500,109.437457,42.250000,48.083333
119.323074,107.846954,43.875000,35.125000
118.276210,108.808769,44.750000,45.583333
120.565628,109.195724,37.750000,32.062500
120.047379,108.034256,37.023438,34.125000
118.027308,108.474360,38.356771,34.031250
120.013397,107.854645,35.500000,35.125000
117.257991,108.957489,37.822917,37.093750
119.710449,111.968918,29.328125,37.367188
115.891953,113.521042,32.354167,41.104167
113.914480,115.258372,35.598958,49.666667
113.260483,117.953985,44.312500,47.921875
108.651972,118.272237,50.054687,49.635417
111.070836,119.767161,44.130208,54.252604
100.939163,129.794408,59.869792,52.916667
108.380168,135.467066,52.132812,60.411458
107.696971,126.812958,54.083333,60.718750
106.719599,130.068761,55.182292,56.255208
106.108810,129.283722,62.570312,57.578125
113.059311,131.235870,55.007812,58.492188
113.558838,139.298141,52.203125,48.083333
130.790833,132.009267,39.453125,53.942708
128.832153,137.548660,33.406250,50.406250
111.672724,134.103450,51.015625,53.541667
125.369314,135.202250,34.304688,54.393229
124.245997,134.758240,33.669271,57.291667
123.573654,134.608871,35.312500,57.710938
122.287298,131.603119,38.757813,62.531250
120.988866,133.230779,38.208333,64.645833
120.980896,134.780487,40.187500,63.390625
119.895620,134.858592,41.104167,66.625000
119.713333,136.673523,40.921875,66.625000
120.903275,137.916351,42.507812,68.382812
122.238724,139.717728,39.812500,66.812500
123.999934,139.559285,44.453125,68.057292
124.124542,141.228134,42.625000,66.250000
124.393626,141.327276,42.210938,64.739583
124.455892,139.273376,47.291667,67.281250
123.789093,140.624298,49.125000,67.718750
117.110580,142.905548,53.372396,65.458333
102.853770,132.155441,65.041667,69.875000
103.283295,129.121750,70.609375,71.875000
107.395177,135.235952,63.666667,68.333333
108.587387,136.587540,70.726562,68.734375
118.152405,138.936890,63.114583,66.604167
115.854187,148.690964,69.130208,59.869792
117.366959,149.146042,62.812500,62.812500
134.531891,148.267873,53.958333,65.583333
145.846873,150.615046,44.635417,66.760417
146.299449,160.442917,36.583333,62.833333
143.231842,161.120987,40.382812,65.343750
147.084412,158.348521,38.875000,63.072917
148.631714,156.526245,39.500000,60.500000
148.446503,155.724411,37.421875,61.539062
147.959946,157.246841,39.812500,59.937500
148.873540,155.310623,33.627604,61.872396
148.382070,155.249191,35.960938,60.666667
162.374903,123.667643,28.809896,46.721354
157.087921,125.267512,36.833333,43.552083
165.730957,133.115560,29.864583,48.966146
165.698303,131.644129,29.658854,49.437500
165.447159,128.993093,30.276042,54.338542
165.255427,129.740072,30.768229,54.666667
154.511241,131.594823,40.718750,54.812500
152.319717,136.947718,42.208333,44.447917
156.153809,139.075439,34.984375,43.140625
150.739685,134.343643,37.953125,44.398438
141.555349,133.669134,42.250000,43.083333
133.018173,125.532578,46.937500,46.500000
121.404449,126.084874,55.541667,41.791667
121.527069,125.673075,52.067708,43.877604
132.999405,123.799103,39.000000,47.500000
123.211884,119.583959,47.447917,45.078125
132.283234,122.096359,36.742188,39.601562
123.217270,118.224335,44.953125,38.156250
132.735703,118.346451,31.507812,37.523438
123.011052,116.432256,41.476563,37.796875
121.436157,110.947205,39.921875,40.335938
120.617401,113.671473,38.854167,34.739583
120.630539,113.514862,35.375000,36.546875
131.643021,117.415222,27.255208,30.583333
133.244064,115.288925,24.906250,29.476562
122.412598,113.899989,32.666667,33.000000
121.630020,114.683853,34.593750,31.234375
120.208410,114.662852,33.067708,31.361979
132.355804,118.474426,24.515625,32.242188
123.396820,117.128738,34.632812,35.273438
120.056976,117.600952,37.281250,36.945312
119.491623,119.278885,39.320312,37.210938
119.325745,121.709763,39.828125,34.651042
121.214172,123.090958,44.257812,39.281250
120.554382,126.975815,43.382812,38.942708
133.516073,131.564133,30.062500,36.924479
134.670558,132.256744,35.302083,41.468750
118.653336,132.066025,52.398438,44.429688
114.249746,135.218638,54.666667,47.539062
113.368337,136.695221,52.052083,48.971354
110.202301,135.855881,54.007812,48.015625
109.232742,134.106613,55.250000,47.984375
107.598892,131.728897,60.921875,48.734375
107.858821,128.733861,57.054687,54.919271
106.058034,126.795049,55.869792,56.429688
104.771347,122.152018,57.000000,62.250000
123.561417,126.122793,39.718750,58.770833
122.106481,126.191218,44.750000,63.416667
121.360123,130.039017,47.039062,65.343750
121.412150,132.723251,49.919271,63.731771
128.029933,129.396917,44.552083,71.036458
130.450943,135.207718,44.359375,70.726562
132.794693,135.923431,42.601562,73.070312
132.460612,136.458089,44.164062,73.515625
132.119776,133.353531,46.518229,70.755208
116.294866,133.082047,64.489583,71.677083
121.640477,133.365097,47.442708,70.664062
118.716690,132.222366,50.929688,73.187500
116.684799,131.431732,44.664062,74.406250
113.218994,132.263107,46.117188,74.992188
112.004267,133.417938,45.250000,75.364583
108.689987,133.425735,46.718750,73.789062
108.330495,136.654221,47.510417,78.109375
109.248352,138.205109,46.054688,78.148438
110.828445,144.318710,48.328125,73.205729
110.472087,147.344727,64.583333,66.333333
115.277812,142.712168,57.914062,67.093750
117.994883,144.159465,64.036458,71.755208
108.450170,140.415064,75.867188,73.843750
135.640208,141.291687,52.000000,71.125000
144.605347,135.214920,46.015625,72.218750
148.878886,129.125443,43.109375,73.734375
151.274480,127.886770,40.440104,68.351562
144.664490,122.966710,45.890625,67.184896
143.666763,116.176407,44.343750,70.007812
126.418727,122.449982,59.072917,59.072917
127.423935,116.142685,57.671875,69.859375
128.424850,112.498556,50.765625,71.820313
104.661270,116.861318,74.104167,65.911458
111.263606,118.304733,62.515625,66.484375
111.148499,122.972076,45.093750,68.437500
114.194468,125.472082,40.947917,65.531250
111.147614,119.091237,44.166667,72.166667
112.131983,123.920237,41.609375,72.213542
114.319707,125.621862,50.729167,69.377604
117.544754,125.322189,53.843750,62.156250
120.816869,122.258408,57.791667,63.833333
113.998027,121.581685,63.239583,63.239583
125.316640,118.957331,56.856771,61.250000
141.638845,120.212392,48.111979,57.653646
148.798106,104.009237,47.552083,71.963542
147.386139,108.749115,50.218750,67.210938
159.478882,105.851089,46.703125,55.492188
170.266571,98.885773,39.273438,58.687500
176.000259,107.522461,39.062500,51.221354
181.228846,106.128637,43.721354,45.731771
182.193619,103.499794,52.468750,45.320312
189.043172,104.797356,40.505208,45.322917
188.975128,102.294586,44.541667,50.958333
193.048396,103.814219,44.700521,47.854167
191.584595,104.436768,44.328125,49.398438
187.347824,104.557073,40.812500,54.083333
190.199448,117.330780,31.299479,40.622396
190.508916,120.651423,30.218750,55.010417
189.315608,129.004161,33.703125,47.958333
185.004405,130.327311,39.992188,50.054688
183.626541,130.321396,41.489583,41.929688
181.949992,129.680374,43.184896,43.619792
179.045486,126.669708,44.195312,41.078125
175.802032,123.728470,37.750000,42.562500
171.332642,123.662669,42.088542,40.830729
166.650416,118.557775,41.572917,45.843750
156.969304,115.116338,46.239583,49.375000
147.786133,112.272049,44.835938,57.091146
142.974233,123.236252,42.067708,50.479167
139.587570,121.478851,40.078125,57.710938
136.445084,120.856232,43.820312,72.367188
136.638611,120.733643,44.828125,71.640625
139.056539,119.894994,43.791667,62.750000
140.866165,124.534973,43.500000,59.437500
141.152318,122.240626,44.135417,63.072917
143.484350,120.949371,46.606771,69.684896
145.824356,120.486140,44.739583,71.213542
146.516922,119.824565,44.166667,75.083333
146.533778,117.956263,44.153646,77.257812
145.728714,116.783869,43.895833,64.437500
144.259969,113.800415,44.541667,66.312500
143.589172,114.737823,44.312500,62.312500
142.652237,106.483521,43.656250,67.718750
141.167002,105.686732,44.145833,72.531250
140.458781,104.139114,42.786458,70.447917
139.579742,108.839890,43.773438,67.156250
138.340271,114.045807,44.265625,74.773438
139.135213,119.961156,43.583333,71.583333
139.978455,122.859619,44.343750,63.164062
140.935440,126.713003,44.875000,73.041667
142.544067,127.049606,45.484375,70.578125
145.405731,126.543060,45.375000,67.007812
146.636353,128.023254,44.203125,67.718750
149.130559,129.120687,44.541667,60.869792
148.889633,129.669815,45.343750,59.265625
151.130722,133.977753,45.179688,74.125000
150.792801,132.981277,47.218750,64.218750
