138.000000,111.000000,51.000000,36.000000
141.065704,113.304454,50.718750,38.625000
139.934743,114.901683,50.958333,38.125000
140.862076,117.132222,51.130208,37.914062
140.010488,118.348226,51.416667,38.125000
139.510620,117.976837,51.416667,44.541667
140.197123,119.511607,50.765625,39.390625
138.983042,119.439295,52.041667,38.825521
139.666941,119.928131,51.526042,38.083333
139.071233,119.175975,51.416667,38.125000
139.574524,118.835983,51.703125,39.257812
139.460190,118.964305,51.343750,38.757812
138.010300,119.640137,51.242188,38.796875
137.113454,119.073298,51.416667,37.208333
137.256688,119.717153,51.130208,37.002604
136.635330,118.998672,51.296875,37.703125
136.890157,118.100235,50.958333,38.125000
137.263728,118.130839,51.416667,37.208333
136.657776,116.817032,51.585938,37.458333
136.598450,116.712870,50.958333,37.666667
137.139414,115.796204,51.416667,37.208333
136.969513,115.841726,51.585938,37.002604
136.741648,115.014669,51.130208,37.458333
137.678640,114.452169,50.958333,37.666667
136.991140,113.077174,50.958333,38.583333
137.107300,112.863627,51.062500,37.156250
137.529175,112.566803,51.130208,37.458333
138.283508,111.451085,51.416667,37.666667
138.601212,111.807861,51.703125,37.414062
139.059224,111.366776,51.416667,37.666667
139.689575,110.489029,51.242188,39.257812
141.353714,109.156891,51.242188,39.718750
141.102036,109.094505,51.242188,40.179688
141.680644,109.096369,51.343750,40.622396
142.056213,109.612971,51.989583,39.937500
141.980820,109.119113,52.276042,40.156250
143.550781,108.126607,52.276042,41.554688
145.765884,107.876968,52.093750,39.906250
147.026169,106.661598,53.031250,38.500000
149.186101,106.099353,51.906250,39.179688
151.885564,106.485026,52.848958,39.179688
153.934458,105.699435,53.609375,39.390625
156.636912,106.056681,53.708333,39.333333
158.910294,106.385447,54.666667,40.291667
161.137283,108.252088,54.854167,39.677083
163.253718,108.444544,55.054688,39.958333
164.848221,110.324193,54.854167,40.656250
166.056717,110.802750,55.632812,40.867188
168.530818,109.845718,55.713542,40.791667
169.731873,109.556038,55.713542,40.791667
171.748433,106.885269,56.210938,41.289062
173.748576,104.729350,57.291667,41.208333
176.205088,103.316274,56.572917,41.921875
178.122192,102.100853,56.859375,41.625000
178.796219,100.945663,57.367188,41.625000
179.604019,100.492935,57.145833,41.322917
179.932220,98.979881,57.875000,41.625000
180.565659,97.166382,58.166667,41.833333
181.609523,97.201589,58.166667,41.833333
182.184952,97.508881,58.750000,41.218750
183.195806,97.962435,58.971354,42.041667
183.796844,97.804985,58.523438,42.976562
184.842051,98.774231,58.812500,42.145833
184.935959,99.909798,58.291667,51.000000
185.035599,99.462097,58.968750,42.562500
184.184036,99.663048,59.625000,51.773438
184.240860,100.058238,58.937500,42.307292
184.920705,101.113241,58.812500,42.145833
184.660283,100.686310,58.812500,42.145833
184.399862,100.780210,59.333333,42.666667
184.801361,100.494270,59.101562,42.875000
184.357473,101.931389,59.390625,42.557292
184.094238,100.989319,59.101562,42.351562
183.309082,100.560165,59.101562,42.875000
182.743652,100.682032,58.864583,42.557292
181.840012,100.356110,59.101562,42.351562
181.578293,100.806396,58.578125,42.875000
181.126160,100.374161,58.578125,42.875000
180.602722,100.208221,58.054688,43.398438
179.179230,100.315590,58.054688,42.875000
178.539907,100.940590,57.770833,42.145833
178.565948,98.826004,56.687500,43.281250
177.036397,99.424169,56.968750,43.494792
176.375717,98.905767,56.450521,42.458333
175.167486,99.568423,57.145833,43.364583
173.979843,100.321762,56.687500,42.765625
173.783305,98.615451,56.406250,43.580729
171.876389,98.841766,56.687500,42.250000
170.276545,97.679423,57.145833,41.833333
168.906657,98.189842,58.677083,41.322917
168.150457,96.130936,57.945312,43.067708
165.893941,98.445005,59.333333,41.625000
165.521545,98.220800,59.041667,42.976563
165.961121,98.211540,58.578125,42.875000
165.271729,99.449951,59.101562,42.875000
164.710480,100.222036,58.864583,42.557292
165.566452,100.942986,58.054688,43.398438
167.233932,101.204704,57.007812,44.445312
167.322128,101.716850,57.007812,45.492188
167.675410,103.098590,56.234375,45.187500
166.347280,102.840401,57.250000,45.791667
166.661794,101.607839,56.760417,45.713542
165.424489,101.253530,57.565104,45.406250
164.978689,99.834513,57.286458,44.661458
163.817576,100.130272,57.812500,43.083333
162.536331,99.653384,58.291667,43.708333
161.723826,100.327120,58.864583,43.083333
160.145696,101.212346,59.390625,43.083333
159.736837,100.579534,59.679688,43.291667
160.544978,100.916773,59.151042,43.820312
160.596430,100.408541,58.338542,43.083333
160.834457,100.870537,58.054688,43.921875
162.007634,102.177434,57.286458,44.135417
161.166931,102.548508,57.531250,44.445312
160.801300,101.834030,57.531250,44.968750
160.388723,101.337303,57.812500,44.661458
160.373413,100.336721,58.093750,43.291667
160.439036,100.344760,57.250000,43.708333
159.554509,98.651932,57.770833,43.708333
159.364894,99.659253,58.338542,43.083333
159.878021,98.149124,57.531250,42.875000
159.477615,96.966204,58.005208,42.976562
159.619548,95.972610,58.291667,42.666667
159.619548,94.575139,58.812500,43.187500
159.451655,93.357152,58.338542,43.083333
159.113464,92.842194,58.578125,41.828125
159.197861,92.121559,57.718750,41.734375
159.690801,91.105174,57.432292,42.041667
158.493591,88.494359,58.166667,44.385417
158.876719,87.626472,58.864583,43.083333
159.198044,88.617165,58.578125,41.828125
159.643723,87.248009,57.718750,42.250000
160.348017,87.078143,57.945312,42.041667
160.762339,86.849935,58.166667,41.322917
160.829422,87.412788,58.382812,40.609375
161.147934,86.331212,58.296875,41.710938
161.830465,86.168538,57.656250,41.322917
161.961639,85.822525,58.000000,40.000000
161.846069,85.005814,58.000000,40.000000
161.290726,84.393295,58.500000,41.500000
162.587626,83.124560,58.088542,41.416667
162.581680,83.738777,57.875000,39.593750
162.715841,83.499517,58.200521,40.294271
162.730362,82.740807,57.500000,40.500000
162.594950,81.655797,57.703125,41.289063
162.811086,82.225642,57.794271,40.203125
162.793513,81.803510,58.200521,39.796875
162.680023,80.844660,57.703125,40.791667
162.591934,81.320389,57.500000,40.500000
162.575048,81.732259,57.703125,39.796875
161.809621,81.401070,57.901042,40.583333
162.201187,81.272980,57.500000,40.500000
161.692657,80.170202,57.205729,40.791667
161.390355,80.650426,57.703125,39.796875
161.752558,81.192823,58.281250,39.187500
162.367518,81.500287,57.901042,38.604167
162.114583,79.372533,57.976562,40.445312
162.995722,79.494586,57.291667,39.700521
162.810043,77.717339,57.791667,41.635417
163.868352,78.749987,57.703125,40.294271
163.251378,78.879117,58.200521,40.294271
163.920883,80.014681,57.406250,39.593750
163.137207,79.543416,57.791667,40.166667
163.162328,79.614812,57.901042,40.088542
164.294261,67.758403,57.901042,50.973958
163.333750,77.657809,58.523438,41.421875
163.523183,67.737895,58.799479,51.260417
163.558441,67.046260,58.338542,51.500000
163.778168,78.552180,58.416667,40.197917
163.776769,67.624680,58.338542,51.500000
164.023468,78.450839,58.416667,40.197917
163.471909,80.261269,58.054688,40.257812
163.707586,80.187050,58.593750,41.416667
163.167236,79.965103,58.890625,41.117188
164.110235,79.413500,58.971354,42.554687
164.092133,80.104401,58.750000,41.734375
163.982290,81.998329,57.945312,41.015625
163.025894,83.129601,58.890625,40.101562
163.025894,83.222115,59.398438,40.609375
162.469905,81.992948,59.484375,42.041667
162.254405,82.904907,59.559896,41.421875
162.857239,84.718109,59.781250,40.703125
163.537018,86.358643,59.265625,40.703125
163.427643,86.202393,59.484375,40.502604
163.427628,86.645452,59.484375,41.528646
163.648982,87.054281,59.559896,42.976563
163.324758,86.896731,60.208333,43.291667
163.566945,87.585836,60.257812,44.776042
163.945847,88.178584,60.041667,44.875000
163.675008,89.190948,60.583333,44.333333
163.502670,88.132250,61.125000,46.500000
163.293971,92.339162,60.630208,43.911458
163.289505,92.968262,60.835938,45.203125
163.504272,95.038422,61.703125,44.203125
163.730937,95.911395,60.869792,45.085937
163.414825,96.453346,61.156250,44.203125
164.615224,96.929909,61.125000,44.875000
163.879593,96.819290,61.156250,45.843750
164.136815,98.898003,61.177083,44.614583
164.120270,98.764259,60.869792,45.085938
163.804153,99.133324,61.703125,45.843750
164.848099,100.816780,60.906250,44.820312
164.696213,101.330251,60.869792,45.630208
164.650447,102.388596,60.893229,44.958333
164.344925,104.332230,61.156250,44.750000
164.717636,105.251808,61.703125,44.750000
164.298365,104.972366,61.442708,45.507812
165.084635,107.001948,61.729167,45.166667
165.636719,107.378026,61.729167,45.166667
164.708552,108.130203,62.281250,45.718750
164.521545,109.693192,62.302083,45.583333
164.901011,109.894842,61.744792,45.026042
164.879929,111.060781,60.893229,44.958333
164.400375,112.457535,61.703125,44.750000
164.904780,113.101776,61.992188,44.958333
164.484212,114.125346,62.281250,45.718750
163.316101,116.384104,62.859375,45.583333
161.033076,116.303268,64.828125,46.351562
160.336929,115.783813,65.445312,48.335938
165.825974,115.684143,60.179688,51.976562
162.565592,115.938192,64.000000,52.333333
165.478734,115.274724,60.812500,57.791667
164.892003,117.662725,61.229167,55.083333
161.441498,117.649785,64.104167,59.250000
163.332169,116.755580,62.635417,56.281250
160.439545,117.869354,64.570312,59.015625
160.692586,116.984472,65.440104,58.421875
160.857244,117.546473,64.937500,65.583333
160.793243,117.020152,64.403646,63.096354
161.315582,117.156876,63.898438,64.546875
160.505035,118.171356,65.195312,65.195312
162.292450,118.180969,64.000000,64.000000
163.190613,117.565216,62.601562,61.953125
161.882980,118.566427,64.151042,74.567708
162.149124,118.345001,64.000000,62.687500
161.738754,117.503662,64.546875,62.601562
161.226486,117.444087,65.453125,63.500000
159.693939,117.972107,65.703125,62.500000
161.130442,117.066096,64.151042,70.661458
161.334885,118.760081,64.036458,56.960938
162.205546,117.784836,63.390625,56.458333
162.304047,119.089137,62.617188,53.903646
162.167328,118.650736,62.890625,51.968750
164.855881,118.270218,60.375000,50.281250
165.308762,118.967280,59.437500,48.552083
163.940572,117.372294,60.630208,47.812500
165.010437,115.125270,60.072917,47.375000
164.420415,113.395340,60.072917,47.375000
164.596410,112.690247,59.794271,47.156250
164.418243,111.174332,59.794271,47.156250
166.216944,110.129481,58.968750,46.822917
166.611710,108.827499,59.515625,46.937500
166.435399,108.464493,58.695312,47.156250
167.125229,108.773193,58.968750,46.390625
166.603709,107.566427,58.958333,47.041667
167.172653,107.513392,59.236979,46.718750
165.672882,107.319672,58.968750,46.390625
165.865743,107.212540,58.958333,45.958333
164.466278,105.684212,59.218750,45.742188
164.942912,105.782369,58.416667,46.500000
164.311752,105.189751,58.140625,46.820312
164.016953,104.285271,57.328125,48.744792
164.432048,102.777306,57.328125,50.354167
165.386622,101.607765,56.255208,52.500000
166.331304,99.727704,56.250000,55.708333
166.222839,99.324997,56.234375,56.781250
168.011052,98.027575,56.429688,59.229167
168.782364,94.843140,54.854167,62.302083
169.582830,94.114265,54.854167,62.302083
169.570465,93.582985,56.320312,63.164062
170.339589,93.552732,57.145833,63.447917
171.324397,92.776278,58.291667,64.020833
171.030273,91.296387,60.278646,63.156250
171.701848,91.138735,58.864583,61.729167
171.643738,91.448011,60.278646,59.127604
174.030090,91.700518,59.473958,61.177083
173.333389,91.095889,61.156250,61.729167
173.711319,88.893501,62.023438,62.593750
174.307007,89.585462,62.302083,65.739583
176.466400,88.402351,60.546875,66.328125
176.689789,87.202393,60.179688,66.039062
176.386500,89.211070,60.278646,66.033854
177.126500,88.603917,60.500000,64.583333
177.588837,88.452075,59.333333,66.333333
177.824656,89.713989,59.072917,64.880208
177.532120,88.871409,60.278646,62.580729
177.603266,87.996043,59.653646,63.138021
177.323532,88.624924,59.742188,63.164062
177.231964,88.356522,59.968750,64.015625
177.534180,88.903458,59.968750,65.750000
177.463531,89.816124,60.179688,63.695312
177.598760,89.459844,60.500000,62.250000
177.589823,88.915181,61.031250,64.562500
176.770706,88.862984,60.968750,65.718750
176.356440,88.789251,59.854167,63.973958
176.141841,88.170848,59.916667,64.000000
176.690974,90.083702,60.815104,65.460938
176.341756,91.529406,60.442708,63.973958
175.353658,90.484278,60.500000,64.583333
175.554606,91.173622,59.653646,63.138021
175.358917,91.737694,59.007812,63.109375
174.898972,91.463646,59.007812,62.523438
174.452347,91.605245,58.750000,62.250000
174.513423,92.112747,57.583333,62.250000
174.069158,93.003446,57.911458,61.395833
174.950256,91.637253,57.250000,63.109375
174.772171,91.845573,56.664062,62.523438
173.940816,88.645566,55.833333,65.166667
174.569356,89.714795,56.216146,64.104167
174.382080,88.022158,56.169271,64.299479
173.561488,87.809120,56.416667,64.583333
173.789612,89.920593,56.500000,63.437500
174.388657,88.600853,56.500000,63.437500
174.726206,88.367968,55.674479,61.429687
174.453969,88.043655,56.000000,61.156250
174.091187,88.327604,56.169271,62.557292
172.992132,89.520322,56.635417,61.744792
173.839951,89.026489,56.635417,60.041667
173.776703,87.772789,56.320312,61.453125
172.664276,87.414497,57.460938,61.453125
174.600606,88.570628,56.572917,58.291667
173.865723,87.077911,56.945312,61.466146
173.971151,88.435074,56.750000,59.072917
174.640767,87.715683,56.945312,59.205729
174.521296,87.312431,57.510417,58.075521
175.334183,87.997884,57.510417,54.684896
175.373840,87.505541,58.109375,53.630208
175.278046,86.939804,58.687500,54.250000
175.574432,88.288551,58.375000,52.187500
175.051015,86.890823,58.958333,50.598958
176.071874,87.755198,58.401042,48.927083
175.153412,88.132004,59.242188,48.148438
176.027852,86.636035,58.958333,48.927083
176.011271,88.503573,59.229167,47.471354
175.727417,87.710396,59.242188,48.148438
176.632385,88.817177,58.958333,47.255208
176.174800,89.309362,60.072917,47.375000
177.150055,88.564621,59.796875,48.703125
177.864695,88.411036,59.789062,48.031250
177.202662,88.793124,59.789062,48.031250
177.304810,88.055420,60.348958,48.031250
177.432826,88.521919,60.348958,47.471354
176.491964,88.622935,60.908854,48.031250
175.930771,88.789846,61.466146,46.773438
175.546850,89.486087,61.468750,46.911458
175.546844,89.870125,62.028646,46.351562
174.594676,89.015928,62.028646,47.471354
175.202011,90.678686,61.177083,45.848958
175.099187,89.190376,61.729167,47.927083
173.851410,88.272247,61.744792,49.255208
174.296717,90.166756,61.429688,47.617188
173.590256,91.043953,62.312500,46.562500
174.286530,90.683815,62.312500,47.687500
174.533813,92.173279,62.593750,47.195312
174.137533,89.879959,62.031250,48.468750
173.533671,90.906614,62.875000,47.406250
174.633987,91.297241,62.593750,47.195312
175.230433,90.773618,62.596354,47.903646
175.847290,93.990095,61.729167,45.114583
175.847285,92.859886,62.833333,45.718750
176.351919,91.703636,62.588542,46.911458
176.778865,89.955409,62.588542,48.591146
177.119797,92.114339,62.596354,46.208333
176.805161,91.099060,62.570312,47.039062
177.891856,90.511108,62.596354,47.338542
177.949646,89.725006,62.312500,48.250000
178.440002,90.868973,62.593750,46.625000
178.147583,89.952324,62.312500,47.687500
178.843191,89.229373,62.312500,48.119792
178.499354,91.707914,62.880208,46.416667
179.488932,88.421453,62.596354,49.598958
180.145782,90.214798,62.859375,47.250000
180.596659,90.063756,62.880208,48.119792
180.407476,88.039012,62.875000,49.697917
180.257696,85.931992,63.138021,50.942708
180.362976,87.883451,63.416667,48.833333
181.645625,88.840530,63.138021,48.619792
180.878520,87.693448,63.731771,49.919271
182.058044,87.334053,62.523438,50.804688
182.263275,85.277796,63.447917,51.989583
182.017736,89.265551,63.416667,49.416667
182.729752,88.418327,63.416667,49.416667
182.430771,89.010139,63.164062,49.476562
182.455734,87.900543,62.859375,50.140625
182.916672,87.306412,63.695312,51.390625
182.791316,91.205699,63.973958,48.083333
183.189407,87.516762,63.734375,51.187500
183.681946,88.859141,64.000000,50.000000
184.330017,90.127464,63.734375,48.906250
184.153163,89.212852,63.718750,50.361979
182.935852,89.161359,64.307292,53.947917
184.723740,88.378843,64.000000,52.333333
183.992126,88.010269,64.281250,56.078125
184.282684,86.668543,64.000000,54.666667
182.096771,88.978035,66.312500,69.281250
184.788554,89.813833,63.861979,50.791667
181.084661,87.669256,68.390625,73.710938
185.333399,88.246399,64.218750,52.442708
184.532542,89.070351,64.562500,54.557292
185.168396,87.643204,64.281250,53.734375
181.910146,87.861872,67.505208,70.447917
185.511246,89.559692,63.953125,51.609375
178.864075,90.655182,70.726562,71.898438
185.306610,88.582959,64.302083,52.625000
185.000244,90.346502,64.252604,51.838542
185.572047,91.150050,64.000000,50.583333
184.874868,88.095968,64.880208,52.684896
185.647898,89.823573,64.562500,51.614583
185.570831,88.342341,64.252604,54.794271
180.670593,87.053513,68.968750,71.898438
185.475469,87.764885,64.916667,53.854167
184.657883,90.189486,64.809896,52.882812
184.944188,86.945051,64.299479,57.911458
184.612259,88.637143,64.809896,54.075521
185.350499,88.582553,64.562500,56.911458
185.621719,92.063301,64.531250,49.093750
183.517039,89.118619,66.333333,66.916667
186.202098,87.984594,64.302083,53.854167
184.781387,89.286690,65.125000,53.250000
183.994263,88.764959,66.002604,68.984375
183.571788,89.951085,66.898438,65.643229
185.556152,89.471293,64.679688,54.388021
185.493205,89.808388,64.645833,51.794271
185.757507,89.633868,64.562500,52.203125
185.974625,87.674095,65.453125,54.320312
185.808294,89.909927,64.809896,51.093750
185.401759,88.820872,65.166667,52.333333
186.671417,88.791702,64.531250,57.406250
185.648107,90.676898,65.406250,51.093750
185.830129,87.217684,65.166667,52.916667
185.673798,89.460426,65.125000,51.468750
186.157247,89.910482,65.151042,50.437500
187.531296,90.139913,64.843750,56.567708
183.382568,90.276421,69.281250,70.468750
181.750605,89.236481,71.953125,68.218750
182.351364,87.960747,70.940104,67.671875
181.671860,88.260880,71.546875,69.531250
186.637019,89.120824,66.424479,66.424479
177.150253,87.434761,74.671875,72.109375
180.494186,87.135490,70.875000,71.546875
181.137355,88.494809,69.911458,68.546875
186.569794,89.070389,63.421875,50.804688
184.774780,88.574460,64.020833,52.046875
183.751989,88.993385,63.890625,50.114583
182.871536,88.800222,64.562500,50.437500
182.815608,88.056831,63.973958,51.614583
181.954315,89.745394,63.661458,50.065104
181.873210,90.551575,63.973958,49.848958
180.950531,91.756856,63.385417,48.671875
180.881165,89.709236,63.437500,49.562500
180.834396,90.714729,63.109375,49.046875
180.469152,91.174591,63.156250,48.192708
179.659907,93.823631,62.875000,46.833333
179.382716,92.350861,62.596354,47.903646
179.050257,94.025823,62.312500,45.848958
178.498179,93.601344,62.302083,47.255208
178.563868,94.362694,62.596354,45.643229
178.711004,94.774935,62.302083,45.026042
178.066447,94.152540,62.833333,46.270833
177.229065,91.489464,62.875000,48.812500
178.652150,90.722186,61.729167,49.125000
178.130539,94.690964,62.023438,45.484375
177.579758,95.124611,62.015625,45.929688
178.170263,94.916931,62.302083,45.026042
177.525706,94.846621,62.281250,45.166667
177.658524,95.851830,62.015625,45.375000
177.280746,94.919365,63.125000,45.375000
178.276189,95.874257,62.859375,45.583333
178.030563,95.770091,63.148438,44.671875
178.596970,95.797462,62.570312,45.375000
179.466329,96.250587,62.859375,45.026042
179.333511,95.695633,63.125000,45.375000
180.161636,96.607091,63.148438,45.231771
181.142105,93.819982,62.859375,47.812500
181.671748,95.658791,63.726562,46.208333
182.304901,94.748141,63.726562,47.903646
182.414419,96.084091,63.447917,46.833333
182.566111,95.453039,63.447917,46.416667
182.470673,93.754486,64.000000,48.250000
184.106140,95.405858,63.156250,46.466146
184.539963,95.226280,63.437500,47.687500
185.209137,95.147766,63.734375,47.195312
185.417892,93.500565,63.734375,50.046875
187.023361,90.987740,63.437500,52.453125
187.451106,89.621094,63.617188,53.479167
188.116730,88.865072,64.213542,54.075521
189.269190,88.955152,63.497396,53.182292
189.572571,93.041110,64.710938,49.541667
190.613683,92.201808,64.252604,50.656250
192.323395,91.472305,63.937500,50.875000
192.913269,90.169113,64.531250,52.062500
194.055837,87.340299,63.833333,55.979167
193.631683,90.986633,65.187500,56.546875
197.662282,89.944735,63.239583,53.903646
194.660421,90.028097,66.854167,59.000000
198.224060,90.046509,64.281250,52.257812
194.289825,89.935074,68.375000,59.953125
193.612411,90.997505,69.343750,60.484375
193.440842,90.266220,69.906250,61.375000
195.047379,91.190460,67.937500,59.406250
191.884598,90.622818,70.828125,63.140625
198.160049,92.652855,64.156250,52.062500
197.635274,89.109782,64.164062,55.869792
196.696991,90.684891,63.953125,52.226562
194.667770,91.352364,64.164062,51.531250
193.823339,89.707458,63.020833,52.286458
191.965917,89.052717,63.890625,53.109375
191.089386,88.514671,63.765625,53.406250
188.817581,89.606972,63.765625,51.578125
188.426132,89.959084,63.291667,51.312500
186.879227,89.992081,62.750000,50.875000
186.210561,89.912351,63.070312,51.247396
185.153885,88.722908,62.750000,52.062500
184.013753,88.831289,62.424479,51.093750
183.144140,85.392459,62.796875,53.968750
182.848262,90.413869,62.625000,49.937500
182.600016,88.040927,62.250000,50.583333
181.769882,89.610054,62.523438,50.218750
182.249741,88.438179,61.937500,50.218750
181.522227,87.300072,62.557292,50.942708
181.819824,87.173172,61.937500,51.390625
182.331802,88.817958,62.208333,51.026042
181.164291,88.764519,61.937500,50.804688
181.350113,94.145103,62.523438,46.117188
180.549550,91.124379,62.028646,48.031250
179.664312,92.163254,62.880208,46.984375
180.344879,88.908025,61.744792,48.687500
178.815979,88.116361,61.729167,49.125000
178.285487,87.039001,62.005208,48.192708
178.561523,85.541603,62.023438,49.476562
178.366791,82.883842,62.005208,50.494792
177.369400,84.698156,62.250000,47.083333
178.043879,81.745031,62.031250,49.598958
177.407639,72.890228,61.703125,57.078125
177.897278,81.982625,61.677083,48.328125
176.909714,81.973938,62.281250,47.828125
177.757446,74.228310,62.593750,55.179688
177.477982,82.299856,62.093750,47.718750
177.012873,82.160998,62.880208,46.984375
177.223251,79.042758,63.161458,50.164062
177.089294,67.966751,63.109375,60.765625
177.464208,71.443634,62.458333,57.541667
177.062673,70.646492,62.617188,56.393229
177.306442,68.042750,62.979167,58.640625
177.872899,72.547887,63.239583,54.526042
177.071788,67.322266,63.421875,58.526042
177.440308,75.031593,62.617188,51.414062
177.560577,67.616959,63.070312,58.341146
177.351227,68.228518,63.598958,57.401042
177.210632,68.611610,63.598958,57.401042
176.958903,71.942240,63.687500,54.468750
177.067296,69.753624,63.687500,57.541667
177.548279,73.438212,63.598958,55.541667
177.302246,72.912783,63.598958,56.781250
177.650253,81.409617,63.760417,49.325521
176.230977,83.725240,64.213542,48.708333
176.437525,85.218089,63.718750,47.458333
176.107285,86.890940,64.020833,47.979167
176.216934,88.229752,63.437500,48.984375
176.076309,87.649737,63.718750,49.200521
175.352351,91.952652,64.583333,46.500000
175.060679,93.895114,64.593750,46.260417
174.306503,96.374413,64.875000,46.054688
174.306503,97.800194,64.304688,46.625000
174.453903,99.816124,64.304688,46.054688
173.746872,101.159447,65.151042,46.416667
173.739054,100.771935,64.593750,47.406250
172.582809,102.795486,65.171875,47.250000
172.691071,104.746384,64.593750,47.250000
172.039846,106.735377,64.882812,47.041667
171.752080,109.253159,65.458333,46.466146
170.782628,112.055333,64.307292,49.919271
170.106420,112.917638,64.880208,46.877604
169.817357,115.743861,64.882812,47.041667
169.130269,117.583405,65.458333,46.466146
167.979228,119.234538,65.458333,46.466146
165.101618,121.097987,67.184896,48.192708
168.913040,121.163544,63.937500,48.500000
167.462819,122.115453,64.299479,49.781250
166.436544,121.242940,63.973958,52.791667
165.992859,121.660492,63.562500,53.937500
165.170471,121.507736,63.291667,52.510417
163.885218,120.489365,63.617188,51.690104
162.710541,121.483948,63.937500,50.281250
161.369390,121.593862,64.562500,48.671875
160.924072,121.805801,64.281250,47.875000
159.817917,122.416199,65.750000,47.828125
160.270086,120.932531,63.416667,47.666667
159.828283,120.680384,64.020833,46.260417
158.979324,120.991170,64.583333,45.848958
157.843913,120.139608,65.151042,46.416667
158.593964,119.468613,64.304688,46.054688
158.658890,117.695658,64.015625,47.552083
159.171900,117.004944,63.731771,47.617188
160.053401,117.067688,63.156250,50.494792
159.858673,118.234756,64.281250,51.976562
161.900736,118.999008,62.557292,53.265625
162.565033,118.725952,62.250000,52.916667
155.112488,116.635330,68.382812,52.562500
160.133657,113.114268,62.093750,52.510417
157.222687,110.767441,62.523438,50.218750
152.770340,109.138336,63.437500,48.406250
150.639999,108.956177,64.015625,47.828125
148.734390,109.865952,64.593750,47.250000
147.546651,112.307927,66.609375,47.041667
149.428060,112.840139,65.750000,48.833333
150.178609,114.411840,65.166667,47.666667
151.882278,114.733220,64.299479,48.039062
153.730311,115.419795,63.718750,49.781250
155.725713,116.172465,63.385417,52.203125
155.791417,115.019236,63.070312,54.203125
156.857381,114.364095,63.020833,53.479167
155.790665,112.268570,63.343750,53.843750
154.672668,110.088903,63.890625,52.510417
153.515874,107.986572,64.252604,51.247396
151.260941,105.053248,64.809896,49.901042
150.828181,104.160253,64.843750,48.882812
149.791728,103.784032,65.151042,49.260417
149.321818,103.123713,65.739583,49.848958
148.097168,102.333939,65.718750,49.687500
146.618876,101.931544,66.002604,48.708333
146.016012,101.768651,66.026042,50.065104
145.997976,102.155579,65.687500,51.312500
146.484019,101.979177,65.041667,52.354167
146.908310,101.131933,64.710938,53.182292
146.117167,99.233790,65.041667,52.958333
144.980042,98.225235,65.593750,52.187500
143.417450,95.799316,66.812500,52.796875
141.881180,94.824921,67.039062,57.164062
141.195918,94.079615,68.218750,57.638021
141.738164,94.178116,68.557292,55.541667
143.167297,94.196144,68.273438,50.375000
144.176030,94.823374,68.317708,54.854167
144.253199,96.492737,68.153646,52.463542
144.191177,95.882965,67.596354,53.903646
144.560054,96.144391,67.526042,54.346354
144.686040,94.489830,67.171875,55.828125
143.893677,93.651644,67.802083,55.828125
143.179779,92.972237,66.812500,56.054688
140.933441,89.560867,68.078125,57.953125
139.464503,88.284442,68.539062,55.674479
138.807434,87.795639,68.906250,53.531250
138.071640,87.539688,69.976562,54.156250
139.049866,88.380180,69.546875,54.812500
139.516953,89.226021,69.182292,55.674479
140.537766,94.546974,69.085938,55.468750
139.921112,95.596519,69.268229,57.145833
140.691920,96.915082,68.539062,56.960938
140.399587,95.681269,68.630208,58.421875
140.416718,96.897840,68.708333,57.640625
141.440542,97.256276,67.895833,58.890625
140.159795,97.774633,67.895833,58.247396
138.598806,95.949626,68.630208,58.421875
137.776769,93.047691,68.354167,58.187500
136.899195,91.040962,69.458333,58.479167
136.241170,94.800858,69.182292,52.458333
136.585129,93.164930,70.036458,53.091146
138.061696,94.865712,69.625000,53.104167
139.765971,95.299149,69.625000,53.739583
141.550939,95.518768,70.544271,54.593750
143.508174,97.164739,70.468750,55.031250
144.191798,97.477900,70.104167,56.541667
145.066223,98.195610,69.458333,56.541667
143.365509,98.709541,69.734375,56.117188
142.609314,97.123817,69.734375,54.820312
140.183578,95.451195,70.468750,54.388021
138.186569,95.831589,71.111979,52.458333
135.366140,95.837502,70.544271,52.679688
133.047201,96.696841,71.531250,52.468750
132.205917,98.319366,70.828125,52.890625
131.353271,100.695450,71.182292,53.317708
130.830663,102.004501,70.468750,52.458333
131.685872,102.952415,70.895833,53.104167
132.477966,103.379486,71.468750,54.171875
133.559855,103.655009,70.750000,53.958333
133.325150,102.568899,70.750000,54.604167
131.764313,103.072693,71.031250,54.171875
131.008998,103.547862,70.750000,53.312500
133.651077,101.718300,70.828125,52.890625
135.825918,100.866737,70.544271,53.955729
137.591395,100.972209,70.468750,53.744792
138.234599,100.328957,70.468750,55.674479
139.369171,101.307223,71.312500,56.338542
141.642965,100.986669,70.940104,56.559896
143.139674,100.982287,71.497396,55.026042
145.501322,100.542160,71.593750,55.906250
147.021006,99.963936,70.838542,56.343750
145.539154,99.739105,71.218750,56.781250
144.165085,99.147774,70.838542,56.343750
141.051310,98.052549,70.838542,60.296875
138.559224,99.763990,70.333333,57.666667
136.433009,100.279561,70.286458,58.520833
135.345947,103.056442,70.562500,58.093750
136.002747,105.813263,70.661458,57.640625
135.459488,106.106837,70.838542,58.320312
135.782516,106.931157,70.179688,57.002604
134.075089,107.611908,70.940104,55.906250
133.140035,108.672607,71.312500,54.385417
131.365382,108.879974,71.312500,55.036458
129.434392,110.406021,70.940104,54.598958
129.038376,111.342102,71.031250,56.117188
128.495738,109.263646,72.901042,57.213542
127.976517,108.066457,73.666667,56.333333
128.239975,107.514374,73.562500,56.093750
125.912893,106.282603,75.289062,56.549479
125.447098,105.020203,74.406250,58.093750
122.854177,103.162857,74.968750,58.531250
121.603058,100.628148,74.151042,57.588542
117.206487,98.219292,74.687500,58.312500
114.053579,96.087326,74.005208,58.312500
110.701131,93.928800,74.005208,57.630208
107.349330,91.075106,72.640625,58.994792
103.301463,90.051669,71.958333,61.041667
100.924225,90.732816,71.544271,59.901042
98.455236,90.800430,71.416667,61.260417
97.222448,89.355118,71.820313,59.679688
97.238820,89.230667,72.494792,57.656250
96.388316,88.082502,73.169271,58.330729
95.586105,89.134827,73.726562,57.414062
93.328354,88.476646,74.125000,57.197917
92.043152,88.708420,74.406250,57.414062
90.071325,88.259201,74.687500,57.630208
90.565018,88.711912,74.968750,57.161458
90.491763,87.454099,74.687500,58.312500
92.058060,88.610352,74.562500,57.375000
90.630976,89.506185,74.687500,56.947917
91.238312,89.612953,74.406250,57.414062
91.097687,89.846026,74.687500,57.630208
90.272166,88.710612,74.968750,57.846354
88.286461,89.633789,74.562500,56.687500
85.399269,88.930664,75.085938,56.734375
82.838893,88.823893,74.687500,59.677083
80.260712,88.916183,73.187500,58.062500
76.392006,87.297104,73.447917,57.197917
73.882500,87.614227,73.169271,60.354167
73.434097,86.286438,71.546875,61.468750
74.195068,87.686562,74.125000,59.906250
77.238881,88.864245,73.598958,65.380208
82.791616,91.162582,73.734375,63.343750
89.721311,91.216283,75.255208,59.843750
95.840927,95.455732,75.255208,59.143229
97.071777,95.801620,76.789062,60.101562
97.202143,95.379903,76.791667,60.500000
95.278625,96.817055,77.070312,59.296875
93.533503,93.501951,77.218750,62.398438
92.754801,94.695160,76.742188,60.151042
93.700801,93.209844,75.807292,60.281250
93.923981,93.915576,76.513021,59.575521
96.394038,90.739797,75.807292,61.692708
99.322718,91.869573,75.208333,62.364583
101.953654,90.709579,75.921875,64.505208
104.915563,95.527588,76.104167,60.791667
108.116409,96.048744,76.359375,60.718750
110.735199,96.534729,77.070312,60.007812
114.141149,95.342583,77.218750,60.986979
116.415059,92.370773,78.343750,64.736979
119.364003,97.996541,79.395833,60.906250
123.916102,99.295166,79.627604,60.872396
126.940399,99.939560,80.921875,60.578125
127.755900,99.661062,80.479167,60.062500
129.978790,98.676682,80.195312,60.578125
130.114136,98.676682,80.195312,59.851562
131.111903,98.420171,79.911458,60.364583
134.285650,97.374827,79.627604,60.872396
138.674901,95.871783,79.911458,62.536458
144.718638,95.563446,81.208333,60.791667
152.076324,95.850609,80.312500,59.750000
156.291870,96.760999,82.083333,60.364583
158.686203,97.571259,83.984375,59.015625
162.031601,97.475998,84.718750,60.484375
165.811712,97.833257,84.708333,76.486979
169.026148,92.346601,86.440104,68.411458
172.942937,97.674418,85.872396,64.848958
177.898010,96.030548,86.632812,66.171875
182.594793,101.358861,87.140625,62.307292
186.281631,102.120972,87.515625,62.250000
190.197108,101.829539,87.333333,63.437500
193.472473,102.414490,87.625000,62.101562
197.508397,101.886963,88.104167,62.666667
200.744522,100.902583,89.468750,62.307292
199.861511,100.944188,94.437500,79.643229
207.511780,99.231949,88.494792,67.234375
210.294047,99.872874,89.666667,64.333333
212.964213,99.081202,88.875000,63.541667
214.326853,99.534983,89.575521,63.708333
216.544098,99.076416,88.585938,64.914062
216.545044,100.699758,88.875000,67.500000
217.984395,99.809443,88.942708,64.158854
217.768250,99.826370,89.375000,64.125000
217.768250,99.037308,88.585938,68.859375
217.047109,98.400675,88.942708,64.958333
212.105560,99.764516,93.625000,71.458333
217.989665,97.861684,88.226562,65.796875
216.000214,98.486623,89.666667,69.083333
217.072571,100.049194,87.906250,63.765625
215.554443,100.082993,88.500000,65.062500
212.053914,99.655909,88.875000,67.500000
208.847392,100.016729,88.143229,64.958333
205.571304,98.855270,87.007812,64.125000
202.345037,96.936000,87.429687,64.848958
199.408157,95.829231,87.510417,64.703125
198.767527,94.513926,87.223958,66.059896
198.880488,98.294863,87.291667,64.333333
198.276321,99.002335,86.937500,64.281250
194.866928,99.925781,86.937500,65.062500
191.295787,99.819010,86.440104,66.059896
188.752085,100.140411,84.364583,64.703125
182.600708,99.089086,85.020833,64.208333
177.357615,96.773977,84.736979,65.531250
171.458659,93.038279,84.812500,66.963542
166.522863,88.434822,84.315104,96.773438
163.801168,86.416837,83.588542,73.776042
158.886729,97.744171,85.229167,61.742188
156.159963,98.154327,83.200521,60.153646
152.995687,97.284604,83.541667,62.906250
149.426259,97.274190,81.807292,62.171875
145.614344,96.342921,82.182292,62.072917
141.986186,96.108823,81.437500,62.817708
138.583644,95.627052,82.466146,61.539062
135.759796,95.976944,81.898438,61.859375
132.144196,95.976944,82.640625,62.601562
129.325851,97.056160,82.000000,61.750000
126.270340,96.259285,81.898438,61.859375
123.905899,98.252632,81.898438,61.117188
122.347305,98.095080,81.330729,62.169271
120.950165,100.242157,81.156250,61.117188
118.665298,100.925751,81.046875,61.218750
117.333160,100.925751,81.781250,61.953125
114.799805,102.557419,81.898438,62.601562
112.647461,101.220179,82.466146,63.781250
111.442632,102.147944,82.281250,62.713542
109.570541,100.754715,82.000000,62.500000
107.705363,98.619298,83.213542,63.781250
105.188416,98.072418,83.125000,63.354167
103.535583,97.939194,82.843750,63.898438
101.355611,97.209010,83.125000,64.875000
101.074356,99.046738,83.687500,63.015625
100.738419,96.710800,82.843750,63.898438
101.116308,95.462102,83.125000,64.875000
102.366302,95.002960,82.921875,63.781250
102.925888,95.843796,82.843750,63.898438
103.303777,96.634445,83.885417,63.354167
102.923574,99.718399,83.885417,62.593750
102.829829,104.128169,84.828125,62.927083
102.777751,107.139445,84.932292,62.804688
102.014730,110.088603,85.695313,62.804688
100.963425,110.648224,85.984375,63.781250
99.369675,110.082794,86.851562,65.968750
98.325511,108.128530,86.723958,65.489583
98.718735,104.444417,87.510417,65.489583
98.328094,97.730881,87.007812,66.492188
98.984126,91.266482,87.575521,68.513021
99.232442,88.646520,87.380208,66.390625
100.870773,84.215594,86.781250,65.335937
101.829768,80.954364,85.937500,66.276042
103.402690,79.480838,85.937500,65.489583
105.396886,79.587611,86.440104,66.059896
107.624939,82.133186,87.007812,64.125000
109.894974,86.733152,87.429688,64.070312
110.141068,90.183922,88.500000,67.406250
109.633255,92.606789,88.710938,71.812500
107.765808,102.160309,89.609375,68.078125
105.609558,105.025996,90.661458,67.838542
106.284042,105.480072,90.947917,68.052083
104.500183,103.732681,91.234375,69.085938
104.637924,101.338150,91.265625,68.906250
103.961594,97.459793,92.093750,72.218750
103.462128,92.337326,92.125000,73.562500
102.618378,89.359009,92.953125,73.187500
102.779160,87.049782,92.953125,71.468750
103.352509,81.949959,92.117188,71.679688
103.916311,78.776810,92.687500,71.463542
104.466792,74.011576,91.838542,72.312500
104.891271,74.011574,92.687500,72.312500
106.903285,76.355324,93.250000,71.041667
108.033498,79.697502,93.536458,71.463542
109.885061,86.782420,94.104167,71.041667
111.749405,88.802765,94.958333,73.604167
113.961141,90.530940,95.218750,76.026042
115.501012,91.354670,95.130208,77.369792
117.293594,90.631775,95.406250,76.703125
116.872808,86.501536,95.682292,78.710937
117.462423,87.119932,95.882812,74.195312
117.974986,82.903384,96.942708,75.817708
117.711960,80.675830,97.468750,74.244792
117.105189,77.898702,97.794271,73.817708
116.196289,74.741094,97.510417,75.375000
115.603358,72.905975,97.468750,76.031250
113.808899,71.174011,98.929688,77.367188
114.886770,67.701134,98.526042,79.385417
114.157700,66.620499,98.718750,78.437500
114.720276,64.662318,99.083333,78.000000
113.967972,62.764893,98.804688,77.781250
114.162552,63.892159,98.804688,75.953125
114.552516,65.222857,98.593750,76.002604
115.456167,65.389025,99.497396,77.809896
116.121531,72.683968,100.000000,76.166667
115.491297,79.322716,101.260417,75.739583
116.262131,84.748230,102.460938,77.781250
117.101181,86.285446,103.265625,81.882812
116.483994,87.792974,104.500000,83.416667
114.666285,87.481593,106.187500,84.760417
114.581009,85.859451,105.619792,84.893229
114.270813,86.346306,106.328125,80.734375
114.763000,83.040583,105.343750,82.156250
115.453105,79.243823,104.934896,82.593750
114.967422,67.228706,105.906250,90.364583
117.399714,69.733447,105.125000,84.708333
117.290344,64.647583,105.343750,86.640625
118.595001,62.900508,104.729167,85.778646
119.001246,63.050832,112.822917,83.135417
118.916295,62.638321,105.270833,85.218750
118.741816,68.289337,105.619792,83.906250
118.344844,72.490679,106.049479,85.432292
117.291458,85.739265,108.156250,82.359375
114.760208,94.719681,109.281250,84.671875
114.485372,105.438965,109.716146,91.763021
112.979263,110.064926,111.343750,87.625000
111.795588,107.747686,113.122396,90.492188
110.079590,103.289342,113.572917,92.531250
108.950684,91.093445,113.625000,95.562500
107.534877,86.405950,113.656250,91.125000
106.488007,82.203133,113.625000,89.187500
107.178111,73.041621,113.294271,90.205729
107.426804,66.961845,112.796875,90.648438
107.426804,62.879570,113.851562,90.648438
107.678106,62.462301,114.408854,90.031250
106.562068,62.571678,114.130208,90.869792
105.024551,69.649323,115.750000,89.187500
101.782542,77.213631,118.359375,89.812500
98.420720,85.848452,119.307292,91.343750
94.781001,90.464656,121.828125,97.880208
92.603923,99.567485,122.768229,98.869792
91.228302,106.138087,125.895833,101.833333
88.425842,105.648361,126.718750,99.945312
87.863342,99.858231,125.494792,99.656250
85.939438,85.242584,126.718750,104.601562
85.171209,82.951213,127.054688,97.041667
83.668564,71.382055,126.156250,98.343750
82.731450,64.602361,126.437500,98.562500
81.143631,57.826004,126.718750,101.109375
80.068044,58.121951,126.947917,99.875000
77.084412,60.746346,127.562500,100.609375
75.930496,67.377632,129.585938,102.453125
73.369919,78.185023,130.656250,101.843750
72.850754,88.592712,132.140625,103.265625
70.002462,95.891719,135.992188,143.289063
55.507273,99.793045,150.296875,138.812500
54.597850,96.076182,149.867188,144.502604
67.378276,89.921931,136.250000,113.708333
67.322861,78.831029,136.192708,106.744792
68.835887,66.744169,135.708333,106.479167
69.802027,56.701330,135.028646,106.218750
70.566345,46.284882,136.000000,107.250000
70.401723,40.501394,135.864583,106.875000
70.072825,37.082209,135.028646,107.471354
68.050685,36.736806,136.562500,106.437500
67.910065,38.746704,135.585938,107.914062
66.274684,45.173759,137.125000,106.875000
64.006073,53.974391,137.406250,108.356771
62.170135,64.892822,138.531250,109.242188
60.323781,78.471883,139.656250,108.843750
57.610235,87.437098,141.223958,112.921875
57.019463,92.623449,142.075521,118.778646
52.700353,95.805445,145.947917,143.312500
51.804342,91.224370,145.083333,149.239583
52.309784,82.533325,144.859375,156.484375
53.056600,72.837112,142.921875,162.760417
53.997185,59.684316,143.791667,114.302083
54.923279,51.582748,142.750000,111.742188
55.307836,42.858337,143.906250,113.083333
56.232318,37.187581,143.388021,112.781250
54.938367,35.170975,144.156250,113.669271
53.461662,36.732170,146.617188,115.890625
52.852854,43.762311,145.895833,116.104167
50.678378,55.769012,148.888021,116.325521
49.140620,70.102648,151.963542,117.653646
46.601557,84.452398,152.861979,157.041667
45.635933,96.657120,153.208333,144.427083
43.636668,103.944000,153.109375,137.744792
42.770607,104.652756,153.289062,138.210938
39.861061,99.220627,157.109375,141.953125
39.213221,88.922012,156.971354,152.338542
41.291593,76.834824,155.911458,163.815104
42.470042,63.998957,157.848958,176.010417
44.420074,53.029602,159.390625,121.921875
47.101074,43.853790,157.867188,123.906250
48.230311,38.665621,159.255208,125.453125
47.764168,37.975271,160.187500,124.812500
46.290209,40.460785,163.135417,126.286458
46.026800,47.782524,164.216146,128.278646
45.931747,59.118334,165.919271,134.145833
43.781830,72.978638,172.500000,166.375000
43.082031,85.653147,169.710938,156.856771
41.560715,94.495941,173.125000,147.812500
41.045738,97.851746,174.062500,144.109375
37.287715,93.361643,172.708333,147.942708
39.400622,84.217306,172.666667,157.666667
39.230738,70.186147,179.208333,168.927083
41.010518,56.179611,174.697917,183.382812
41.206045,44.055458,177.317708,197.312500
45.830378,32.178396,179.697917,135.973958
47.731918,26.620300,172.445312,132.742188
47.777491,22.771820,182.635417,132.942708
45.695374,25.957530,173.802083,133.046875
44.869858,30.218781,173.867188,134.218750
43.647202,40.631737,176.312500,136.468750
42.358139,56.804184,177.273438,136.843750
40.007027,68.540222,181.375000,174.875000
41.323140,77.221176,178.395833,168.161458
38.767365,79.507385,179.125000,163.093750
36.975052,75.341761,178.604167,167.947917
37.092656,64.942535,180.562500,175.281250
35.312363,52.159431,177.562500,188.156250
36.355916,42.958018,178.075521,198.156250
39.127726,31.105555,176.614583,134.619792
42.932114,20.643420,173.434896,133.502604
46.399567,17.295977,185.463542,130.296875
45.258270,5.249001,186.096354,140.231771
45.505183,8.893349,184.166667,138.375000
45.464249,15.789597,181.815104,138.684896
42.887772,32.929563,176.010417,133.083333
40.672928,43.457779,179.500000,136.468750
40.118240,59.121201,180.609375,182.242188
39.138616,73.368805,184.348958,170.640625
38.891141,82.506017,184.546875,161.153646
40.916992,87.105743,182.484375,159.125000
38.085655,85.027018,185.708333,159.067708
39.064819,76.163935,185.541667,167.625000
39.393870,66.084391,189.565104,176.750000
39.383789,52.387177,189.296875,189.296875
40.311513,43.268115,187.557292,198.979167
40.317243,35.276840,189.000000,204.666667
40.259995,31.598557,189.312500,207.734375
39.910660,32.025665,192.812500,207.250000
40.921295,37.299840,190.346354,202.830729
41.535695,47.908620,188.833333,194.958333
39.374385,55.925878,194.192708,186.307292
38.575338,69.140783,195.703125,172.796875
38.777669,78.372503,194.583333,165.833333
38.791921,77.118525,190.111979,165.770833
39.500809,71.794083,188.007812,169.492188
40.356455,65.457525,188.270833,177.145833
42.349731,55.991089,185.078125,185.078125
41.389877,46.824641,186.109375,197.328125
42.478699,41.928167,186.750000,198.359375
45.247457,36.585729,183.802083,144.062500
48.285980,39.233513,178.473958,148.265625
48.563848,44.975138,178.375000,196.291667
43.630646,55.084778,181.750000,187.398438
44.622757,72.409195,181.000000,169.750000
42.538528,86.165298,183.812500,156.390625
42.217468,88.834244,180.296875,155.687500
43.245951,87.115641,177.375000,154.895833
44.975123,79.239237,179.104167,161.812500
44.839569,69.738775,178.083333,171.000000
47.913142,57.546316,176.307292,185.343750
52.834493,45.490468,173.088542,195.057292
58.226878,39.076726,172.796875,126.984375
62.445633,32.423060,167.989583,124.427083
66.638346,29.168427,163.052083,119.953125
70.161753,30.798609,159.888021,118.937500
72.939072,35.933975,159.578125,117.601562
72.493759,43.660713,160.468750,120.601562
73.900009,54.766457,160.557292,119.942708
74.043233,62.191279,160.270833,119.729167
76.586126,64.739685,159.697917,125.072917
79.429708,64.133331,157.239583,118.916667
83.366394,62.682190,153.718750,115.539062
85.584000,53.127014,152.578125,115.031250
88.506460,45.419484,150.062500,112.796875
93.842392,37.472694,146.174479,109.541667
97.773376,29.201134,143.593750,107.945312
101.497335,27.617149,141.343750,104.958333
105.185211,28.762980,139.520833,102.666667
107.086258,34.764516,139.460938,104.533854
108.394852,45.966354,138.101562,102.882812
109.014404,58.160698,137.640625,104.101562
107.871201,61.680010,138.213542,115.760417
108.532130,68.681020,136.958333,118.656250
106.120667,85.254883,139.125000,111.234375
106.448792,85.979126,138.468750,116.421875
109.817800,83.864970,135.114583,107.770833
110.489187,65.018199,136.562500,117.734375
115.672353,62.874644,133.036458,104.276042
119.189621,55.211830,132.671875,100.375000
122.085312,45.428711,132.140625,98.453125
125.394958,36.526311,130.721354,97.398438
127.870183,31.691806,129.302083,96.343750
127.997787,31.205414,129.046875,94.125000
129.646027,33.767723,129.625000,95.171875
129.652847,40.742928,129.343750,94.656250
130.374201,50.358871,130.208333,95.598958
132.118988,62.496017,130.210938,98.781250
132.880707,68.220698,129.869792,107.406250
135.611984,80.771200,128.833333,111.625000
133.807460,90.495097,127.968750,106.807292
135.135590,87.790115,127.750000,105.812500
135.019628,79.915960,127.601562,110.721354
135.605423,67.814545,126.906250,107.156250
138.489309,66.122114,123.830729,98.291667
141.107895,56.678665,122.406250,92.343750
143.879227,44.836332,120.250000,91.541667
146.285995,38.229561,119.125000,88.500000
147.215866,33.752457,117.664062,87.695312
148.999908,32.260147,115.960938,87.484375
150.293304,34.455032,115.109375,86.843750
150.314423,38.585663,114.257812,86.203125
147.690455,47.845009,115.757813,85.776042
147.594391,60.219093,117.375000,86.203125
151.596853,67.640422,112.244792,98.601562
151.992335,75.184570,112.583333,103.916667
147.819646,83.437790,116.645833,98.854167
145.983063,87.252365,116.070312,95.960938
146.500773,91.444789,115.570312,90.473958
144.692698,83.469187,116.528646,92.151042
146.999919,68.122981,112.315104,97.184896
144.624181,67.571637,116.385417,96.791667
147.061722,64.157066,113.125000,82.937500
146.515305,56.576675,113.578125,81.851562
150.907618,51.019897,109.562500,80.411458
150.355540,47.588371,109.687500,80.312500
151.862823,47.036153,105.906250,79.679688
151.321665,50.231992,107.085938,77.458333
147.460617,54.777733,108.765625,77.570312
146.047058,61.050461,109.953125,77.458333
146.452637,66.226112,108.625000,81.718750
153.484848,69.009216,101.317708,86.708333
152.862457,81.098679,102.562500,82.054688
152.990061,86.681061,101.351563,80.325521
152.821101,83.012899,99.710937,83.729167
151.580714,84.381938,99.854167,78.942708
151.721725,67.352272,97.796875,89.500000
148.776382,67.346214,101.750000,82.375000
148.267904,64.658900,102.427083,76.833333
145.735580,60.972290,105.171875,74.750000
149.167842,58.675453,101.768229,74.033854
148.206060,58.463437,103.111979,73.291667
146.415161,62.606125,105.218750,72.593750
147.821050,66.266846,103.083333,74.828125
155.051605,68.856239,96.156250,83.468750
155.769216,84.358772,95.161458,76.515625
152.974945,96.709976,97.187500,74.031250
153.536835,103.459167,96.375000,72.750000
153.723816,105.696503,96.677083,70.583333
153.291529,101.109034,96.679687,71.682292
156.378789,97.184921,94.375000,70.166667
157.685308,74.917356,94.098958,83.942708
161.936951,67.547564,91.578125,86.250000
164.909378,68.226730,91.343750,79.359375
167.170110,67.792099,89.541667,73.604167
170.550288,66.854602,89.020833,71.247396
171.799103,67.965584,87.953125,69.734375
173.242025,67.791491,86.585938,70.283854
174.083527,68.034943,85.500000,74.937500
174.536652,81.415443,85.429688,67.875000
174.776255,85.167330,84.398438,69.307292
177.102325,88.380798,83.604167,72.484375
177.730408,102.204824,81.747396,61.760417
175.967336,103.262273,83.125000,60.312500
176.133316,101.580887,81.046875,58.281250
177.709071,86.941401,79.776042,66.169271
178.311203,81.921801,78.518229,64.971354
179.316086,74.911201,77.445312,66.312500
180.168950,67.443164,77.234375,69.013021
180.898112,67.148671,75.776042,66.619792
182.284531,67.716014,74.958333,66.083333
182.820958,68.101173,74.177083,67.591146
183.027323,82.435020,74.119792,56.744792
184.029922,85.417274,73.460938,58.968750
185.597153,88.777730,72.229167,61.270833
185.055481,97.421616,71.921875,55.929688
185.667175,100.657862,71.114583,53.255208
184.265096,98.892774,71.111979,52.458333
183.156321,90.340474,69.906250,57.145833
182.558960,88.179977,69.906250,54.812500
182.986481,84.696915,68.166667,55.250000
182.616684,82.555656,66.984375,55.453125
181.388458,83.095955,66.812500,54.789062
179.144948,85.399836,65.911458,53.307292
177.693436,86.362251,64.570312,53.460938
173.140167,91.154625,64.984375,50.359375
170.730937,91.793022,64.809896,50.497396
171.625463,96.897074,64.213542,46.919271
173.259567,98.688751,64.593750,47.979167
177.579290,100.325595,63.718750,48.039062
183.160690,100.930809,64.593750,48.984375
189.420227,102.067398,64.281250,49.046875
192.782318,100.124718,66.625000,51.390625
192.557251,100.491089,72.906250,53.406250
188.128342,101.919406,82.666667,53.955729
191.539932,104.183578,83.640625,58.109375
193.385880,105.534805,86.523438,50.367188
191.414047,107.050212,91.406250,55.106771
195.591873,108.770147,91.234375,50.414062
197.674520,109.653117,89.541667,49.875000
197.432607,110.718669,91.744792,50.182292
197.779572,109.854050,91.333333,51.106771
197.174174,110.587128,91.333333,51.106771
195.374222,109.968582,92.000000,51.476562
198.597321,109.487869,87.023438,50.765625
192.054164,110.380264,90.359375,51.567708
197.533661,109.494537,81.859375,51.625000
205.651276,107.797582,71.273438,49.856771
202.425674,106.372940,70.260417,50.562500
193.259928,105.013565,76.309896,55.770833
193.348078,106.319300,71.593750,53.945312
189.353577,106.047653,71.242188,56.054688
192.233185,105.895081,65.546875,47.828125
188.339101,106.045102,63.890625,46.520833
184.237106,105.290787,63.164062,46.054688
179.694504,102.796577,63.437500,46.000000
176.568792,101.871798,62.031250,45.078125
172.907430,99.852654,61.729167,45.166667
169.746841,99.300573,60.625000,44.062500
167.185349,98.730263,60.835938,44.125000
165.490163,97.715352,60.583333,43.791667
165.073410,96.104210,59.218750,43.046875
164.001511,94.343285,58.864583,44.661458
162.892141,95.080510,58.401042,43.916667
162.684224,95.754583,58.622396,42.763021
162.349686,95.008392,58.054688,43.398438
162.775955,94.582123,57.531250,43.398438
162.201579,94.621351,57.770833,43.708333
160.940180,95.122327,57.812500,43.609375
161.080795,95.848686,57.531250,42.875000
160.843816,96.248380,58.005208,42.976563
162.263087,97.116966,57.250000,42.666667
161.159943,97.162819,57.718750,42.765625
161.890050,98.189794,58.005208,42.976563
163.145309,98.180725,58.291667,43.187500
163.804703,99.594589,57.770833,42.666667
164.560232,100.053240,57.486979,42.976562
166.729528,101.186071,57.486979,44.013021
168.503057,101.483025,57.286458,43.083333
169.016958,103.187027,58.005208,42.976562
170.793050,105.261289,58.291667,42.145833
171.289332,106.847577,57.486979,42.976563
173.458623,109.372360,57.486979,42.458333
174.726807,111.376221,57.718750,42.250000
177.141724,112.407471,57.718750,42.250000
179.556641,113.954346,57.203125,41.734375
179.933741,116.294988,57.656250,41.322917
182.578206,118.266220,57.145833,41.833333
184.109456,120.146525,56.635417,40.812500
187.139465,121.456426,55.783854,42.716146
188.126709,122.966141,55.500000,40.500000
189.986140,123.757863,54.932292,39.593750
193.423106,126.343262,54.080729,39.471354
191.139786,127.521327,56.885417,46.286458
192.351105,128.266062,57.078125,46.973958
189.576757,129.743464,60.895833,46.833333
188.966995,130.547958,63.531250,49.515625
194.272298,131.726446,58.958333,45.026042
189.815399,130.549906,64.437500,51.221354
192.971191,129.881287,62.015625,47.039062
192.510783,128.868546,63.765625,49.281250
193.221614,128.808762,64.190104,48.804688
197.064107,127.804052,61.958333,45.630208
197.055115,127.878301,63.598958,48.869792
198.833481,127.157313,63.765625,47.135417
201.273799,127.008357,62.322917,48.049479
201.875305,127.037918,62.765625,47.585938
203.218394,126.942983,61.494792,46.239583
206.590429,128.290929,59.559896,44.531250
205.047562,128.290787,61.500000,46.000000
206.546458,128.265935,60.718750,46.427083
207.928192,129.407211,59.398438,46.703125
207.351847,129.413244,59.302083,52.265625
208.981776,132.499257,58.458333,45.119792
209.959122,131.923279,57.976562,49.210938
210.646286,132.522161,57.703125,50.739583
211.326996,131.735168,57.000000,52.000000
212.318710,131.727692,56.572917,43.942708
212.198008,129.852773,56.403646,47.250000
213.215240,130.754135,55.734375,48.953125
213.889242,129.621557,54.854167,50.447917
214.462123,128.095505,55.541667,51.158854
215.870453,126.985016,55.000000,50.000000
216.310801,125.514837,54.567708,47.750000
216.435033,122.838755,55.031250,52.187500
216.612961,123.239049,54.364583,52.406250
216.962285,122.057307,55.216146,45.765625
216.604009,122.015228,54.557292,50.765625
217.682790,121.258626,54.080729,51.645833
217.255422,122.278152,53.875000,52.406250
218.491765,122.395849,53.723958,51.236979
217.342127,123.633265,53.447917,50.479167
218.228760,123.121658,52.828125,51.375000
217.573654,124.288406,51.859375,50.890625
217.551219,124.684087,51.104167,41.950521
217.031082,125.058009,51.416667,51.875000
217.655045,125.593552,51.104167,51.104167
217.654643,125.703018,52.549479,48.695312
218.767532,126.020569,53.421875,48.179688
219.822510,125.683167,53.312500,47.984375
219.104604,125.444061,53.994792,49.177083
218.615117,125.179209,52.895833,48.489583
217.239960,125.501419,52.067708,50.622396
213.885651,125.988251,51.375000,46.046875
212.212723,124.685913,50.320312,44.328125
209.165990,126.008759,49.205729,41.997396
208.113876,125.831757,47.812500,41.250000
205.088994,126.198700,46.822917,38.177083
202.882645,125.556300,46.281250,39.992187
202.246063,126.248886,45.296875,36.859375
200.471329,125.157242,44.468750,37.562500
198.268448,125.923370,45.281250,41.625000
197.551748,125.409434,45.442708,39.572917
197.184082,126.648239,44.062500,38.679688
196.020584,125.741811,45.026042,37.619792
196.716548,125.814651,44.190104,39.346354
195.376648,126.131907,45.156250,39.023437
195.541051,125.661077,45.156250,38.205729
197.066879,126.599523,44.747396,41.067708
196.713226,125.793269,45.166667,39.750000
196.596329,125.799464,45.583333,39.750000
196.938136,127.020864,46.000000,39.333333
197.129715,126.182521,47.250000,40.583333
197.615718,126.559184,47.268229,45.145833
198.852275,125.015951,46.770833,41.049479
198.632741,124.115941,47.125000,40.718750
198.787104,123.913630,47.692708,41.750000
199.438085,125.141764,48.552083,40.770833
199.083801,126.544932,49.848958,40.770833
199.509003,128.179560,51.145833,41.635417
198.811132,131.151143,51.611979,39.729167
199.285141,133.667389,52.492188,38.408854
199.179270,135.184606,52.317708,39.270833
198.955521,136.775909,52.187500,41.687500
198.928777,139.150935,51.908854,37.041667
199.440236,140.865697,50.578125,38.835938
199.901265,141.142624,50.578125,38.835938
199.225667,142.299911,49.848958,45.526042
199.757523,142.689285,50.390625,36.343750
199.733693,142.346975,52.010417,44.661458
200.184494,142.086823,52.656250,45.859375
201.481471,141.072433,53.135417,47.921875
202.475403,141.576090,53.229167,47.479167
202.372375,141.092656,54.187500,46.041667
203.657949,140.932454,54.666667,46.520833
204.841558,141.198212,54.958333,50.140625
204.384633,139.409729,55.281250,40.705729
205.433685,139.771957,55.804688,51.039062
205.888870,140.120346,57.500000,52.000000
205.603826,142.280039,59.041667,48.158854
204.246989,144.986415,60.718750,41.833333
203.587753,150.319763,60.500000,41.500000
203.286474,157.618042,59.604167,38.385417
210.575043,168.433167,48.250000,38.898438
