404.000000,255.000000,122.000000,148.000000
407.156250,255.744792,122.890625,162.119792
406.304688,253.362681,126.065104,171.677083
409.817657,251.876862,127.445312,174.671875
411.920807,244.755615,128.484375,167.351562
415.566091,241.758016,129.406250,169.151042
419.585205,238.294556,128.742188,168.757812
421.997965,234.504679,130.062500,179.229167
420.199565,226.367920,131.473958,182.390625
407.843363,223.831329,136.625000,167.302083
400.403107,218.877808,136.937500,169.750000
394.780558,211.572754,134.033854,176.291667
386.699738,201.300028,136.247396,171.252604
380.216492,191.935628,135.361979,171.718750
367.709656,188.008575,136.718750,173.015625
357.824229,184.036265,135.583333,175.166667
347.847219,182.018138,137.838542,176.026042
340.199554,181.204224,135.531250,180.375000
335.587972,181.938894,133.822917,175.937500
332.145935,184.065297,132.114583,184.880208
329.720123,183.779582,130.791667,176.218750
323.276744,183.718363,129.250000,178.333333
319.816335,184.714244,127.666667,175.166667
318.125163,183.865743,127.351562,177.268229
311.163767,183.253794,127.140625,180.088542
303.653178,183.068166,126.833333,174.020833
297.445557,179.803467,124.750000,174.250000
290.014008,175.300964,123.500000,164.843750
279.560150,169.721293,123.770833,174.062500
272.389648,164.680461,121.833333,170.166667
269.100586,157.888865,120.166667,169.322917
268.221924,145.791229,119.757812,166.674479
267.993500,133.184545,118.661458,157.403646
269.240601,122.838470,118.468750,163.218750
272.884054,109.322469,116.739583,160.494792
280.802002,98.347193,114.695312,159.611979
286.762370,91.675181,114.817708,156.458333
292.685913,82.006231,113.322917,157.156250
298.827057,70.133148,113.109375,156.859375
306.268555,62.624985,112.895833,156.562500
310.062683,60.635117,113.179688,156.429688
308.298859,60.542175,114.531250,159.132812
308.151693,62.488098,111.531250,159.291667
305.663055,64.894135,112.255208,154.315104
301.822825,69.155950,111.450521,158.026042
299.031169,74.751699,111.401042,155.830729
296.463674,79.246206,111.450521,154.033854
291.294484,84.767456,110.802083,151.812500
284.589142,88.418793,111.898438,152.343750
279.709554,92.030772,111.031250,152.947917
272.595184,97.379064,110.812500,152.645833
264.190430,100.692037,109.072917,146.833333
258.481313,103.835729,109.062500,152.802083
254.601644,107.262822,109.721354,154.257813
253.877899,109.582977,109.265625,152.835938
254.900543,112.329458,108.411458,154.257813
253.470703,113.633759,109.289062,152.343750
251.365611,113.110357,110.812500,156.567708
250.175893,112.660548,109.421875,160.286458
250.377391,112.451060,109.333333,160.791667
250.011058,111.369059,108.916667,148.036458
247.931946,114.138718,110.570312,149.242188
248.410746,114.118220,108.856771,156.937500
246.228455,114.381419,110.760417,160.286458
247.273804,110.908066,110.476562,163.187500
250.548075,106.873072,110.036458,154.203125
252.129883,104.464783,110.760417,152.255208
253.179148,103.242905,110.802083,159.750000
252.358856,99.576965,111.109375,155.968750
252.208710,96.350047,110.973958,152.549479
251.915039,94.356593,111.018229,164.039062
252.557241,92.556249,112.164062,154.708333
253.885824,92.962682,111.401042,155.830729
252.657745,91.418482,111.401042,157.177083
253.634816,91.513397,111.614583,158.828125
255.431712,90.552038,110.898438,158.385417
256.924306,90.425207,109.333333,159.437500
256.872701,90.116542,111.320312,156.265625
253.957113,89.222509,114.968750,165.169271
259.583313,89.564326,112.109375,160.541667
261.882996,91.100622,111.208333,152.536458
260.698456,89.133799,113.395833,160.791667
266.067902,88.234121,111.888021,159.611979
271.569153,88.854024,111.416667,152.822917
275.262177,89.766449,115.218750,155.531250
284.981049,88.743011,110.242188,151.726562
286.772563,89.606756,115.440104,150.445312
295.075317,89.137863,112.375000,149.500000
297.938944,88.396505,114.111979,172.664063
304.589966,86.492996,112.875000,152.031250
309.270640,83.184697,111.614583,153.432292
311.380829,82.032043,112.531250,162.250000
314.203267,77.961487,112.458333,166.794271
315.469604,73.581680,112.505208,154.848958
314.219238,72.269547,114.692708,158.526042
312.820465,70.423767,116.500000,166.000000
316.212657,68.915019,114.973958,153.927083
318.548808,69.646500,114.692708,151.677083
321.561259,70.007579,114.750000,167.562500
322.364471,73.835922,114.750000,148.875000
323.463318,76.668015,115.882812,157.781250
318.994965,80.569153,118.539062,154.492188
314.514303,86.516652,120.309896,153.997396
313.886841,93.052917,119.781250,167.859375
308.055898,100.083399,121.393229,169.260417
300.225708,107.374527,122.078125,156.039062
292.897176,120.823369,123.057292,161.377604
284.341766,133.176971,125.179688,160.242188
284.887767,143.415649,118.914063,156.763021
277.630829,152.715032,120.309896,162.419271
271.801971,161.499227,119.343750,167.244792
267.654897,170.897532,120.528646,159.411458
261.665019,178.209071,121.638021,165.635417
253.106527,186.903737,121.177083,167.510417
243.442688,195.988413,122.625000,167.510417
236.316833,203.669088,121.223958,171.072917
227.084971,210.952342,123.770833,163.708333
218.731903,216.253326,126.416667,174.541667
215.899445,222.843455,124.213542,176.804687
211.877787,227.567281,124.854167,170.166667
209.015930,231.768616,125.687500,167.250000
205.166494,232.951213,125.906250,169.028646
205.304667,233.760132,126.125000,176.770833
210.181366,233.995667,125.921875,180.765625
214.771759,232.954559,128.742188,181.070312
218.899994,233.344360,128.742188,187.226562
221.708333,235.880931,127.773438,180.986979
227.477549,236.920888,129.606771,183.838542
235.612722,237.055664,130.471354,183.507812
244.583506,240.115224,129.552083,184.421875
252.376465,244.708557,131.687500,193.843750
263.286153,246.445414,131.432292,192.520833
269.048513,250.023204,133.679688,191.010417
278.432607,252.607218,133.468750,189.072917
287.901174,253.939280,132.203125,192.135417
294.922699,249.892822,136.598958,197.783854
301.981852,243.560201,136.632812,201.937500
307.306061,237.041840,136.625000,201.046875
313.280334,231.449087,138.109375,200.739583
313.852203,225.469940,138.109375,192.276042
310.898204,217.385763,137.666667,207.666667
307.810109,211.610158,138.916667,202.703125
305.204610,207.185730,136.416667,202.432292
292.878337,204.168783,137.041667,196.559896
280.927521,201.596385,135.752604,207.393229
269.425934,199.063843,138.221354,202.489583
259.110962,195.443359,137.875000,197.757812
247.425771,192.116903,135.752604,197.158854
231.487223,189.088155,134.046875,207.393229
215.721812,185.570445,134.747396,197.278646
203.855743,183.603943,137.054688,207.601562
192.394104,179.209808,135.148438,190.898438
175.885269,174.835815,134.125000,207.343750
160.043325,169.961039,136.687500,204.531250
153.033269,165.260646,135.468750,200.979167
152.597865,158.222656,135.752604,200.570312
154.286072,150.021657,135.135417,203.052083
156.033946,143.556315,135.135417,204.750000
157.539210,143.504283,133.437500,203.052083
160.127889,141.980601,131.940104,198.260417
163.530512,140.239705,132.218750,196.145833
169.440297,137.009557,129.781250,195.822917
174.126602,136.102605,129.375000,193.562500
178.177394,132.104863,129.375000,191.916667
182.620031,129.392532,126.937500,193.135417
184.725952,128.441015,126.937500,193.135417
185.682098,127.428294,126.125000,191.895833
186.575684,126.741531,126.906250,189.062500
188.576497,126.371318,124.848958,193.828125
191.027517,127.118306,123.919271,189.369792
193.313843,128.487000,122.515625,184.062500
198.045410,130.395101,121.859375,183.838542
207.519318,137.806992,120.437500,181.687500
212.874908,142.508092,119.708333,182.916667
217.852539,147.310577,118.906250,181.687500
225.701691,150.479401,116.500000,178.000000
232.206004,153.644694,115.968750,176.401042
236.616730,153.340469,116.171875,173.757812
239.095744,153.295186,116.002604,182.966146
241.985240,150.804560,114.604167,171.406250
242.748657,147.161947,114.750000,171.625000
240.928833,140.812454,114.562500,173.500000
240.526255,135.512777,111.635417,169.864583
238.172272,128.518524,112.515625,166.843750
236.890533,119.155233,111.500000,163.916667
238.980499,108.064240,110.687500,165.531250
239.332062,97.001389,110.687500,168.343750
240.671041,86.017619,109.682292,164.729167
238.532715,75.504725,109.671875,162.614583
238.447367,63.851415,108.656250,165.244792
238.905243,53.497732,109.062500,164.479167
240.763000,46.476929,108.250000,163.250000
248.986633,40.170372,106.273438,159.593750
261.596202,37.044632,106.828125,150.244792
276.517588,37.679433,104.958333,141.343750
288.828369,43.780922,106.585938,153.789062
303.059204,50.439697,105.375000,122.335938
316.702311,58.136106,105.125000,152.229167
329.415741,64.822853,104.125000,124.750000
341.357391,71.394801,103.812500,156.442708
352.366638,77.865234,103.708333,156.346354
362.083059,83.581146,103.578125,150.921875
369.119812,88.843984,104.333333,150.833333
376.425710,94.853678,102.630208,152.802083
381.609833,101.342850,102.156250,148.843750
383.624115,108.798676,103.291667,151.880208
383.760742,116.645905,102.835938,146.664062
383.784943,124.452652,100.367188,148.164062
377.862691,133.474889,100.572917,145.947917
368.701345,140.308385,99.955729,142.544271
357.838257,145.735291,100.351562,115.070312
349.053680,150.121007,100.166667,150.333333
339.628540,151.759964,98.916667,146.651042
329.251668,154.458293,100.166667,147.270833
324.343231,154.938797,97.250000,109.750000
315.439941,157.036163,98.375000,104.312500
307.201772,160.566513,98.197917,145.666667
296.665314,163.721903,96.976562,108.825521
284.756897,168.297531,96.625000,143.875000
274.197774,168.290380,96.765625,147.604167
263.993418,169.420553,97.687500,147.270833
254.285299,167.752691,95.846354,147.580729
243.214101,170.164932,98.309896,125.408854
233.700653,173.476471,98.265625,120.531250
223.014740,177.499405,96.630208,117.757812
209.903625,184.097046,98.398438,143.351562
198.158798,191.242401,98.875000,160.750000
190.252289,196.244598,98.914062,147.281250
182.002579,203.028229,98.515625,145.421875
172.942744,210.205994,98.309896,137.726562
161.758586,217.403117,99.869792,152.921875
150.471822,223.198741,100.572917,150.989583
140.265381,227.140564,102.875000,153.812500
134.597122,229.379903,101.750000,156.000000
129.894577,229.062500,102.156250,160.515625
125.996638,228.847585,101.541667,161.072917
120.224548,228.990255,102.864583,171.656250
118.525721,226.793345,103.148437,163.075521
117.781693,224.666962,103.867188,162.648438
118.283386,220.623383,103.867188,162.648438
121.820048,217.340607,103.666667,171.666667
124.702459,215.686473,103.929688,165.687500
126.626938,215.803986,105.070312,183.460938
130.964650,215.398102,104.606771,178.408854
136.551956,215.669800,105.062500,178.187500
144.610901,215.598663,105.062500,179.593750
149.034938,215.190318,106.859375,174.609375
153.581004,214.002065,106.859375,174.609375
157.774170,214.678284,107.875000,185.218750
161.164291,215.429626,108.916667,187.666667
164.021149,217.828247,109.359375,202.875000
162.377228,220.873779,113.351562,199.539062
161.858368,220.594330,114.890625,214.929688
161.824524,221.911316,115.450521,200.885417
157.834457,222.185191,120.145833,201.666667
158.026810,220.366608,120.140625,193.213542
159.433945,221.002747,121.914062,191.007812
158.959686,217.501373,122.716146,204.914062
157.402456,218.932810,125.489583,210.666667
156.904134,217.787252,126.585937,211.984375
156.405975,216.043752,127.757812,217.333333
158.266541,216.021617,128.958333,201.583333
159.852117,212.721293,130.135417,215.666667
160.199814,211.895813,133.010417,188.593750
161.313232,208.557281,134.523438,205.406250
163.200302,202.744486,136.369792,211.765625
163.862366,198.321808,138.109375,222.484375
163.817983,194.748128,140.161458,216.067708
164.741699,188.986877,141.156250,229.203125
167.526733,185.141724,142.312500,220.406250
171.963272,179.242798,139.937500,231.343750
173.458130,172.426331,145.375000,231.625000
174.768250,166.487783,145.479167,231.026042
175.706421,162.904816,147.179688,242.101562
183.569733,154.752655,146.109375,228.468750
189.618561,147.811829,149.281250,229.125000
194.656342,142.777908,148.382812,230.687500
196.520243,139.683309,150.703125,225.554688
200.519135,139.356613,153.500000,233.562500
208.830963,137.520065,151.515625,203.617188
205.699982,136.549881,156.833333,228.333333
215.590047,136.951391,149.484375,227.533854
220.038300,136.722651,148.671875,237.653646
221.864899,137.635864,147.656250,228.703125
220.670858,138.855357,146.979167,236.083333
221.560333,138.487061,146.468750,224.945312
222.778605,138.604675,146.437500,234.072917
225.265147,138.551229,145.479167,221.520833
225.884766,140.144236,142.768229,229.302083
227.816050,139.612625,142.114583,220.098958
229.634949,140.419398,141.364583,225.218750
230.700653,141.210999,142.367188,210.296875
231.399913,142.059255,139.734375,217.994792
228.464956,142.415619,141.359375,218.736979
221.968384,144.477402,140.562500,196.750000
214.963033,144.353205,143.872396,224.776042
213.513458,142.503255,143.776042,219.682292
218.719503,141.991816,139.739583,212.760417
212.361613,145.069829,145.492188,222.197917
205.015747,150.252975,150.976562,206.523438
209.077484,153.753540,146.546875,225.609375
212.863576,158.026408,144.572917,209.833333
212.723806,160.797251,146.208333,229.703125
215.029063,160.875346,147.580729,233.244792
219.988363,163.795929,148.182292,234.197917
220.015411,168.484701,151.388021,235.148438
222.100800,170.422434,153.239583,234.177083
223.829285,171.642446,155.791667,235.122396
223.572286,169.344747,160.729167,230.854167
223.679932,167.400085,163.325521,223.953125
224.400747,164.013753,166.572917,244.489583
226.495087,159.974213,167.776042,234.893229
225.885193,164.897156,172.992188,229.648438
225.487651,162.583984,173.375000,245.197917
223.466532,157.415090,176.958333,252.062500
228.040314,149.943573,179.734375,247.304688
236.483480,148.755259,181.049479,259.143229
243.866526,147.584696,184.645833,265.270833
246.514292,148.145243,187.208333,264.416667
250.587311,149.301219,189.130208,267.135417
259.541016,150.382538,190.843750,263.500000
270.275208,151.625122,190.210938,274.304688
272.052551,158.255778,196.177083,281.864583
272.135091,166.067342,196.960937,291.312500
272.492971,171.057668,198.083333,279.380208
275.888051,175.792084,198.648438,301.132812
266.684052,173.689443,210.057292,301.838542
245.415019,177.413523,229.020833,298.981771
266.260864,179.859589,201.687500,291.468750
242.210602,182.576782,222.375000,292.812500
246.223267,181.442993,216.281250,296.687500
236.016693,183.485423,223.614583,296.093750
236.152181,183.237905,220.406250,296.153646
238.888367,182.393829,219.531250,294.976562
256.039897,181.137644,201.119792,292.083333
255.669545,175.733958,202.458333,290.596354
259.551890,169.859263,200.145833,270.729167
269.543152,166.559143,191.710938,307.585938
269.051514,162.034770,190.648438,312.023438
265.119324,155.921204,193.968750,270.140625
265.590454,154.505493,196.539062,297.929688
262.319885,150.312561,197.882812,300.062500
264.441833,145.459229,192.898438,315.015625
259.539825,141.461548,193.968750,298.070312
258.649200,137.852814,188.031250,296.312500
257.014394,130.782003,183.031250,289.822917
255.582428,126.247386,179.906250,294.406250
253.894928,120.057678,180.882812,279.218750
260.531952,115.947586,175.609375,278.046875
264.961639,113.901662,171.354167,277.250000
269.099009,114.926392,169.041667,278.041667
270.107269,116.600204,169.750000,275.500000
271.184082,118.464111,172.000000,275.500000
278.112020,124.677083,165.059896,266.192708
279.986013,131.234655,162.682292,269.742188
280.764659,138.215139,162.489583,267.239583
277.487091,146.046936,163.890625,263.796875
276.450887,154.754537,162.914062,251.427083
271.461873,161.442668,164.966146,245.911458
239.898346,164.962830,187.343750,241.781250
245.459819,168.769175,165.937500,256.864583
225.204865,171.420013,166.750000,209.250000
208.791260,174.227692,160.440104,237.132812
192.461528,174.143077,158.794271,242.684896
180.566508,172.119588,160.250000,258.250000
170.928965,173.471395,159.398438,256.549479
158.747996,167.730530,159.007812,243.278646
152.084920,168.498545,156.364583,232.002604
147.664917,164.937347,153.796875,256.984375
127.938695,164.289429,170.979167,249.750000
124.500168,159.067474,168.843750,244.578125
126.282588,158.922892,159.640625,243.028646
130.134933,157.046539,155.000000,241.000000
138.050781,156.266663,144.718750,235.281250
132.217214,150.845957,139.562500,239.635417
123.488714,134.076640,141.869792,252.281250
117.112005,136.805033,146.507812,243.513021
110.503352,139.266413,144.945313,231.312500
102.484619,137.366074,145.625000,238.333333
102.052663,135.719360,144.372396,222.575521
97.055954,118.638123,150.479167,241.625000
117.755569,129.652985,119.671875,207.718750
95.027303,129.151993,142.781250,215.489583
124.749176,125.586853,113.226562,216.820312
131.506943,131.839767,109.281250,189.671875
137.467819,128.553335,108.453125,194.104167
147.690404,130.852697,107.315104,188.174479
151.534958,132.024155,116.414062,182.156250
170.553838,137.644465,106.575521,183.898438
180.541519,141.452057,105.625000,178.281250
193.455053,145.673848,107.445312,178.408854
208.118378,151.423492,101.953125,175.890625
198.573975,153.433212,121.304688,176.617188
217.402425,154.664861,109.789062,179.414062
216.904531,154.374741,119.942708,189.567708
231.869904,154.504456,110.687500,185.335938
227.114197,151.956772,121.445312,177.950521
237.464091,153.057912,115.453125,185.651042
243.695546,152.224513,123.343750,182.250000
252.929820,154.183619,119.106771,177.393229
262.753204,154.736130,117.648438,175.234375
273.977702,156.690908,117.442708,173.453125
298.436035,159.526627,107.078125,171.015625
312.634969,158.435481,105.447917,171.786458
313.003693,159.319122,116.421875,172.046875
344.074809,157.871587,101.989583,171.239583
346.554993,154.840149,107.843750,173.593750
357.747894,154.211594,109.281250,166.937500
369.720835,149.664235,103.929688,169.804688
380.294057,148.170741,103.520833,168.635417
390.246033,151.398575,104.125000,163.250000
402.116760,145.523575,101.593750,168.203125
407.681834,146.539363,99.062500,171.247396
409.819377,141.183462,102.757812,174.666667
412.007874,140.509750,102.750000,175.625000
410.682353,139.556625,108.880208,174.729167
411.124318,133.958150,104.986979,179.059896
412.906860,136.320908,103.937500,178.281250
410.525462,133.154648,110.283854,175.570312
404.479085,133.260061,106.604167,176.531250
401.880483,138.172750,106.604167,175.104167
398.000264,144.784108,104.416667,171.000000
391.710968,142.966283,118.031250,172.367188
381.778493,147.367198,119.942708,177.963542
373.655111,147.675700,128.416667,177.645833
369.353343,151.708583,122.078125,175.890625
363.210276,154.397329,116.375000,168.145833
356.538381,149.299835,118.020833,180.812500
352.205139,153.346018,113.304688,174.697917
344.244904,156.613312,114.953125,176.312500
336.627380,157.380646,116.171875,175.234375
333.290782,155.511912,114.973958,181.338542
328.652629,157.906830,113.890625,180.119792
325.109497,161.874222,114.406250,166.632812
319.590139,161.512329,113.533854,173.361979
311.050578,162.821960,116.002604,174.231771
290.106242,159.514348,131.395833,168.440104
294.368693,155.828654,122.062500,181.041667
283.880330,151.502940,126.085938,175.502604
276.148865,147.935104,129.390625,172.703125
273.451202,140.583547,129.174479,173.958333
270.831329,141.788010,128.093750,184.750000
262.786469,135.213064,132.541667,180.666667
262.384257,128.323390,129.333333,188.687500
257.321737,122.561117,132.414062,184.330729
254.770091,118.197840,132.835938,186.546875
252.306763,114.556381,133.257812,196.937500
249.711395,97.428813,135.791667,193.078125
247.990234,112.039047,137.820312,188.921875
248.972168,110.927139,137.054688,195.843750
249.527517,109.525925,140.869792,185.218750
252.608724,107.655797,138.901042,200.375000
258.572062,110.225093,137.809896,182.835937
260.680003,111.089722,139.906250,192.822917
263.061015,111.364726,141.927083,187.770833
266.217183,114.903086,139.906250,209.359375
267.896474,114.979457,138.221354,185.119792
266.609263,113.184499,142.666667,211.000000
272.087402,112.177246,141.000000,183.000000
276.748840,112.191788,140.781250,189.039062
278.377716,112.500692,143.187500,192.276042
279.845734,113.765554,143.223958,192.916667
275.347534,115.567535,146.429688,192.625000
272.598816,114.517685,144.953125,196.984375
273.112996,113.928772,144.286458,198.455729
267.398946,116.630066,150.192708,199.338542
263.159851,119.570816,147.489583,206.442708
258.796885,118.065094,146.757812,200.742188
251.962026,120.434326,148.411458,199.916667
248.202372,121.721802,145.070312,189.536458
240.885498,121.234421,148.140625,201.179688
235.546844,123.205109,149.492188,201.375000
232.540049,117.749359,148.770833,208.239583
227.565531,117.788417,150.479167,194.229167
224.078064,119.812485,149.968750,210.265625
221.764191,120.168060,148.500000,214.875000
220.721619,119.480850,150.343750,211.187500
219.556335,120.359497,150.132812,210.890625
214.674947,122.437159,156.833333,221.000000
220.184438,108.149790,153.916667,241.843750
225.527181,128.156423,152.604167,208.458333
228.357625,127.918238,154.351563,211.148438
232.308624,127.608215,158.500000,207.250000
235.684204,108.420166,160.010417,228.421875
242.670095,130.225820,156.416667,218.583333
244.678945,124.346273,160.250000,219.020833
247.682943,122.864563,160.299479,215.958333
246.685547,121.626572,168.882812,217.125000
248.266724,109.689774,169.109375,221.281250
247.119863,117.924693,170.114583,213.885417
244.814850,115.697393,174.596354,217.507812
241.939667,110.695618,176.914062,220.398438
240.342784,118.143066,178.145833,226.458333
235.519389,116.556768,180.895833,223.825521
229.603170,112.332408,183.473958,223.578125
221.476837,118.117676,182.958333,216.041667
210.939728,123.751638,185.479167,213.552083
201.555969,133.215444,185.479167,207.536458
195.698293,137.087123,184.760417,206.731771
188.745392,139.871399,185.557292,214.697917
187.890320,145.153763,185.546875,209.359375
179.629120,148.210175,186.062500,205.750000
176.525350,152.435669,186.794271,214.174479
170.321462,154.298523,189.763021,215.593750
171.986328,155.651662,187.250000,214.411458
172.569692,156.731160,185.304688,209.085938
170.750722,160.655863,186.299479,201.903646
174.035807,161.987000,181.411458,204.442708
174.198761,158.888316,179.729167,212.755208
171.961182,162.174652,181.914062,176.078125
170.640427,160.318064,181.106771,210.815104
167.329641,160.448507,181.671875,210.812500
165.699076,163.347127,182.156250,207.479167
164.741419,161.369609,180.945312,177.075521
159.122630,161.339244,184.562500,206.812500
159.688477,162.657898,179.968750,203.312500
156.738785,163.871012,183.330729,206.361979
153.794144,163.416656,183.369792,208.591146
152.311971,162.752319,184.815104,209.968750
151.502884,167.660726,182.880208,204.164062
150.477325,167.273193,184.567708,182.635417
151.416306,170.296427,182.250000,170.921875
154.148682,169.877350,183.031250,208.515625
153.205953,168.384196,184.250000,209.065104
156.799856,170.093953,184.104167,207.479167
156.849492,171.500346,182.635417,180.703125
160.135127,171.122579,184.239583,206.677083
161.355220,173.994263,186.000000,182.145833
162.027313,171.597229,185.515625,206.226562
164.216446,171.714142,184.593750,184.593750
165.366557,171.284739,185.770833,212.166667
167.092763,174.206573,184.348958,196.052083
167.449738,171.676849,184.750000,201.976562
168.745773,168.701965,183.367188,177.484375
167.288630,171.763753,183.473958,189.059896
165.419027,174.712474,184.250000,201.429688
165.043549,174.150879,182.640625,206.078125
163.299917,168.666626,184.335938,180.393229
161.283508,170.725484,184.494792,216.325521
158.792781,170.342560,183.851562,185.817708
156.167959,171.417664,186.158854,172.796875
155.446655,170.439982,183.273438,205.367188
153.899302,170.584005,184.567708,182.635417
152.166748,166.645243,184.643229,196.002604
151.004578,167.083445,184.838542,173.104167
150.227463,167.762512,185.078125,198.093750
151.529394,167.331777,184.348958,207.755208
152.707225,162.169383,184.520833,174.546875
152.650080,162.343852,184.895833,198.166667
155.377777,165.526143,180.945312,171.270833
154.453344,167.476196,183.015625,197.723958
154.141922,163.184143,182.390625,168.882812
155.297190,162.937887,182.500000,167.833333
153.862091,163.363617,182.484375,200.453125
155.765727,160.720571,178.473958,169.033854
156.519750,158.315664,179.406250,201.031250
154.005015,156.774465,180.856771,199.789063
150.377075,157.019908,157.515625,151.718750
157.105804,153.262863,177.250000,202.953125
156.575623,155.971395,174.437500,160.947917
156.963292,156.290456,176.750000,163.934896
156.063944,157.442291,177.302083,201.984375
158.023600,153.260783,147.067708,156.312500
158.783173,159.269882,175.023438,196.117188
162.498525,161.210256,170.864583,165.325521
162.401393,162.286112,172.755208,179.765625
167.800054,166.474141,170.151042,200.742187
170.037354,164.229706,169.984375,203.781250
172.870392,168.561462,170.453125,166.687500
176.597687,171.122142,167.140625,163.567708
177.559021,169.214060,169.947917,166.500000
178.583130,171.272268,166.755208,184.203125
179.559265,168.979248,167.031250,163.421875
179.204559,169.526001,167.718750,164.281250
179.724803,171.632914,166.500000,163.052083
177.173645,172.067963,166.000000,160.843750
176.350372,173.926483,167.906250,162.796875
176.151398,175.551168,165.500000,167.213542
176.464417,178.891490,163.786458,162.054687
173.595652,181.518290,164.000000,160.604167
171.620331,183.645559,165.192708,170.270833
170.682963,184.657776,166.260417,162.781250
168.783875,185.014832,166.203125,164.500000
166.911479,184.114644,166.500000,166.500000
163.615667,184.903585,168.729167,173.916667
165.199692,185.828735,165.929688,160.609375
162.613241,182.441182,167.395833,169.093750
162.109044,183.753937,165.744792,162.239583
159.170649,182.479574,170.125000,163.291667
155.619568,177.892466,172.445312,170.713542
158.444580,182.458771,166.656250,164.875000
155.999008,181.491862,168.729167,167.000000
152.676590,182.444550,169.992188,166.507812
152.817123,182.769287,168.250000,166.507812
146.414505,182.900696,171.734375,173.476562
143.607213,183.433624,173.750000,166.552083
140.753723,183.518311,174.796875,165.929688
141.321960,184.362335,173.023438,174.796875
138.521179,183.692749,173.187500,164.125000
137.930084,185.049622,171.507812,166.234375
133.402740,175.019633,173.520833,175.281250
132.818899,187.154744,171.950521,164.752604
130.533742,188.943095,173.010417,157.213542
131.243271,188.629181,174.593750,166.000000
139.594940,191.977448,164.156250,153.515625
148.525813,193.887024,164.434896,152.640625
158.937902,197.106150,151.302083,152.901042
166.560593,198.113820,152.250000,153.825521
172.449743,204.265411,158.291667,152.000000
180.787282,207.699483,162.231771,147.864583
189.832367,211.139099,161.968750,150.921875
196.383881,208.061157,154.890625,151.750000
197.812531,206.321747,153.250000,159.593750
194.258626,194.659576,164.619792,169.385417
190.381866,196.558400,179.333333,179.333333
182.804169,179.069946,176.000000,200.500000
171.639526,196.953339,170.145833,162.791667
161.171234,186.246643,182.729167,161.760417
154.944087,191.989746,202.981771,167.927083
154.905584,195.870656,171.002604,153.476563
154.576497,194.125224,182.968750,171.174479
156.679245,193.456960,197.273438,163.677083
167.096024,191.850616,180.601562,162.085938
179.020721,197.000793,173.265625,157.445312
188.033732,200.012878,186.289062,154.572917
197.655924,206.616282,174.604167,156.242187
205.857178,216.684052,173.250000,158.343750
212.332153,228.204865,186.867188,201.937500
215.895253,233.100372,189.364583,206.968750
210.910014,235.901845,198.559896,235.486979
212.814545,240.350423,196.950521,187.250000
215.923126,242.052755,197.968750,195.979167
209.499227,242.962880,200.317708,232.859375
194.697500,228.567413,184.645833,171.833333
188.508443,204.120565,197.778646,222.122396
182.186279,193.230377,203.369792,231.062500
174.312571,180.010101,204.565104,224.697917
153.891327,167.359467,211.750000,229.312500
142.674861,156.923859,212.250000,249.658854
138.234406,151.467072,211.781250,247.281250
133.546967,148.350586,212.523438,237.015625
125.791321,144.623169,213.187500,248.187500
128.595103,142.091949,209.197917,249.932292
129.604034,140.607391,207.882812,257.898438
131.085424,137.987996,206.104167,252.718750
134.884644,151.733724,204.000000,257.666667
144.373398,155.261353,201.890625,260.289062
156.974848,166.181427,197.000000,241.333333
165.627431,168.689616,194.937500,246.208333
177.678650,167.056722,187.533854,248.213542
187.707306,165.347656,185.804688,241.468750
194.140869,165.566742,194.187500,238.093750
201.879944,159.127625,184.859375,243.156250
211.655111,153.899974,184.291667,239.500000
217.199656,146.682678,178.398437,244.101562
227.749827,140.487737,177.132812,244.541667
239.051402,138.224421,171.755208,240.921875
250.787160,138.932358,174.182292,252.325521
261.343018,146.951752,168.234375,250.765625
262.274902,151.160492,176.531250,253.593750
269.249807,156.834483,173.046875,256.864583
267.752960,164.910919,172.234375,260.046875
259.215129,173.119253,170.841146,263.481771
250.450256,179.029144,169.031250,266.312500
235.557129,187.645752,171.242188,261.890625
226.395223,183.400075,170.239583,262.552083
225.093140,173.599518,170.640625,265.375000
219.024709,171.252187,170.841146,267.893229
211.605316,172.770660,172.445312,265.960938
213.423757,172.316386,172.244792,270.098958
221.787018,184.442057,170.614583,275.507812
230.526713,199.003215,173.247396,276.148438
234.981995,210.103973,170.921875,268.343750
236.803538,215.102051,169.822917,265.341146
234.623128,216.122823,170.239583,262.552083
231.905243,217.838949,171.421875,261.002604
232.763855,217.525787,172.234375,260.046875
239.383698,216.750000,170.640625,260.968750
242.456736,218.258901,172.031250,259.739583
243.873545,218.617442,171.828125,261.622396
242.579224,208.330902,172.234375,268.828125
239.351695,199.693888,173.656250,277.692708
236.172801,185.172546,170.005208,279.630208
236.735158,178.680196,172.989583,279.351563
238.435506,173.149506,172.197917,278.070312
239.685211,165.254272,172.593750,276.453125
235.115234,154.099426,171.010417,278.385417
229.650584,145.133280,172.197917,278.070312
233.688904,135.989253,169.945312,264.554687
242.167450,121.601593,166.656250,273.460938
245.689463,116.469671,167.601562,272.005208
246.889689,119.548808,167.015625,268.838542
247.856903,121.394114,165.257812,270.382812
254.211416,136.455282,161.447917,262.552083
250.619822,143.445577,161.937500,254.208333
254.837016,140.270915,159.593750,263.208333
261.631246,144.880341,158.442708,256.312500
271.555023,151.225525,157.445312,247.140625
278.419617,146.627869,157.354167,258.161458
285.457987,149.800069,154.973958,248.606771
290.934123,151.209371,153.539063,251.164063
285.849091,148.500549,154.515625,246.625000
276.934886,151.190582,155.572917,240.994792
274.005219,146.570821,156.403646,255.296875
272.773804,140.293365,156.273438,259.789062
270.170837,142.780457,158.541667,249.750000
266.956543,135.398499,157.750000,256.750000
