293.000000,134.000000,44.000000,171.000000
292.505208,137.364583,56.122396,167.270833
293.571889,136.288381,55.179688,168.291667
295.511464,133.520432,54.859375,169.559896
296.158813,136.341695,54.138021,167.432292
296.848969,137.386546,54.437500,166.260417
296.692983,136.471670,54.296875,167.799479
298.544942,136.809601,53.875000,167.458333
299.801626,135.557582,50.479167,168.239583
299.858795,138.156662,52.890625,166.281250
297.358673,138.547287,52.895833,164.520833
296.829844,139.702601,51.239583,164.278646
292.923035,141.143326,48.656250,162.078125
291.271698,141.969279,49.997396,160.010417
288.847219,138.159861,48.281250,163.239583
287.347188,139.252797,47.223958,163.708333
284.704224,139.678589,49.445312,160.960938
282.629873,139.322276,50.135417,162.312500
281.222656,141.255371,48.812500,158.500000
277.338277,139.886032,51.458333,160.484375
276.636017,138.767400,50.218750,161.416667
273.489624,141.893250,53.109375,159.125000
272.098185,142.205683,53.843750,158.604167
270.079325,143.267990,55.476562,156.783854
268.473572,145.668976,56.734375,153.789062
268.458923,145.917923,53.851562,155.710938
266.795247,147.182800,56.130208,154.984375
266.186452,147.057404,52.750000,156.250000
267.752024,147.574010,51.484375,157.127604
267.559804,150.383504,50.135417,155.822917
266.274506,150.262726,48.125000,156.875000
266.214549,152.790227,47.583333,155.083333
266.476471,153.991257,46.500000,154.125000
264.715525,153.226878,59.450521,155.414062
262.032288,155.386709,46.833333,153.166667
260.980621,154.738922,48.250000,155.875000
257.548604,154.905818,49.411458,155.036458
254.821910,153.797490,50.291667,155.036458
252.581095,157.915222,51.023438,151.070312
248.190826,153.389267,52.625000,155.000000
247.264465,153.416519,52.210938,156.429688
244.676707,154.096207,54.281250,156.403646
243.392161,156.319921,54.593750,155.528646
243.552327,156.290599,53.854167,154.187500
243.861196,155.219264,54.593750,155.528646
250.580566,155.079773,48.479167,155.083333
252.174835,156.419479,47.718750,153.734375
246.011709,154.364120,55.169271,155.515625
243.871490,152.123276,59.000000,157.781250
242.843628,152.671056,59.286458,156.117187
244.412944,152.788244,58.833333,154.619792
225.619812,150.992249,75.039062,157.304688
195.943644,146.832733,102.583333,160.083333
200.568217,148.351964,97.500000,158.817708
204.072693,145.270187,91.927083,160.651042
201.393738,143.388306,95.296875,160.750000
206.598145,148.884201,89.468750,156.984375
218.392792,139.749400,76.632812,164.270833
225.584676,139.800573,71.372396,163.664062
229.818166,140.713114,70.427083,163.369792
234.031392,140.892003,69.619792,160.375000
234.494446,141.656570,83.031250,159.593750
234.158142,139.622406,77.945312,159.484375
234.698924,137.701909,80.653646,160.307292
234.275411,137.851069,81.062500,160.013021
234.231934,135.482122,89.463542,158.890625
235.107066,134.833903,93.783854,158.380208
234.828613,135.554596,98.515625,157.765625
235.106588,135.831945,103.708333,156.346354
236.903320,135.405396,106.890625,155.260417
237.019379,135.518845,111.187500,155.531250
238.123667,136.122996,115.625000,155.197917
294.710246,133.305044,70.661458,155.648438
301.332163,136.477468,69.791667,154.458333
303.804047,136.536224,73.953125,153.195312
310.963135,134.686508,72.718750,143.242188
315.402649,134.676305,73.666667,146.333333
319.090149,133.368332,74.312500,145.468750
324.106140,134.144073,71.125000,144.343750
329.404327,133.387232,71.796875,143.619792
333.550924,132.156230,71.796875,145.671875
337.334432,132.903915,75.143229,144.065104
341.787089,132.608098,76.252604,146.205729
345.374990,131.709127,77.361979,146.195312
351.426239,132.589767,75.929688,145.429688
356.031830,132.917053,77.177083,145.843750
361.297607,131.125244,76.651042,146.898438
365.252289,131.187027,75.929688,146.515625
369.693848,130.644063,76.286458,146.195312
375.840383,130.835342,76.286458,146.195312
380.073792,129.314697,76.468750,145.468750
385.359497,127.305776,77.361979,147.270833
389.788086,127.994237,76.109375,146.864583
395.522888,125.854965,75.750000,147.250000
399.630707,126.892263,76.289062,146.122396
403.715973,127.696060,77.015625,146.515625
408.973267,125.820786,75.197917,147.213542
413.661764,127.676915,76.833333,146.166667
417.072205,126.469538,76.109375,146.864583
421.792796,126.583893,77.197917,145.776042
426.233032,127.042221,74.106771,146.122396
431.153880,127.027273,77.731771,146.898438
434.783081,127.529709,76.828125,147.161458
438.573975,128.725159,77.562500,145.375000
443.151642,128.228190,77.380208,146.122396
447.676931,121.502625,74.979167,153.375000
451.316193,129.200851,76.468750,146.468750
454.133636,128.535609,75.210938,148.346354
454.718191,129.840922,72.500000,148.333333
456.627045,130.018000,76.651042,149.059896
456.488373,124.542852,76.109375,155.572917
457.324280,130.276093,75.328125,150.765625
460.307159,134.545502,75.375000,147.562500
457.478536,137.076965,75.570313,146.898438
460.018829,134.074432,78.062500,149.773438
460.141968,135.955739,76.109375,147.953125
461.135569,134.583003,77.361979,149.421875
463.239075,135.338145,78.286458,149.041667
463.680990,126.595133,78.471354,157.033854
464.555623,134.467728,78.291667,150.062500
465.516846,125.430222,78.625000,158.406250
464.512299,132.053858,77.906250,151.468750
466.863942,122.192693,80.083333,161.333333
467.333018,128.982203,78.804687,153.226562
468.238057,116.077642,76.289063,165.763021
467.700195,111.838328,79.932292,170.140625
476.515747,111.554611,71.718750,134.453125
471.991333,109.705276,73.757812,172.578125
475.339325,109.806290,69.307292,171.208333
472.505351,110.333842,71.833333,172.549479
476.143412,107.564590,66.760417,173.760417
472.724854,106.698827,68.651042,171.218750
471.471842,105.037628,68.166667,171.083333
471.361399,103.717621,66.000000,159.166667
449.715841,101.233373,84.958333,166.817708
453.505676,100.174057,79.210938,142.000000
459.673960,100.265381,71.416667,138.583333
457.226074,99.321391,73.005208,143.981771
466.126821,98.439173,61.690104,138.838542
417.511119,71.862676,109.114583,164.687500
420.966532,70.007273,102.750000,171.643229
424.325399,62.886098,95.739583,175.989583
426.357503,66.825027,99.218750,174.052083
430.827850,66.346893,99.125000,183.757812
435.316711,63.174088,101.546875,209.828125
437.935506,62.839635,99.854167,170.270833
441.465352,61.395844,98.125000,169.619792
444.349264,65.132217,83.182292,166.690104
445.384298,62.407547,110.656250,174.937500
444.275055,66.939601,104.187500,171.656250
443.796326,63.806976,106.674479,175.294271
443.737061,66.693588,99.664062,174.000000
440.714111,68.380132,111.401042,176.026042
435.406921,71.512833,119.781250,172.101562
433.292969,69.439743,123.554688,181.140625
431.788727,71.661896,127.843750,178.890625
425.985026,71.982651,131.768229,177.458333
421.051758,70.895401,138.062500,217.750000
417.216431,71.162354,144.781250,206.640625
482.942179,70.361933,87.005208,222.156250
410.067647,69.248027,156.242188,214.666667
494.390645,66.810842,74.609375,230.591146
490.000061,66.415588,92.523438,230.640625
499.575582,70.200053,80.036458,225.463542
502.995880,72.416372,80.638021,176.804687
507.361816,71.730632,82.343750,209.354167
509.810689,72.469543,85.119792,182.807292
514.430400,73.302897,82.867188,160.835938
520.599854,77.047780,80.166667,156.859375
525.013224,78.330704,83.213542,156.031250
523.320129,82.124817,88.489583,149.968750
533.001994,79.920476,82.635417,154.666667
534.486735,78.038874,82.848958,153.005208
534.674255,83.637644,87.911458,151.333333
539.032593,83.773020,87.437500,155.867188
541.704631,82.633667,88.447917,217.822917
541.793152,81.984222,89.046875,153.195312
543.086812,83.083344,91.039062,149.864583
545.069458,84.910487,90.453125,152.473958
548.601685,82.337143,89.838542,173.875000
549.187622,79.693695,89.229167,158.552083
553.004395,80.200043,85.632812,160.453125
554.173645,84.126251,85.093750,158.218750
557.745850,72.602931,81.783854,213.208333
559.372620,84.581589,80.734375,212.359375
561.219238,87.343536,78.031250,206.859375
565.336324,73.110784,75.229167,209.106771
568.538961,86.473511,71.593750,199.708333
571.079285,85.112859,69.606771,151.934896
573.083354,96.420583,67.354167,173.994792
576.575256,82.986669,65.421875,150.187500
579.876200,84.857152,61.083333,151.208333
580.450216,93.002345,60.057292,194.463542
582.941956,94.138947,58.796875,187.234375
585.654663,99.005539,55.687500,184.750000
586.691020,103.187780,53.864583,141.619792
588.420532,106.259542,51.260417,167.864583
587.797363,107.300064,53.312500,195.718750
589.063721,110.585480,51.781250,164.515625
591.058655,114.599467,50.273438,189.398437
593.263387,117.942159,48.611979,186.382812
596.352051,120.890813,49.106771,176.736979
597.810710,124.634583,48.135417,171.630208
602.880636,128.037257,42.927083,147.744792
607.799561,129.112183,41.757812,145.820312
612.638652,129.533574,33.093750,144.187500
617.343750,137.019547,39.281250,116.625000
621.445312,137.322754,29.945312,96.000000
623.768229,144.192846,27.111979,89.921875
627.283854,151.686874,21.078125,80.643229
632.343750,168.745712,16.950521,62.250000
631.541667,181.092758,11.270833,48.125000
591.515645,220.493052,47.041667,39.559896
596.619019,214.887741,44.203125,37.640625
600.202922,208.949524,40.385417,38.312500
604.932983,205.011902,34.960938,40.867188
607.360046,201.761368,32.406250,36.625000
610.433838,196.966095,29.945312,40.632812
612.092346,180.739380,31.796875,54.156250
612.171692,180.407135,31.260417,50.713542
607.259705,181.690720,38.265625,51.929688
612.696594,182.193995,29.703125,44.489583
616.985413,186.315933,26.671875,41.992188
619.597392,168.772980,22.234375,59.591146
621.873413,184.097031,20.390625,39.781250
623.193929,178.926331,20.184896,46.609375
620.465515,176.195389,21.625000,50.843750
615.778198,182.855103,25.062500,49.468750
622.071126,190.809784,20.908854,39.007812
609.986938,183.183228,18.187500,33.312500
604.889791,178.944397,18.903646,35.830729
602.217143,183.137767,18.664062,31.369792
598.679626,178.486923,19.539062,38.078125
595.644084,191.559011,17.463542,33.075521
594.118632,179.460378,18.604167,37.833333
594.021667,186.717819,16.859375,35.726562
588.144836,181.875061,20.010417,36.937500
588.039185,176.883301,19.320312,42.562500
587.489217,178.837987,16.755208,40.817708
585.055298,184.778320,18.226562,34.632812
582.638123,185.444911,17.570312,40.979167
580.595723,182.987350,18.114583,38.265625
580.228271,192.122421,18.226562,48.304688
576.650269,181.563482,18.031250,43.861979
574.553853,182.018402,22.583333,47.666667
572.381958,188.462646,18.367188,37.257812
570.912476,185.489990,18.343750,38.000000
569.346619,191.052272,17.286458,41.026042
565.881165,184.799037,19.687500,39.458333
563.402751,182.738627,18.315104,46.984375
562.936686,185.503611,16.182292,55.427083
561.105896,198.032283,15.713542,23.364583
555.782572,185.789434,20.505208,38.059896
558.340576,194.797089,16.750000,33.958333
554.709167,193.994609,18.942708,31.916667
555.205546,197.332382,18.885417,29.669271
551.268372,187.727219,22.750000,39.750000
555.297424,185.517985,19.411458,39.138021
550.198547,184.269201,21.703125,34.953125
552.633708,187.518560,21.437500,31.088542
549.187561,187.287913,24.872396,30.773438
546.843343,186.057643,26.078125,29.143229
541.207987,189.171941,31.372396,27.471354
549.754252,190.679092,23.458333,32.791667
546.740316,191.118734,25.015625,31.916667
547.029317,188.531530,24.833333,37.291667
542.443441,192.048609,23.424479,30.236979
543.283244,188.619700,21.041667,33.500000
541.386068,189.434789,18.875000,42.437500
537.418437,187.374064,21.437500,38.752604
535.099243,185.665710,18.812500,39.890625
532.335063,187.072922,20.585938,37.049479
529.521932,188.088079,20.765625,34.802083
525.768372,189.373932,21.531250,34.187500
524.474589,189.319911,22.572917,31.372396
518.951314,186.566757,26.481771,35.601562
520.073120,189.765045,24.906250,34.750000
522.169312,191.680832,20.296875,31.281250
511.164734,187.181610,30.531250,35.593750
514.396098,187.260178,26.601562,32.781250
507.435852,188.027466,31.656250,28.843750
500.799927,183.025401,33.075521,34.546875
509.201152,191.934540,20.333333,26.072917
504.974609,191.321920,23.057292,32.510417
500.091268,183.083150,25.799479,35.830729
499.853546,185.392700,22.328125,35.179688
497.273173,182.840129,20.302083,32.507812
493.625834,179.953985,17.093750,46.330729
488.418966,182.089030,18.031250,41.875000
474.879303,183.493495,31.372396,34.716146
459.224009,184.728114,41.903646,33.075521
457.351105,183.612885,34.546875,37.783854
427.525960,166.730637,34.252604,63.973958
438.563863,171.047867,40.231771,50.807292
424.361888,158.657277,50.234375,70.570312
421.538696,163.212814,50.875000,90.250000
419.019043,173.967728,53.125000,80.500000
417.076284,163.837708,54.085938,91.049479
414.056447,160.475098,54.872396,86.723958
411.535838,159.920649,54.479167,88.296875
409.032349,159.465841,58.411458,75.320312
404.648376,158.717621,54.414062,95.820312
403.259399,159.265320,53.171875,94.164062
399.635193,156.316986,54.000000,95.820312
398.277710,156.642197,53.171875,73.875000
394.808360,154.426219,54.604167,100.859375
394.752584,152.821574,52.497396,101.260417
392.640167,153.438492,53.898438,104.890625
392.331858,152.380712,53.270833,101.018229
391.157990,151.729563,60.968750,102.526042
391.547882,152.431101,53.447917,126.875000
391.969971,151.887243,70.687500,131.083333
392.608673,148.908112,52.796875,135.671875
393.752716,149.272003,51.609375,152.828125
393.973877,146.684860,51.390625,158.890625
393.490672,148.800028,47.578125,171.080729
394.037587,148.233704,69.041667,179.239583
394.529256,148.311590,68.515625,175.609375
394.974813,148.192373,54.796875,178.692708
395.225047,147.202759,66.971354,185.205729
396.784760,146.824600,67.484375,186.976562
397.033142,145.579483,66.226562,189.117188
397.226135,143.068405,66.484375,198.445312
396.276978,143.396347,68.708333,198.916667
395.701752,145.102753,69.906250,196.781250
391.481689,145.301529,72.203125,193.937500
397.780467,143.985718,60.080729,191.505208
398.735718,142.988327,68.604167,198.083333
399.229675,140.564407,69.218750,199.875000
399.504120,141.201447,70.218750,199.427083
400.247477,140.957265,70.419271,199.015625
401.262166,139.833959,70.062500,200.130208
401.730438,138.934204,54.854167,191.208333
403.998566,137.512217,70.666667,201.291667
405.670664,136.983409,71.880208,202.208333
385.002330,137.122965,91.039062,201.486979
401.777120,135.975744,76.625000,201.406250
395.144287,135.011642,69.132812,194.640625
407.093536,135.339767,56.703125,193.539062
406.685547,133.886932,58.421875,196.234375
408.598521,134.169373,55.614583,193.822917
412.817495,133.351059,59.359375,192.289062
414.132609,132.790248,57.843750,192.708333
413.913849,132.461227,61.585938,193.773438
413.980815,131.704575,61.315104,194.463542
412.630391,131.704569,62.453125,193.325521
412.419464,130.111328,64.020833,194.645833
410.537933,131.115250,63.859375,194.234375
407.124888,130.753316,64.450521,194.812500
405.923645,130.174561,65.023438,195.398438
402.235535,128.641663,65.023438,196.562500
397.768463,127.956955,68.062500,192.937500
396.034190,126.888072,71.468750,192.440104
393.112305,126.878220,68.375000,192.296875
388.491028,126.430893,68.242188,192.109375
387.505005,126.156637,69.119792,193.614583
383.339518,126.121450,68.835938,193.796875
379.255432,124.753510,68.687500,192.187500
377.912771,124.778544,69.270833,192.864583
375.839386,123.833603,69.132812,193.445312
373.966003,121.902390,67.937500,193.445312
370.032979,121.343257,68.539062,191.768229
368.806915,121.100708,68.968750,189.671875
367.425791,121.356766,67.945312,188.916667
367.021383,117.858109,66.333333,191.166667
365.096944,120.043208,67.203125,189.156250
365.674805,117.254415,67.054688,191.052083
364.871653,116.743952,65.309896,191.591146
364.148529,115.381393,64.593750,190.625000
362.939768,115.000870,66.757812,190.197917
361.567139,113.279984,67.500000,190.000000
361.205231,112.564377,66.625000,190.843750
360.936930,112.660792,65.166667,191.166667
359.282837,112.636912,64.880208,189.156250
357.255442,113.618591,67.760417,189.770833
356.246165,114.116526,66.770833,186.567708
356.516713,112.583577,64.880208,189.156250
354.925568,111.484024,63.437500,188.312500
352.666514,112.846080,63.447917,188.343750
352.339732,114.165766,64.583333,188.343750
351.449198,115.080353,64.020833,186.625000
350.891805,115.401093,64.729167,186.497396
349.331838,115.342850,73.187500,192.354167
349.068217,115.172180,69.270833,190.510417
348.256185,115.491892,64.307292,186.317708
348.059011,115.743703,63.416667,189.364583
347.578715,116.187988,59.229167,186.885417
347.577199,51.310247,66.312500,257.895833
347.354177,50.348969,60.447917,257.083333
345.778534,18.717494,65.828125,293.927083
346.174672,10.969243,56.458333,299.718750
344.937958,113.049520,60.531250,198.114583
342.854553,20.580597,62.505208,294.718750
342.490692,49.250702,61.734375,266.382812
338.803843,118.971802,63.526042,197.510417
334.778290,50.127518,54.395833,253.416667
331.717092,116.720296,68.317708,201.729167
328.214569,47.372269,69.679688,269.898438
326.958883,27.508341,69.395833,291.682292
321.993774,114.255173,66.343750,203.437500
319.511810,116.511536,69.250000,203.312500
317.978363,117.057144,66.906250,202.187500
316.025879,120.565491,55.875000,186.203125
313.566071,122.022629,55.296875,181.265625
307.686188,123.790868,55.794271,178.822917
303.252085,124.265701,56.406250,178.505208
297.703308,122.549805,68.546875,188.289062
293.205678,122.250900,61.229167,177.385417
289.997843,122.430410,61.690104,177.927083
285.472066,122.018717,63.500000,181.208333
281.053467,122.699371,64.750000,182.687500
277.542480,123.259964,67.718750,181.468750
277.952128,123.031682,88.434896,183.617187
279.122253,125.111572,90.432292,181.026042
277.350189,125.694611,70.375000,182.531250
275.818024,125.688232,62.031250,181.833333
273.930786,127.317810,62.687500,180.554688
273.514384,126.945572,58.552083,182.510417
272.643840,128.455907,60.791667,181.442708
277.262817,128.570862,58.140625,183.203125
277.407379,128.954697,51.625000,175.023438
279.400116,129.742457,51.130208,172.445312
282.023804,129.197337,52.481771,173.901042
279.031281,130.436813,45.562500,167.625000
279.787506,130.533610,45.125000,166.468750
278.683828,131.957057,47.854167,164.989583
275.492299,132.558935,50.557292,184.812500
274.472341,132.266541,49.343750,186.791667
271.261576,134.463974,50.088542,184.591146
267.351746,135.778183,92.289062,182.617188
266.580200,136.589355,64.492188,181.398438
263.723867,137.220342,91.625000,180.166667
261.735474,137.701645,88.500000,182.562500
259.179535,137.560104,85.984375,183.601562
258.724915,139.228953,89.018229,183.065104
257.344828,140.163228,88.148438,184.138021
255.933228,141.614182,85.273438,184.640625
254.480214,142.870433,86.890625,183.984375
256.238169,142.598516,83.671875,183.880208
256.607727,144.679504,81.234375,183.687500
255.250336,145.931625,81.781250,183.369792
257.944916,146.992508,79.000000,183.812500
260.061310,149.021606,77.289062,183.851562
261.337067,149.134689,77.289062,183.851562
261.457886,150.378769,77.289062,183.851562
264.940247,150.480103,75.343750,185.031250
265.806864,150.525681,75.026042,185.458333
268.360433,150.334793,73.968750,187.070312
271.676015,149.913274,72.598958,187.885417
273.376373,147.824158,71.234375,189.906250
274.131805,147.555242,64.104167,191.526042
274.973674,145.238327,75.817708,194.375000
276.054382,142.565460,73.656250,185.062500
276.653534,138.378555,75.343750,182.593750
274.245361,138.459457,78.500000,183.851562
274.723002,130.110214,79.270833,193.223958
272.747223,129.454117,82.484375,197.726562
270.183889,126.973333,83.656250,203.447917
268.768860,134.325470,84.052083,193.973958
269.395874,132.093313,82.125000,200.125000
252.664246,130.857646,97.692708,202.953125
253.072174,137.771993,98.770833,197.828125
252.561188,140.769135,98.125000,193.901042
252.121887,131.934586,98.570312,203.210938
250.833221,142.540644,97.078125,196.067708
251.200043,144.387034,96.440104,193.304688
249.591390,147.729960,97.333333,186.583333
249.161489,110.564540,97.132812,223.916667
247.890096,111.924077,96.130208,219.067708
247.572215,111.871602,96.156250,218.500000
246.293274,131.877304,94.484375,200.031250
248.322978,143.780716,94.098958,188.630208
246.113912,142.173889,95.208333,192.187500
244.075643,111.877747,97.671875,223.765625
245.007100,148.933390,96.638021,189.333333
242.784943,109.686020,97.492188,228.945312
242.821777,152.018799,96.468750,189.000000
242.790487,151.518422,97.312500,192.229167
241.794189,118.283285,100.658854,225.583333
242.870687,151.362208,98.281250,194.088542
240.292938,153.821808,100.843750,192.250000
240.987325,140.943573,99.619792,205.283854
240.751444,151.710292,101.085938,195.369792
238.701599,156.548604,99.802083,190.135417
240.476440,135.457209,97.132812,209.984375
234.323588,142.133387,99.989583,203.346354
251.460673,155.756704,81.791667,188.552083
248.995646,130.633738,83.187500,211.947917
232.316294,130.323110,97.354167,210.635417
246.011719,146.869659,81.664062,192.406250
243.409871,147.386815,82.867187,186.825521
227.404694,147.578903,99.750000,182.453125
227.561523,143.692291,96.968750,177.375000
225.724091,126.531972,97.000000,191.666667
226.064229,138.992722,96.773437,177.278646
225.641052,132.433151,97.187500,184.023438
227.239746,137.438461,94.500000,178.375000
227.074636,139.919922,96.250000,175.625000
227.941071,139.542130,62.453125,176.007812
228.774028,137.950623,96.312500,175.104167
230.800100,136.755086,94.333333,175.666667
231.211904,133.353134,94.927083,178.270833
232.429311,134.318802,93.539062,179.372396
234.684611,130.461583,92.552083,182.757812
236.645844,135.538681,91.729167,177.041667
238.760010,134.382492,89.460938,177.921875
238.879781,125.861608,90.427083,186.429688
242.763245,111.193471,87.333333,201.994792
245.104065,113.422943,64.010417,198.250000
244.223816,105.783015,85.466146,206.317708
246.884684,105.948634,83.604167,204.125000
248.143016,101.783585,80.531250,207.781250
248.604624,102.052017,82.697917,205.244792
249.897034,102.727829,76.067708,204.200521
252.191650,120.840576,83.354167,184.145833
250.123637,108.335663,52.625000,192.750000
251.463481,108.308797,58.294271,185.744792
249.876831,110.407471,58.687500,174.062500
252.340027,105.555603,49.515625,180.296875
254.196472,110.031830,57.145833,176.455729
252.919729,87.638097,48.916667,196.833333
252.902568,107.284678,78.187500,179.125000
252.388184,102.266891,59.187500,181.796875
250.882345,99.067500,59.580729,185.263021
251.710815,102.518478,58.140625,183.203125
250.373047,97.274918,60.354167,187.541667
247.976074,100.347534,61.156250,184.750000
249.620422,105.474350,59.500000,179.750000
248.717499,97.390320,59.437500,185.875000
248.260935,91.277364,60.440104,193.369792
247.438070,89.368362,59.364583,192.929688
248.859772,88.507782,57.578125,194.031250
245.959930,96.898407,46.164062,183.859375
240.396637,88.247681,52.296875,192.578125
241.799540,97.456457,59.692708,182.052083
240.208516,87.626587,53.213542,188.968750
240.356201,92.390305,52.593750,181.578125
242.913635,92.364990,51.929688,175.890625
237.490560,91.815521,56.937500,170.677083
235.433441,70.279251,60.093750,187.000000
234.631653,67.870544,60.921875,187.875000
232.658864,86.390035,60.791667,168.630208
232.000814,87.366053,86.093750,166.122396
230.074412,78.471069,59.580729,177.807292
228.331095,62.752965,59.604167,190.958333
225.829346,61.563293,62.625000,192.250000
224.934153,62.919342,57.843750,191.593750
224.029480,62.654144,59.078125,191.367188
221.736023,60.868042,61.156250,192.406250
223.892965,61.131958,59.635417,192.692708
219.762115,61.734390,62.445312,192.039062
221.102081,61.409042,59.171875,190.343750
215.597183,59.972031,66.156250,191.039062
217.408839,60.137472,64.729167,189.911458
216.537638,56.991933,67.307292,190.776042
221.769348,55.629623,59.984375,189.750000
220.567042,51.875758,63.854167,189.562500
222.437220,49.667857,59.304688,179.343750
222.329681,48.365082,60.726562,175.835938
222.906830,45.962580,61.083333,175.885417
223.568319,42.705994,60.791667,178.239583
223.007360,42.788254,60.010417,178.031250
224.504893,47.181473,49.635417,172.281250
222.369029,41.666295,51.260417,177.916667
221.650640,45.960337,50.739583,173.098958
220.655746,47.243047,50.671875,172.416667
218.838888,37.087428,49.614583,182.369792
217.919154,36.162710,60.888021,183.609375
217.934296,43.419159,47.406250,175.281250
216.816233,37.148020,48.979167,182.145833
214.858398,47.283910,50.411458,173.473958
214.708613,46.114174,49.697917,173.656250
213.092377,37.266220,51.703125,181.687500
210.147263,42.478767,54.468750,176.156250
208.841970,33.950361,56.158854,184.239583
207.770391,32.090741,60.718750,184.895833
207.642583,37.661613,58.697917,180.062500
207.751760,28.598053,60.255208,186.411458
211.950673,29.201228,51.130208,180.466146
211.028519,27.052773,53.309896,178.656250
212.298309,22.287506,71.364583,172.890625
214.473312,20.760674,64.281250,176.078125
211.109629,19.068954,63.656250,179.570312
214.054520,26.561768,63.994792,170.765625
212.984751,26.027356,57.729167,171.187500
214.119354,29.972010,60.739583,168.656250
215.654358,18.088580,59.437500,180.208333
215.887319,16.658557,64.291667,182.708333
214.557551,17.204969,65.375000,182.322917
213.924271,18.309883,63.789062,181.656250
215.781576,19.878484,66.937500,180.130208
214.832698,22.228635,66.781250,180.802083
211.870697,23.324593,69.906250,178.187500
213.050995,24.970322,67.093750,177.250000
216.060150,27.282227,65.531250,176.000000
217.168020,29.383227,59.294271,172.703125
215.398651,30.859787,61.117188,171.859375
170.887634,0.449883,115.750000,202.875000
213.162562,28.472649,72.333333,175.989583
151.283366,2.461502,128.419271,199.458333
218.203206,25.977709,68.539062,175.179688
214.869064,26.431435,71.875000,169.750000
220.106852,25.073921,65.062500,170.765625
168.714498,1.345591,110.416667,190.583333
219.544973,26.850090,63.591146,161.460938
148.787287,1.076614,139.333333,190.127604
221.620560,29.063042,62.171875,161.859375
147.500824,-0.392136,141.156250,193.984375
148.439499,-0.247940,130.973958,198.786458
147.936142,-2.243187,130.437500,200.500000
150.961314,0.270950,123.244792,201.830729
151.773387,1.761625,125.440104,207.963542
155.253754,1.839874,123.375000,212.750000
159.329625,-0.192986,67.364583,169.796875
160.547943,1.735265,121.770833,215.093750
163.227300,0.835617,121.968750,218.455729
165.554469,1.435160,118.812500,221.520833
166.075256,-1.205780,116.773438,224.617188
173.107920,0.903249,102.666667,222.666667
174.866257,0.778524,110.250000,224.250000
177.379705,1.323232,110.747396,223.770833
176.157923,2.756439,112.385417,215.580729
185.485728,4.864199,104.833333,210.289063
189.640152,2.965240,103.093750,205.187500
198.535507,2.185321,95.171875,207.281250
195.319377,-0.410723,101.085938,209.875000
210.763184,-0.611542,93.453125,214.703125
201.549113,-0.412308,96.046875,212.695312
204.102051,0.502319,91.093750,213.156250
212.615021,2.554077,91.000000,213.343750
213.166545,2.668132,93.473958,214.932292
218.304026,2.515986,102.354167,215.291667
222.286702,3.281082,87.687500,215.437500
222.656128,2.571777,96.390625,216.351562
225.428975,1.613068,99.989583,219.359375
225.813202,0.585531,101.325521,221.117187
227.776377,0.063929,101.375000,221.520833
231.465851,1.425476,100.000000,220.656250
232.331329,1.109141,123.291667,216.539063
230.428741,3.064227,95.645833,211.145833
234.014099,1.084305,93.929688,208.187500
247.203125,2.834412,84.979167,205.156250
255.060944,2.584236,78.000000,196.250000
246.928426,1.968053,101.661458,197.093750
248.647196,0.700129,109.419271,197.252604
253.318797,-0.067764,97.486979,195.414062
251.788605,0.257085,111.486979,194.710938
256.101176,0.559484,108.979167,191.812500
253.491323,-0.886406,114.494792,194.088542
256.273865,1.041290,115.468750,191.265625
258.869619,-1.752413,114.867188,195.333333
263.282674,-0.155624,103.953125,194.427083
264.563121,-1.499636,113.614583,196.593750
286.670349,-1.680486,101.674479,196.338542
269.395508,-2.226957,123.122396,196.690104
260.669057,-1.474881,135.427083,197.354167
264.341929,-0.365512,132.463542,195.138021
270.721497,-2.348915,132.755208,197.026042
261.728058,0.115883,140.921875,190.671875
273.463165,0.304169,136.718750,190.375000
262.811961,1.123728,143.223958,188.614583
272.781820,0.074265,139.429688,190.346354
270.528534,0.590820,141.015625,192.515625
271.541809,2.411385,137.125000,189.718750
270.976471,2.644440,136.046875,189.437500
264.848134,2.425006,145.427083,189.984375
269.908732,3.019587,138.239583,189.906250
302.151072,4.699018,112.971354,186.596354
306.766459,3.708572,109.880208,168.734375
266.063873,2.455643,140.843750,178.601562
308.886180,2.409696,97.765625,130.020833
309.573771,2.403549,111.065104,190.479167
306.440643,0.089503,116.619792,192.723958
306.767700,0.442273,100.869792,189.984375
305.355591,0.345299,106.187500,192.382812
303.312531,-0.960037,111.437500,191.359375
301.714803,-0.288918,108.028646,190.132812
302.826630,-0.221169,103.937500,191.148438
305.247772,-0.112129,116.171875,190.109375
304.343964,1.486595,102.468750,189.015625
307.673492,1.911283,94.671875,189.763021
312.154917,2.648097,91.205729,188.143229
313.998789,4.209752,94.000000,187.000000
307.867055,5.518010,94.333333,186.333333
298.869781,7.342796,102.835938,184.046875
313.178243,8.306132,88.065104,185.526042
316.546560,10.566355,82.052083,186.635417
312.218526,9.759827,96.197917,187.638021
320.175232,9.618851,83.851562,187.744792
319.552450,10.867505,85.635417,187.197917
314.527669,11.397545,89.111979,187.744792
315.860087,9.794337,100.052083,187.057292
318.846537,10.767220,99.255208,187.684896
317.314321,10.230604,81.898438,189.763021
311.219777,6.909559,98.125000,192.552083
320.099701,9.161903,82.562500,190.843750
317.779358,10.231247,86.500000,189.367188
322.778330,9.292976,76.520833,189.802083
324.128418,6.048050,80.242188,190.929688
311.180115,11.305870,93.250000,185.500000
324.348429,6.634521,79.950521,187.375000
323.912415,9.245041,78.679688,181.828125
325.944397,4.303825,74.289062,187.328125
326.174622,7.998535,77.046875,175.171875
324.496185,7.496323,73.171875,187.250000
324.049449,7.849726,78.166667,187.888021
325.185618,1.040476,73.213542,193.161458
325.840790,3.415825,73.656250,191.117188
324.767731,2.116913,70.468750,189.906250
323.786743,4.068728,74.231771,190.682292
327.034027,3.960106,70.125000,187.390625
324.898468,4.120338,74.140625,187.390625
322.107086,2.674126,76.796875,186.281250
322.266571,4.879036,84.583333,182.916667
323.393117,3.322973,84.401042,183.984375
322.356181,3.729324,79.421875,182.739583
320.691945,2.106438,90.119792,140.328125
317.577861,2.341789,85.682292,181.098958
321.027629,1.402095,79.585938,181.872396
326.119446,0.634422,84.750000,179.750000
317.696543,1.338170,90.729167,179.229167
321.313721,0.655487,86.078125,176.312500
320.367869,0.470228,87.416667,176.375000
320.436218,-0.140709,88.656250,173.734375
327.164276,1.166557,81.226562,170.367188
326.536469,0.943349,81.958333,168.958333
322.195374,-0.545639,87.117188,169.695312
320.863210,1.511373,87.588542,167.992188
323.930074,1.507385,81.333333,167.942708
327.428833,-0.349030,77.289062,168.109375
326.904236,1.268158,78.187500,163.687500
330.983673,-1.516670,74.140625,167.335938
327.601410,-1.218307,77.312500,166.343750
327.250834,-0.866870,77.848958,168.885417
326.663605,-1.696907,80.213542,168.885417
327.349497,-1.830821,80.062500,168.708333
329.450470,-1.108253,75.593750,169.437500
333.684753,0.678246,72.960938,169.695312
331.448863,-0.363607,75.986979,170.585938
332.930695,1.777568,75.648438,168.070312
331.828796,-0.240807,78.992188,172.117188
332.356089,0.227692,77.453125,173.322917
331.509644,1.486931,79.203125,171.843750
330.035726,1.355014,82.635417,173.875000
333.555511,2.243149,79.257812,173.664062
333.970449,1.674138,79.333333,172.354167
336.937744,2.273613,78.000000,174.250000
342.884939,1.846436,73.278646,172.809896
339.961609,1.567871,76.664062,174.445312
340.617767,0.809148,77.002604,174.052083
342.889760,0.743980,76.494792,174.057292
342.867554,0.483376,76.664062,174.445312
343.965159,1.625585,78.018229,173.994792
344.852244,1.337397,77.002604,174.052083
347.123372,2.787127,76.833333,173.666667
348.125722,3.462855,76.833333,173.666667
347.525157,4.772888,79.341146,171.713542
350.112671,6.203158,75.026042,170.895833
352.963043,4.748154,73.656250,172.093750
353.431732,2.900215,73.656250,174.437500
357.989746,2.302551,72.960938,173.234375
356.333344,4.375008,78.468750,173.281250
357.039113,5.288709,75.156250,171.677083
355.681000,5.178009,79.341146,171.713542
358.120707,4.834808,79.718750,116.692708
358.958099,5.954132,76.898438,170.921875
361.143656,4.895337,77.848958,173.614583
360.276530,5.851557,74.947917,170.364583
364.218709,3.061808,75.156250,172.854167
358.953705,4.858002,82.398438,172.054688
361.898966,3.919314,80.388021,171.989583
360.031342,6.029564,77.289062,170.531250
360.220306,4.167414,81.260417,172.302083
360.476023,2.968435,83.005208,171.130208
360.064056,6.469620,86.171875,168.875000
357.296326,5.343430,84.015625,169.546875
356.481222,2.942998,86.890625,170.291667
355.834981,3.089261,87.239583,172.210937
354.666687,1.963458,90.505208,171.059896
354.435242,4.070557,94.375000,168.296875
351.978536,4.037679,97.002604,168.018229
347.621775,6.717801,102.135417,166.010417
345.298981,1.168808,104.468750,170.312500
345.474314,2.457308,107.677083,170.020833
345.157613,1.400612,107.479167,167.723958
381.691437,0.914871,74.703125,115.031250
385.106689,0.535332,73.617188,162.078125
387.959239,1.166651,73.802083,164.177083
388.326935,0.318001,79.718750,162.015625
388.870911,1.171143,73.500000,161.859375
390.454285,1.069023,76.375000,160.750000
393.265594,1.144145,76.833333,159.166667
394.090749,0.231529,76.833333,160.250000
391.802928,0.461555,78.250000,158.718750
394.037018,1.063889,77.500000,156.250000
396.618459,0.988693,70.260417,157.687500
397.236847,1.306402,75.729167,158.151042
395.665833,0.003593,78.031250,158.460938
396.704641,0.915372,78.119792,158.692708
397.450531,0.312225,77.770833,157.979167
399.120789,0.840553,76.281250,156.125000
400.997630,0.524549,74.906250,157.770833
402.548075,-0.982475,79.020833,159.270833
402.526306,0.165665,85.976562,155.820312
403.446960,0.866051,84.757812,154.359375
404.649302,1.571025,76.833333,155.036458
406.342163,2.520386,79.164062,153.929688
406.001770,0.006706,79.093750,156.039062
405.901276,0.701500,79.882812,156.479167
408.310313,0.598867,80.960938,156.286458
406.813599,1.755643,87.333333,153.833333
411.632243,0.983274,82.578125,158.244792
411.713898,1.770805,82.484375,156.984375
414.406006,2.873561,79.802083,156.286458
417.499084,3.494019,77.421875,147.000000
415.098897,1.784172,79.000000,158.083333
421.543681,4.132502,79.523438,156.908854
411.700775,3.419060,101.125000,158.500000
418.974060,2.013481,81.218750,160.257812
422.293976,4.111366,73.333333,158.500000
423.286011,5.214991,79.567708,158.135417
423.996460,6.706146,81.984375,157.265625
426.992554,6.952176,70.911458,155.481771
428.710673,8.197657,75.552083,154.489583
427.437998,6.942871,81.166667,159.166667
430.593058,11.371175,81.614583,117.947917
432.859517,9.571706,78.812500,154.463542
433.497803,14.483238,80.296875,151.664062
437.202901,14.966052,71.984375,151.572917
437.876099,14.380135,73.773438,152.875000
439.647614,13.197154,77.125000,154.307292
442.389211,15.362684,74.645833,153.552083
444.317485,12.915866,78.083333,156.208333
446.314728,14.326797,76.375000,153.843750
446.045166,8.694344,77.562500,159.229167
447.225830,13.676476,74.851562,155.125000
449.531921,14.290222,72.187500,109.375000
451.657074,7.506020,71.546875,115.890625
450.602559,9.173604,71.916667,105.458333
451.592346,13.997063,74.617188,156.414062
452.051076,11.021383,75.546875,110.908854
454.514526,7.361725,74.445312,160.906250
458.897858,8.960884,70.335938,157.250000
456.319804,9.711235,73.848958,156.958333
459.641357,13.102577,68.921875,154.093750
460.165649,12.735774,67.520833,154.427083
463.613210,14.855164,63.968750,153.174479
465.473022,16.862564,70.093750,149.500000
466.943024,11.213600,69.570312,156.562500
466.459890,14.465492,66.713542,151.505208
466.433777,14.539757,73.234375,150.703125
471.361165,14.645871,88.750000,150.500000
474.373057,13.804888,65.867187,151.218750
474.751770,13.696859,70.166667,151.221354
479.444946,13.357094,65.906250,151.750000
479.429382,12.964734,77.953125,152.854167
484.957581,12.104286,70.000000,153.015625
483.548096,15.170067,76.252604,149.385417
485.335815,15.173243,76.648438,149.007812
487.233744,15.135020,77.367187,149.307292
486.908020,14.112918,79.906250,149.343750
490.269552,17.618108,87.125000,146.750000
488.521851,16.826752,89.619792,146.898438
491.046021,19.882896,75.375000,143.187500
484.678467,19.595627,82.046875,144.390625
491.530029,24.124288,77.916667,140.750000
487.739807,24.696973,94.606771,137.809896
486.792786,23.401894,93.812500,141.273438
491.939840,24.909256,73.015625,138.484375
486.298808,24.382192,80.807292,137.812500
488.226990,26.982941,76.661458,135.739583
491.939209,24.468643,89.000000,139.000000
491.285990,24.045466,65.804687,139.867188
491.904419,17.892303,72.859375,145.703125
490.378235,22.788254,73.562500,140.078125
489.311279,22.992833,64.833333,140.635417
487.160950,19.234184,75.593750,145.343750
486.658020,18.223877,67.015625,146.234375
487.726501,19.982765,73.664062,143.257812
482.937378,25.789612,74.614583,131.317708
481.691345,10.767021,73.833333,147.625000
482.389526,25.739845,69.531250,139.070312
478.929565,14.195518,75.994792,139.302083
480.679626,20.398659,70.593750,120.742188
482.297038,24.442960,64.138021,140.875000
480.998108,24.380898,66.625000,140.687500
477.923553,25.490982,64.070312,140.851562
479.276255,25.149160,66.585937,140.726562
475.821920,23.983696,68.677083,142.843750
474.681854,25.464132,69.812500,141.492188
472.608978,21.665873,68.447917,145.531250
476.733449,18.943247,61.156250,148.382812
473.242798,15.495140,63.906250,150.640625
469.197235,15.942879,67.000000,151.000000
471.431447,23.445320,65.018229,142.679688
469.667542,15.664447,65.830729,150.609375
467.793854,19.812881,65.421875,145.429688
468.814168,18.715225,66.166667,145.588542
468.596985,16.542122,64.453125,148.375000
472.347900,19.941271,61.312500,146.755208
469.479482,21.805242,63.666667,144.937500
475.017059,22.018021,57.640625,145.531250
467.457184,23.554225,65.507812,144.039062
464.059926,20.399618,67.760417,146.302083
471.130402,15.649834,60.812500,151.562500
463.018097,23.069275,68.562500,143.958333
473.344421,24.385956,57.289062,144.281250
467.079163,23.150721,62.195312,143.789062
466.363047,24.164355,61.385417,143.197917
462.370900,25.604548,64.307292,141.250000
455.141724,23.918198,71.445312,142.882812
456.368581,22.193756,67.666667,144.750000
453.387085,22.150330,70.093750,145.375000
453.299815,15.005493,68.166667,151.075521
447.820099,19.937141,71.838542,146.906250
437.133840,16.297557,81.552083,149.385417
451.673238,20.167842,63.270833,144.445312
449.400716,11.306585,78.182292,154.307292
448.922791,18.042931,62.625000,148.687500
444.635803,26.341301,63.484375,141.085938
440.596171,27.056885,64.250000,140.916667
434.346547,28.933194,70.197917,140.343750
432.572408,26.036914,65.796875,143.356771
430.375916,30.772275,64.307292,138.328125
427.749644,30.840391,63.114583,138.208333
388.711507,33.564041,99.361979,137.971354
395.567464,34.501872,89.645833,140.713542
393.457438,35.098661,87.106771,141.809896
393.076263,36.044296,84.937500,141.250000
392.948120,36.882301,81.437500,142.882812
388.575073,28.797256,83.286458,152.229167
393.470215,43.162659,74.632812,140.335938
393.780426,42.184260,74.135417,142.968750
390.936330,46.219696,73.072917,140.906250
390.271261,49.467911,70.966146,140.932292
390.448730,49.222343,69.395833,141.875000
389.683970,51.413066,67.343750,141.729167
390.067251,51.627330,63.343750,143.500000
390.541656,50.926694,60.411458,145.145833
387.406586,53.663673,59.593750,144.554688
384.785492,54.365501,61.062500,144.375000
381.891266,54.748863,60.093750,143.406250
376.551982,56.971697,62.833333,144.955729
377.848328,57.869835,59.125000,144.375000
377.266449,60.489861,58.343750,143.403646
374.262278,60.790136,55.223958,144.039062
370.151215,63.310486,57.710938,142.312500
367.653290,64.722076,60.062500,142.562500
363.671794,59.350815,60.255208,148.182292
360.122681,64.177643,64.984375,144.718750
360.658417,63.901037,63.835938,144.625000
357.571767,65.757736,65.625000,142.000000
356.252126,67.959178,67.651042,139.276042
358.671926,68.378021,65.333333,139.718750
355.574890,68.676346,66.953125,137.828125
358.043223,69.692947,66.140625,139.177083
355.302826,69.178177,69.460938,138.914062
355.825429,69.932287,69.177083,98.252604
356.644745,68.213104,67.718750,109.656250
355.437388,70.829300,66.062500,137.450521
355.614471,69.259125,67.536458,142.627604
353.700307,69.651250,67.825521,140.635417
352.625448,66.228760,68.174479,146.377604
353.247986,70.571376,66.833333,142.953125
353.731028,73.092056,66.677083,141.447917
352.182505,76.682073,66.312500,139.541667
350.801524,78.910624,70.270833,138.552083
349.603882,76.765320,66.166667,143.552083
347.019775,81.389557,76.156250,142.171875
346.800120,84.769196,76.187500,138.843750
350.726288,84.638468,63.111979,141.515625
341.937500,87.152130,72.479167,138.083333
343.565735,69.391968,70.718750,127.302083
341.008891,92.615712,73.265625,139.750000
340.469279,94.005768,80.822917,140.437500
338.141927,94.165105,81.208333,139.541667
340.869425,93.039983,75.062500,145.010417
336.464081,98.880554,76.281250,138.156250
336.866740,98.830597,75.963542,137.757812
334.505381,98.191686,68.291667,138.552083
331.646993,98.730291,71.703125,138.635417
330.475169,100.915471,69.281250,137.562500
329.704569,101.143270,76.208333,136.375000
329.797211,99.639318,84.893229,137.203125
326.853017,98.211497,85.989583,138.848958
327.838888,98.777847,77.231771,140.932292
328.764099,99.114761,75.921875,142.281250
327.849091,96.000717,78.437500,145.119792
329.548258,98.700907,76.109375,140.333333
328.118520,96.444992,75.031250,142.625000
329.759196,96.133240,73.427083,142.658854
330.286601,95.436605,73.916667,143.708333
326.784882,96.287384,79.804688,143.257812
329.951202,88.550537,67.682292,149.421875
330.070760,89.357325,77.041667,148.916667
326.523285,86.587097,85.218750,149.750000
320.402191,86.507904,87.132812,151.445312
316.960724,89.879608,90.656250,149.640625
314.240631,85.018463,94.234375,152.804688
336.104909,86.319717,66.697917,150.989583
339.378326,82.327118,63.385417,135.187500
340.613770,83.902354,70.427083,156.651042
339.259552,85.799515,65.812500,154.000000
334.152791,86.332189,67.861979,157.354167
315.488607,86.576538,87.041667,158.026042
333.749156,87.422531,72.203125,158.098958
334.516490,84.583710,69.942708,162.236979
335.348989,86.065786,70.726562,163.695312
336.752655,80.138809,74.906250,171.208333
331.843384,90.303538,78.515625,163.078125
337.632070,89.012146,72.526042,165.971354
342.081482,91.131104,68.968750,165.257812
332.556915,89.846527,83.093750,169.625000
322.909770,90.287165,94.333333,169.000000
331.596700,88.173091,92.796875,171.130208
339.423981,81.786118,81.226562,179.281250
328.415649,83.943588,97.898438,176.398438
344.213379,85.273422,86.078125,176.312500
343.062551,84.533035,85.453125,179.697917
342.615051,83.157369,88.562500,180.989583
338.932231,79.773300,93.822917,182.981771
339.185384,77.456304,94.270833,185.020833
337.322184,75.460871,95.726562,186.664063
338.400299,73.593384,96.968750,190.343750
337.004354,72.795573,99.828125,190.750000
336.555939,73.200384,102.927083,190.101562
337.430410,70.685293,103.135417,194.229167
336.471263,69.819199,105.447917,195.781250
336.811595,68.279358,107.182292,197.580729
334.597036,66.601283,109.494792,201.861979
336.407196,65.063263,102.197917,203.395833
335.706930,63.840368,106.182292,203.851562
338.276357,62.929199,109.348958,207.015625
335.358866,63.035522,115.453125,210.067708
339.872559,60.782700,105.687500,211.937500
337.567261,62.296555,114.682292,212.791667
334.769023,60.613612,118.166667,216.333333
334.516968,56.732376,118.484375,219.875000
332.866160,54.612076,118.864583,222.197917
331.745372,52.304784,120.864583,224.531250
337.026367,48.508916,116.005208,226.151042
336.463593,49.213303,117.203125,227.125000
338.665344,48.828863,111.651042,227.044271
337.623820,44.892563,118.382812,231.070312
334.915293,46.810801,117.723958,231.250000
337.399485,43.332942,119.434896,234.625000
338.434235,41.884094,112.765625,235.869792
336.046458,41.816147,118.187500,238.630208
335.266103,42.233760,116.559896,237.002604
334.531972,38.620473,120.437500,239.875000
335.646820,36.031932,120.072917,240.822917
338.517253,35.249252,117.617188,240.994792
339.388275,33.898834,124.187500,244.000000
339.172109,35.112401,124.375000,246.036458
339.620056,34.183456,121.312500,248.500000
340.753235,35.387024,124.046875,248.851562
338.792206,31.173904,128.687500,251.054688
339.186523,33.687881,129.687500,249.312500
338.378520,29.904078,130.750000,249.687500
341.382589,28.711487,128.786458,252.921875
345.671783,24.534932,123.895833,257.635417
347.563904,5.488205,119.820312,277.656250
342.122782,29.122025,127.145833,255.093750
347.304097,32.833318,118.734375,252.523437
343.486511,20.838303,117.203125,266.359375
347.966736,29.252884,119.320312,261.304688
345.847585,35.728032,119.994792,254.973958
345.400594,31.808314,116.950521,259.658854
349.552684,33.342473,120.453125,256.195312
352.463786,18.301112,116.166667,270.921875
360.143473,25.601791,114.666667,263.166667
355.657837,35.822439,121.041667,257.208333
356.382904,35.017807,128.947917,258.697917
359.414022,36.795659,118.666667,256.557292
362.477173,39.641113,115.500000,255.046875
365.359985,35.906937,113.054688,257.125000
367.394684,28.925095,112.234375,262.312500
368.935059,23.227142,111.276042,264.239583
371.812429,7.840637,111.276042,274.911458
371.651672,5.832077,112.039062,275.867188
374.361298,4.627380,112.039062,274.046875
376.940725,4.236755,112.356771,273.002604
376.797862,4.145432,109.906250,273.265625
380.078552,4.163111,109.437500,275.708333
381.438660,7.927536,108.812500,274.125000
384.004883,4.906525,108.343750,278.304688
384.330048,16.455816,108.656250,270.140625
383.947764,16.502477,108.861979,269.770833
386.867411,3.598806,107.093750,285.684896
390.363719,34.711833,106.276042,256.929688
392.863444,40.912338,102.713542,254.421875
391.503957,41.749741,106.164062,253.059896
390.515940,41.694738,106.833333,254.007813
393.271362,45.065445,106.492188,252.171875
393.627991,44.678207,107.471354,254.893229
394.762746,46.130132,108.666667,253.343750
396.305573,41.062378,106.270833,260.781250
397.720927,46.213013,106.270833,253.989583
397.880188,46.873520,110.010417,250.885417
401.897013,45.176707,108.460938,253.447917
402.978455,43.903534,108.296875,256.468750
405.308116,45.969589,107.968750,255.687500
407.495199,43.381042,110.348958,256.708333
411.293640,41.486155,107.401042,260.138021
412.893799,43.570847,107.804688,255.296875
415.885396,42.345067,107.148438,257.104167
415.776723,43.811549,108.833333,255.419271
417.492432,42.237406,109.166667,256.205729
419.828115,42.589406,106.270833,257.385417
421.121785,43.922852,107.476563,257.895833
420.186300,41.979075,109.666667,260.781250
422.058777,45.796631,110.265625,254.218750
422.558075,44.601466,110.518229,262.158854
422.317261,47.050568,110.757812,257.101562
424.371419,46.100733,109.937500,258.645833
422.403076,47.919342,111.500000,258.257812
422.697744,47.448176,112.549479,260.138021
421.518992,47.959981,115.807292,256.317708
420.537618,47.490077,117.028646,259.033854
428.943044,46.527634,111.666667,258.645833
427.270020,43.358810,112.234375,262.312500
425.637207,45.202560,113.710938,260.414062
424.812510,45.657608,115.934896,259.161458
425.225972,47.590968,115.833333,257.580729
423.624969,47.163930,118.734375,257.875000
421.268127,43.215790,120.281250,261.250000
424.169342,41.458694,117.000000,262.000000
418.649587,44.658361,119.645833,259.541667
416.806091,31.389175,123.187500,272.328125
419.488159,37.671519,119.945312,263.434896
415.250905,36.356822,121.216146,261.169271
410.075836,36.410787,121.570312,259.614583
407.515330,30.254354,125.666667,265.000000
400.816874,30.370026,130.270833,261.442708
404.814636,6.835876,124.000000,281.593750
406.737854,7.620407,118.710938,278.875000
406.229156,2.474574,118.541667,281.583333
406.353038,3.700755,119.026042,277.028646
407.974681,2.210617,118.380208,273.625000
407.953461,2.234451,119.125000,274.750000
408.568044,1.474035,121.666667,272.500000
411.272369,6.061493,125.843750,263.539062
414.922089,5.976944,118.218750,260.015625
415.429565,4.786011,116.171875,262.421875
419.130493,4.560104,113.859375,261.304688
419.937876,4.540858,117.901042,257.484375
422.687602,3.343129,108.091146,258.744792
420.837036,4.405090,111.500000,254.804688
421.446513,3.190725,112.041667,253.833333
421.063029,3.856829,112.041667,253.833333
421.474640,2.596451,111.000000,253.656250
422.005137,2.174449,112.380208,252.890625
420.493622,2.119759,111.250000,253.000000
419.618622,2.119759,114.750000,253.000000
420.446055,-0.147107,112.070312,254.875000
420.919515,-0.084742,115.088542,253.750000
420.844879,-0.554682,117.901042,253.994792
419.889903,-4.188426,114.333333,256.000000
422.843058,0.435364,113.057292,249.250000
415.104777,0.196780,122.588542,249.388021
423.750275,-3.997223,116.000000,256.156250
424.760640,-2.141004,116.104167,252.458333
416.993317,-1.315315,124.140625,252.484375
417.171204,-0.331276,126.062500,251.125000
420.300842,1.142578,123.484375,251.453125
427.965454,1.159592,116.171875,249.625000
418.555573,-1.092361,128.750000,251.250000
417.340637,-0.676175,129.333333,252.166667
418.408722,-1.489258,127.679688,252.523438
419.139537,-2.721835,127.320312,255.471354
418.059937,-0.524803,127.679688,256.195312
421.548391,2.803009,126.963542,254.726562
419.361694,1.046707,129.151042,255.471354
418.715729,1.815323,128.757812,256.515625
416.266357,1.524846,133.375000,258.395833
419.429830,2.436020,127.322917,257.416667
422.606974,3.147420,125.489583,259.132812
419.915690,4.069082,131.166667,257.666667
421.181183,3.300181,129.117188,260.947917
418.781850,3.541255,130.791667,262.437500
422.520416,6.730255,126.799479,263.864583
420.970001,3.398163,127.791667,269.500000
419.207845,1.988307,130.554688,269.497396
426.673615,5.312764,122.406250,272.718750
418.249542,4.477112,129.835938,275.476562
418.170654,7.472900,132.531250,275.500000
417.164551,5.118764,132.710938,277.783854
417.973969,4.897939,129.067708,281.984375
412.787231,33.143957,132.395833,254.130208
419.345581,30.444158,127.156250,260.958333
417.478444,31.608378,126.020833,260.234375
413.461558,37.960851,128.937500,256.875000
408.041412,38.210622,134.125000,259.854167
418.735850,42.620387,123.226562,259.033854
409.281158,39.596797,133.937500,263.182292
409.854879,40.350606,132.351563,261.799479
415.581523,39.997523,125.437500,263.072917
414.274506,44.476379,130.609375,256.515625
418.311971,43.366465,124.736979,261.799479
410.494873,47.225779,131.338542,257.953125
415.924927,48.738785,129.296875,255.734375
406.219747,47.438176,137.494792,255.291667
414.595062,44.665192,130.625000,260.250000
409.730479,42.011241,134.864583,261.187500
406.990936,47.193588,136.343750,256.437500
410.833801,41.403376,133.429688,262.020833
421.556305,44.857666,123.000000,260.250000
425.511698,41.668091,118.166667,264.625000
415.386576,36.291636,129.872396,269.635417
420.640218,47.044693,122.666667,259.541667
412.703186,34.615082,132.062500,270.406250
415.200745,47.246262,129.067708,257.135417
421.686890,5.163879,122.500000,302.851562
417.475108,44.143733,128.166667,261.294271
423.200918,28.019760,121.833333,276.651042
421.138733,28.951492,122.875000,276.625000
425.738892,44.479935,120.156250,258.531250
424.767629,48.423447,119.658854,258.398438
425.993378,44.582672,118.937500,259.421875
427.198792,44.128820,120.796875,258.744792
424.793091,47.926056,119.320312,255.843750
426.097778,41.772110,119.593750,261.546875
425.816010,46.670547,119.000000,257.281250
425.809448,46.836838,120.109375,257.265625
426.102692,31.863922,121.140625,272.226562
424.857747,30.634537,121.166667,271.375000
425.304250,45.741653,121.166667,256.354167
424.772797,36.789963,121.656250,266.078125
426.826477,52.949448,118.500000,248.851562
426.389069,51.353450,116.442708,249.645833
423.003021,45.114217,118.947917,256.260417
419.760956,50.393524,118.562500,252.156250
415.292857,52.544774,122.648437,249.585937
418.790944,49.686559,116.833333,250.765625
417.963999,58.050720,115.088542,243.218750
414.128774,59.980118,116.854167,239.625000
401.726003,56.864365,124.510417,241.062500
420.474121,61.484238,104.765625,237.156250
415.074636,62.226425,108.132813,233.971354
407.181285,61.096578,113.270833,230.494792
414.745585,65.272583,104.010417,228.619792
404.380737,63.466812,108.312500,229.828125
418.156565,68.020304,89.914062,186.627604
404.979838,66.958949,97.315104,149.177083
400.666290,76.793427,100.843750,133.187500
401.077759,92.975006,101.195312,129.250000
400.735036,74.669444,96.312500,219.583333
397.988393,75.369568,94.333333,137.000000
397.330078,72.281901,98.653646,146.846354
394.502197,72.295258,99.750000,150.359375
387.518280,73.163910,97.187500,144.015625
393.452799,69.847809,94.041667,162.916667
392.214966,68.847809,90.802083,157.546875
388.349264,67.369466,112.166667,159.291667
387.374461,72.276489,93.580729,148.114583
386.228760,66.099030,100.083333,161.708333
385.722168,68.963120,97.890625,162.484375
387.081421,72.280228,98.968750,222.718750
387.071004,68.625600,94.437500,172.979167
385.602275,74.241552,98.895833,167.687500
384.477966,75.479706,97.187500,163.984375
384.434428,72.733780,96.622396,172.596354
386.087250,76.000443,93.718750,170.312500
381.959086,76.885681,97.192708,218.421875
380.592224,79.129333,96.414062,222.250000
379.430481,81.148117,96.906250,218.968750
372.759796,81.257523,103.531250,222.648438
372.652649,83.173431,103.609375,221.765625
367.448212,85.597020,107.604167,218.911458
363.704407,86.166183,109.375000,216.156250
362.549011,87.511459,107.781250,212.968750
358.036855,87.002782,116.393229,217.559896
357.683258,85.504130,115.114583,219.447917
353.840302,83.835861,110.398438,221.429688
355.988678,83.302628,105.000000,218.750000
351.905202,83.264282,112.187500,223.375000
350.750183,82.219727,122.289062,224.171875
346.860514,81.715683,127.127604,223.770833
345.896535,80.665766,126.585938,223.705729
342.590912,82.692291,119.148438,222.320312
339.888367,84.565933,124.046875,220.843750
336.849050,84.269068,140.562500,220.312500
330.696645,82.046605,136.484375,221.596354
328.464935,82.919668,144.927083,220.401042
323.426270,84.540538,150.843750,218.630208
320.908539,85.354670,147.916667,217.791667
315.920288,84.918879,163.187500,217.250000
311.025136,84.072871,194.109375,214.934896
309.437266,82.213872,187.776042,215.593750
303.210388,80.517049,192.221354,217.848958
315.026326,79.053009,176.533854,215.770833
311.708496,80.251358,177.484375,210.820312
303.893656,77.367462,179.750000,215.127604
296.186595,76.935476,183.369792,214.411458
285.449046,76.860041,191.007813,215.958333
279.735748,74.576401,196.515625,214.656250
273.015625,76.400859,195.234375,214.031250
276.854401,79.300644,192.906250,209.593750
264.898102,72.149216,111.109375,215.101562
255.615509,77.431778,109.500000,210.250000
248.724670,79.818237,120.674479,209.049479
248.310455,79.584534,121.750000,204.000000
239.889018,79.620000,138.901042,205.359375
238.034200,79.662766,126.067708,205.502604
232.455658,80.494461,126.281250,205.406250
230.176900,77.118469,128.330729,209.359375
225.681091,79.221522,131.739583,208.145833
221.931600,78.880966,137.458333,209.098958
225.844818,77.324585,124.000000,209.416667
218.978587,75.667323,126.927083,211.968750
218.476166,71.576828,127.328125,217.562500
216.776428,70.968155,126.390625,218.343750
217.362712,63.941386,122.846354,224.098958
211.591949,69.057800,125.104167,219.020833
211.942708,72.039647,122.687500,215.643229
210.033295,67.211706,122.687500,224.093750
209.428182,41.118393,123.437500,250.976562
208.738342,75.419144,124.265625,218.947917
209.011261,64.111191,122.476562,230.265625
208.272349,66.383418,121.390625,229.567708
208.653402,88.626790,122.041667,206.770833
209.070801,90.221680,118.039062,207.054688
208.032379,91.818756,117.437500,208.000000
206.889598,93.973704,117.250000,209.281250
205.218801,89.330129,116.559896,214.216146
204.268463,95.363836,116.026042,209.690104
204.045105,98.411413,115.450521,208.945313
203.640778,99.475342,113.656250,210.218750
202.911163,102.459778,127.250000,207.734375
199.865509,104.682312,131.156250,206.187500
199.407837,104.562637,112.562500,208.187500
197.507660,106.247843,116.820312,209.476563
199.114614,110.389608,118.364583,206.388021
199.641220,111.669724,128.742188,205.695312
199.550222,112.401230,134.000000,206.833333
200.113770,115.039403,148.104167,204.067708
199.643555,115.490768,148.164062,204.765625
202.709625,120.465866,142.375000,202.500000
203.742493,122.770655,136.406250,200.885417
205.356689,121.144852,134.875000,201.812500
205.827850,122.669296,128.500000,200.218750
204.556966,121.041819,128.291667,201.484375
201.781921,122.512131,128.140625,198.953125
204.956431,122.272614,124.302083,197.309896
201.838348,122.221649,125.921875,201.195312
202.545868,120.246140,123.718750,203.406250
204.953023,121.406123,121.057292,203.799479
204.203603,122.122197,122.520833,204.067708
203.531382,123.641561,115.375000,202.744792
200.563263,123.114293,113.875000,201.666667
198.558746,124.893402,117.203125,202.000000
197.730377,125.732096,109.710938,201.091146
197.209595,126.654236,109.281250,202.093750
190.917618,126.810471,110.828125,202.093750
199.127477,126.056788,108.632812,202.226562
195.497152,129.599762,113.541667,198.708333
188.714905,132.068156,120.791667,195.661458
192.979065,130.191757,111.382812,198.445312
139.224716,127.500600,164.968750,201.406250
204.645493,126.649958,103.166667,200.544271
210.397247,126.504700,91.937500,199.546875
209.629349,126.163157,98.927083,196.854167
209.418757,132.371740,98.010417,189.229167
140.928502,49.607427,165.635417,273.500000
139.442744,46.669983,169.322917,275.083333
141.006231,47.622777,165.335938,273.328125
151.649928,44.589656,160.393229,275.419271
168.307159,44.793396,147.757812,272.070312
174.779053,38.006577,144.187500,276.500000
172.172887,37.958715,145.677083,271.317708
168.416234,29.420680,146.302083,275.895833
213.476858,25.707865,75.385417,113.583333
207.548726,22.398529,100.395833,278.161458
158.734202,22.217519,157.098958,247.854167
182.026718,20.762741,140.156250,279.312500
187.389389,16.214020,144.093750,281.539062
172.158844,15.156708,169.007812,279.695312
200.594716,15.155701,162.890625,274.968750
185.949972,10.498617,174.997396,275.622396
193.259430,12.457336,195.765625,271.507812
185.446859,91.112793,89.463542,194.385417
173.284134,87.603516,94.750000,194.359375
170.554921,87.141642,95.695312,194.104167
171.056778,85.757523,99.729167,196.695312
165.720876,84.240677,96.445312,196.914062
167.894857,84.639511,94.877604,195.119792
168.080622,82.296544,93.294271,194.666667
161.374191,81.571045,97.312500,195.062500
176.817225,78.484807,79.919271,196.145833
165.150564,78.971247,91.062500,193.406250
162.483805,78.459910,91.406250,192.770833
160.687103,79.656403,91.750000,192.125000
158.305389,77.379013,92.427083,193.406250
155.780197,78.372482,91.750000,192.125000
157.089218,78.608032,89.000000,190.750000
156.871302,77.827545,87.166667,190.835938
142.173370,77.759613,99.093750,189.125000
157.429433,75.842946,82.864583,190.135417
162.887884,74.003784,80.127604,191.442708
162.403697,73.827026,81.554688,191.518229
160.929123,73.850881,79.791667,190.875000
158.168610,73.280609,80.276042,188.960938
157.691661,70.894750,76.401042,191.934896
154.852158,71.463908,71.216146,191.416667
152.091873,71.002731,70.601562,190.929688
154.570811,69.987686,67.911458,190.197917
160.217244,71.982580,58.942708,135.427083
163.865479,73.643829,53.875000,190.468750
161.490601,74.682739,53.343750,128.718750
158.888840,77.856323,57.554688,135.937500
159.659724,80.163111,55.677083,134.864583
160.465749,83.066294,54.750000,130.000000
163.602997,84.321045,52.945312,133.843750
162.233414,85.441533,52.833333,126.533854
160.565791,86.056391,52.471354,130.830729
159.830195,88.497945,57.802083,128.804687
157.614817,90.027222,57.747396,140.289062
157.306737,92.061610,62.307292,139.911458
190.175415,127.849365,19.687500,98.500000
190.243301,144.994705,18.015625,82.210938
151.207947,96.731064,55.343750,130.250000
183.971191,145.056697,24.046875,87.809896
186.911540,132.835012,19.958333,97.250000
181.185008,173.239721,23.166667,62.651042
182.887853,150.263184,16.153646,82.697917
182.019135,126.128204,25.375000,112.875000
177.507431,154.819626,22.375000,74.031250
184.389369,182.332682,16.257812,61.466146
177.680252,177.258611,34.796875,70.203125
185.508743,180.398565,32.645833,69.395833
180.158356,188.664703,15.273438,46.281250
181.927002,181.020477,16.000000,61.468750
180.489120,190.015289,26.382812,53.546875
183.010361,190.958069,15.765625,48.250000
182.342962,185.661204,16.239583,47.921875
184.151840,188.934357,24.351562,47.320312
183.935140,185.059957,26.700521,52.763021
185.739527,190.297434,16.588542,49.286458
185.540965,185.535141,19.098958,44.075521
188.123642,195.726608,19.562500,35.375000
187.484395,195.559347,30.947917,43.643229
186.045166,194.827576,20.937500,46.375000
186.393763,190.861745,32.250000,34.528646
186.968796,186.317780,23.640625,43.328125
187.697113,192.515442,22.781250,29.828125
188.853714,181.710831,23.851562,47.312500
190.740723,187.900803,26.304688,42.000000
189.118835,190.978577,34.593750,40.640625
191.750748,186.946121,27.208333,45.270833
189.947098,190.002131,17.041667,46.572917
190.650035,199.519129,27.669271,34.596354
194.497192,198.318054,29.218750,38.078125
192.334819,193.858587,21.809896,39.549479
193.967229,198.405818,31.354167,32.645833
191.181544,197.199203,35.109375,31.421875
193.621938,199.382746,33.291667,34.583333
193.698039,196.371933,33.500000,47.718750
195.751119,198.508163,27.044271,45.239583
198.432999,207.056427,30.320312,42.265625
196.059036,205.646591,33.250000,45.250000
196.751134,206.839010,17.908854,48.973958
195.830241,204.482686,22.971354,44.570312
197.594233,195.161372,33.937500,52.708333
201.583430,205.648656,32.281250,36.377604
201.344691,196.068466,38.187500,50.229167
200.397863,191.975815,17.757812,59.838542
201.715490,206.774251,27.562500,41.375000
200.041295,204.821625,33.104167,41.828125
200.377335,209.841446,26.703125,38.453125
200.688263,205.477320,31.708333,41.130208
197.866582,199.281072,17.278646,56.416667
200.009689,203.177795,30.203125,39.390625
198.518061,199.016820,33.750000,49.442708
200.047440,199.987045,9.625000,53.468750
200.094838,202.128164,33.067708,47.395833
199.599548,208.101471,30.468750,46.640625
200.761968,203.862991,23.278646,45.934896
198.933273,203.149541,24.546875,34.893229
200.233098,200.113495,24.880208,37.161458
200.622935,199.174403,22.958333,53.958333
198.243861,198.222799,17.927083,47.718750
203.538523,203.619888,29.416667,42.656250
201.375656,207.674260,31.807292,39.255208
202.219218,200.095215,24.375000,50.229167
202.411433,203.733785,25.976562,41.179688
201.564423,200.364700,34.343750,50.156250
202.411285,202.490906,27.234375,66.406250
203.259562,207.694870,27.432292,43.669271
204.225067,205.022400,22.921875,37.296875
203.450734,205.546890,24.880208,35.455729
203.898356,201.345266,23.786458,37.458333
206.073222,205.691437,20.666667,32.651042
204.822154,205.168009,24.333333,31.625000
204.623423,205.006470,29.932292,34.515625
207.117966,209.973928,22.145833,32.718750
202.677155,214.106791,13.890625,20.765625
207.648921,213.015269,22.125000,20.229167
208.377731,212.059067,23.429688,21.109375
207.918477,212.332789,28.171875,22.541667
207.445847,206.401733,33.742188,24.976562
