263.000000,310.000000,37.000000,69.000000
265.245087,311.138021,39.062500,66.552083
267.426514,308.136536,36.593750,67.476562
271.814606,305.466034,32.453125,67.000000
274.087036,300.999959,29.395833,64.645833
275.597015,297.275787,26.958333,66.359375
277.035858,295.581238,23.445312,67.455729
278.865173,296.115804,20.705729,66.406250
278.544556,294.360657,18.531250,67.539062
277.992483,294.733236,18.369792,65.947917
270.392802,294.303070,24.890625,66.880208
265.349416,294.601349,29.895833,67.916667
266.894775,295.354309,28.890625,66.343750
262.545614,293.052734,34.541667,66.825521
261.725505,292.462016,35.768229,65.695312
260.589661,292.496714,37.156250,65.432292
258.242920,291.384521,38.296875,65.421875
257.611023,289.874207,38.260417,66.843750
256.271006,288.462779,38.875000,67.807292
259.092896,290.047862,37.302083,67.197917
257.061991,289.357574,34.333333,67.145833
258.946686,287.790344,29.000000,67.500000
258.248108,287.696198,24.351562,67.242188
258.071899,286.308563,21.843750,67.609375
253.150665,284.492554,25.492188,68.031250
253.570272,285.362406,19.588542,68.005208
251.235097,285.775513,20.750000,68.067708
251.310801,282.314392,21.841146,70.601562
228.622782,282.979075,45.156250,68.869792
237.602427,282.232697,36.875000,71.041667
240.740468,283.279734,33.888021,76.236979
238.359985,299.976908,36.351562,59.447917
240.261556,281.589366,33.583333,77.187500
236.635132,283.523763,51.763021,74.380208
237.660919,281.268911,48.578125,76.596354
237.572693,280.365662,24.296875,64.234375
238.128311,279.502065,28.354167,65.177083
238.952423,279.510956,26.000000,65.500000
236.377563,278.206879,26.257812,66.289062
238.196721,276.570516,22.625000,66.325521
237.127365,277.775269,19.906250,52.562500
236.779277,278.164795,18.580729,66.416667
236.899236,277.862905,20.013021,66.963542
236.209259,277.176687,22.671875,65.635417
237.177622,278.953969,22.627604,46.221354
233.724538,278.771973,26.322917,65.424479
242.265060,310.089559,17.908854,33.244792
232.411001,306.327423,29.674479,36.377604
230.016500,306.842896,32.875000,35.354167
224.418945,318.796143,27.812500,42.593750
226.464503,318.851176,24.552083,43.947917
228.512853,317.769745,24.812500,45.979167
229.420944,318.184224,35.869792,45.687500
232.802551,317.200979,21.692708,45.596354
235.619507,315.969248,29.437500,45.687500
239.081828,322.702189,24.375000,38.895833
240.914052,315.480815,23.343750,44.671875
243.255407,319.359385,22.166667,43.002604
241.965123,315.553599,25.463542,46.114583
243.107351,325.473419,24.666667,38.000000
240.347646,326.105296,29.276042,34.994792
240.295868,311.640289,30.687500,47.875000
234.952118,309.475769,38.406250,51.859375
250.471649,316.940704,25.062500,44.312500
245.570241,317.253784,31.598958,46.247396
247.723022,318.537262,27.468750,43.625000
245.983571,318.554871,29.320312,46.572917
236.115804,312.955770,40.914062,53.195312
265.483734,324.911743,13.218750,39.093750
267.649770,321.357941,14.304688,43.984375
267.019582,326.142568,17.276042,39.085938
270.110270,329.368744,12.062500,33.265625
270.082438,318.907705,15.583333,45.333333
273.336304,332.769063,12.424479,30.257812
273.732330,325.943604,13.484375,35.531250
274.858521,324.691193,15.000000,38.000000
276.903046,326.965759,16.000000,40.000000
278.616079,325.559825,14.151042,37.296875
278.018127,330.111298,17.000000,34.250000
278.206980,320.262980,16.661458,46.216146
281.242371,330.888306,12.687500,33.406250
281.523112,334.109141,14.135417,33.080729
281.854248,334.871389,15.854167,34.541667
283.562785,330.882823,16.911458,41.145833
285.070496,326.210541,14.921875,44.570312
286.625061,336.623820,14.940104,34.929688
288.426086,337.317200,13.500000,34.000000
289.600098,339.514191,16.166667,36.783854
292.097443,338.890076,15.250000,34.500000
294.449910,337.762329,16.093750,34.781250
296.584595,340.836761,14.854167,30.934896
297.727234,341.402405,16.234375,33.109375
301.310913,327.256063,16.812500,47.718750
303.579132,344.068512,17.000000,33.250000
306.114532,339.118195,14.111979,36.130208
309.998454,347.038320,13.559896,27.541667
313.395121,346.828410,16.005208,34.593750
316.785502,344.652079,17.114583,36.546875
318.849141,344.543559,17.080729,36.130208
322.538208,346.217438,17.242188,36.578125
325.313202,349.810130,17.570312,33.877604
330.396718,354.825358,16.408854,29.291667
333.244049,354.160797,16.572917,31.427083
334.728943,353.467092,17.531250,32.145833
338.774556,353.375966,16.585938,33.903646
341.229858,350.242930,16.833333,36.625000
343.357147,352.749817,17.242188,35.289062
344.272705,354.444590,21.416667,34.432292
348.051117,341.516541,17.203125,46.421875
351.672902,340.014598,18.833333,48.648438
341.545359,354.592346,29.544271,34.841146
334.405029,344.764903,40.333333,44.328125
340.120575,347.976359,38.135417,40.395833
346.639984,345.834951,33.067708,42.619792
352.554169,346.465169,28.114583,43.098958
355.722605,345.515920,28.872396,46.609375
365.419128,345.211639,21.390625,45.934896
373.102966,344.549103,18.250000,47.359375
374.784882,354.334005,20.445312,38.526042
376.553589,342.393789,22.809896,47.549479
377.776337,342.347961,27.333333,45.333333
379.231537,342.270996,32.640625,47.054688
382.229065,343.159363,35.515625,48.000000
382.464376,352.456309,38.770833,37.614583
384.930054,345.243958,39.671875,47.484375
386.659831,352.821889,41.067708,39.023438
390.789124,334.929108,39.921875,55.656250
400.053772,322.331217,31.877604,67.539062
416.592885,324.939392,21.625000,68.833333
404.476349,324.928009,35.356771,68.843750
418.480448,325.210459,26.976562,68.447917
424.751780,325.610118,25.208333,67.572917
429.138702,333.057617,20.828125,61.328125
434.276052,326.800944,21.453125,68.776042
438.550812,329.338348,25.773438,67.848958
441.277893,328.866272,27.085938,70.148438
443.330485,330.173635,31.442708,71.888021
446.753825,330.908529,32.901042,71.638021
448.064901,334.292389,32.625000,70.000000
450.394602,342.373708,29.697917,58.395833
453.952616,341.174571,25.981771,59.919271
456.121938,335.773641,23.843750,65.052083
453.757640,333.278819,26.044271,51.513021
455.205678,333.622518,24.411458,47.015625
462.341522,332.652863,17.460938,47.320312
427.208232,356.005727,17.041667,46.937500
428.695984,357.852956,15.893229,42.216146
428.163849,367.649780,17.734375,34.140625
428.283722,370.460419,18.500000,31.625000
430.217987,367.690063,18.218750,34.843750
430.395081,369.443146,18.437500,35.875000
432.190104,372.694326,17.630208,31.309896
435.040690,370.801707,18.354167,33.411458
437.009430,372.127319,15.437500,28.843750
438.119456,369.967173,17.645833,36.005208
439.759257,367.689463,18.098958,36.984375
442.021067,367.339661,16.289062,33.455729
445.056834,369.727875,17.843750,34.432292
446.494568,368.366241,18.273438,37.867188
449.792308,356.404266,17.791667,48.125000
450.809509,373.472107,18.315104,33.643229
454.013733,361.948222,18.062500,42.708333
456.805766,368.268331,18.598958,35.630208
459.009481,356.097727,18.703125,48.744792
461.944712,355.873423,18.031250,51.242188
464.735382,356.672699,15.843750,48.796875
451.275686,366.106232,29.583333,40.083333
452.160278,363.274811,28.117188,39.085938
446.922119,340.113495,33.671875,49.687500
452.096527,341.199280,27.539062,48.703125
457.140310,341.687297,23.666667,47.750000
462.853007,342.208801,18.000000,45.979167
467.282928,356.789225,13.750000,37.125000
468.164429,365.202301,12.666667,18.000000
455.071035,365.875387,22.333333,5.000000
464.112122,367.552399,16.666667,27.333333
448.001587,324.195648,23.376570,43.594143
455.121257,335.558899,24.666667,23.000000
461.389537,338.946849,19.000000,17.333333
462.012065,336.585541,18.666667,18.666667
448.994558,333.800903,30.333333,25.666667
452.152089,331.733500,20.333333,10.666667
463.794067,279.770172,15.666667,23.666667
463.728516,264.588491,13.072917,35.312500
464.558512,271.074107,12.479167,30.302083
466.020528,261.821025,12.744792,41.104167
469.289948,240.757812,11.664062,58.148438
469.807292,270.329844,11.192708,33.723958
469.118490,271.209544,11.718750,32.135417
473.783325,271.065002,6.570312,28.125000
467.467560,277.623322,12.687500,21.395833
459.518829,290.100006,21.781250,15.218750
461.323212,292.911753,19.750000,12.875000
461.354065,293.249613,19.010417,12.083333
460.709747,296.355072,17.687500,10.750000
462.986003,296.376007,16.229167,10.385417
463.001556,295.784037,17.250000,14.203125
464.819733,298.520091,15.692708,10.364583
462.764018,298.666168,18.515625,11.140625
467.888702,300.125804,13.250000,9.895833
466.233856,300.162923,14.270833,10.770833
469.172109,300.457265,12.812500,11.937500
468.247294,303.098633,13.250000,10.479167
464.810710,303.872060,16.458333,10.770833
468.059814,304.295563,14.033854,9.450521
458.535878,304.896525,21.481771,17.184896
460.784597,304.623088,20.484375,9.609375
463.483734,306.402008,17.179688,10.500000
464.071777,301.209808,17.614583,15.466146
464.849131,309.657715,15.046875,7.192708
466.941030,304.952738,13.385417,14.744792
465.338755,305.547414,15.466146,13.747396
465.064219,305.568532,16.255208,15.348958
467.694702,305.763011,16.250000,14.502604
467.515004,306.875285,15.046875,13.536458
470.042053,307.241709,12.375000,10.770833
466.550374,289.305959,12.229167,25.208333
464.409658,288.878937,15.903646,26.351562
465.557353,286.488169,14.562500,26.187500
461.465047,286.267069,18.773438,26.729167
465.040029,274.503693,15.875000,31.989583
465.868042,276.068756,15.250000,31.937500
466.483185,278.593842,13.890625,31.859375
468.169220,277.098389,11.937500,32.445312
471.449137,278.930949,8.611979,34.739583
472.691711,278.366119,8.226562,32.250000
473.649913,285.369812,6.361979,19.674479
474.880676,287.786631,5.252604,13.388021
474.978973,289.533997,5.437500,14.312500
473.678925,286.856130,8.026042,15.791667
470.362701,294.968180,9.505208,16.531250
472.710948,296.246226,7.552083,13.218750
467.430288,296.852386,11.979167,13.218750
472.487417,299.337931,7.906250,11.802083
470.574666,303.827881,10.031250,15.343750
471.419098,300.348999,8.786458,20.804688
471.632823,302.057159,8.942708,15.773438
470.140869,298.554810,10.213542,15.953125
471.977315,296.281291,8.304688,18.044271
469.900330,284.888245,10.000000,18.648647
472.275716,295.487101,6.872396,6.442708
467.805603,283.615021,10.000000,18.648647
473.271189,293.225708,3.578125,4.580729
472.749369,283.887990,6.872396,13.460938
474.645874,285.955902,5.440104,7.302083
471.769084,286.562642,8.304688,6.872396
469.618795,284.302470,8.734375,11.598958
472.908966,288.835653,7.875000,12.888021
470.022827,282.691711,10.000000,18.648647
471.942098,282.306793,8.877604,15.036458
472.520976,278.485616,7.445312,10.596354
473.785756,279.128957,6.729167,6.013021
475.492523,282.352834,3.005208,3.721354
473.407705,277.960398,7.015625,9.736979
471.581482,280.179230,7.302083,12.171875
473.357534,284.563192,7.158854,6.729167
472.856222,277.795461,6.585938,11.885417
472.578684,285.125407,7.731771,9.020833
472.402273,283.467539,6.729167,11.026042
471.594798,278.764933,6.442708,9.593750
475.071960,283.104116,4.007812,5.869792
472.755086,282.549632,6.299479,8.877604
473.980509,289.375468,5.440104,4.867188
471.763062,285.664571,8.161458,10.882812
472.856242,287.866526,6.729167,10.739583
472.241038,287.385681,8.304688,8.734375
472.129924,287.545522,8.447917,13.031250
473.021393,292.478912,7.445312,9.593750
471.196950,294.150838,8.734375,8.018229
470.735708,292.798828,9.880208,12.458333
469.922740,291.366536,10.023438,9.736979
472.339986,292.535533,9.307292,11.885417
470.460032,293.951884,9.020833,16.898438
468.592448,294.328776,9.736979,5.583333
472.279907,293.067200,7.731771,9.880208
471.807638,293.106812,8.304688,12.171875
472.644918,295.998149,7.015625,8.734375
471.443471,299.105998,8.734375,6.585938
472.585307,296.684326,7.015625,8.447917
471.693705,304.344320,8.591146,3.005208
469.814514,301.804616,10.453125,11.026042
471.868093,304.026530,7.302083,8.304688
471.791229,303.334900,8.877604,7.302083
471.981445,302.162760,8.447917,7.015625
471.434367,301.530263,8.018229,12.601562
471.231517,303.552704,8.734375,13.317708
473.412516,303.931844,4.437500,5.010417
472.632751,297.268931,8.161458,10.596354
460.617696,302.486287,15.895833,10.309896
473.406677,296.917196,7.588542,5.583333
464.604248,295.204844,15.609375,13.890625
465.336517,292.428802,15.695312,17.031250
465.568817,291.926208,14.437500,16.781250
464.828359,295.420166,15.531250,12.786458
467.499847,292.943919,12.984375,12.984375
467.350474,293.171295,12.812500,10.770833
465.461924,294.748749,17.041667,8.875000
467.944092,294.596425,14.606771,10.309896
468.953878,294.294352,13.031250,14.033854
466.742544,297.012349,15.895833,14.463542
472.985291,297.098490,8.098958,16.708333
475.485138,301.038462,7.158854,14.463542
466.385844,311.762136,15.752604,9.593750
467.921549,312.922363,12.171875,12.601562
463.971395,317.978048,16.611979,13.317708
465.380259,320.505188,14.744792,11.723958
462.671265,320.259491,19.333333,12.028646
471.845866,320.442902,8.703125,12.177083
472.253550,320.679993,9.156250,13.083333
470.935120,324.805461,8.552083,12.328125
470.292053,334.223012,9.458333,4.927083
472.915202,333.316294,5.078125,5.833333
469.806569,332.573364,9.307292,7.192708
470.708425,335.677165,10.364583,6.135417
467.781514,333.373606,12.630208,6.739583
469.348195,335.749308,11.270833,4.927083
470.940460,333.909170,9.156250,6.135417
470.789174,335.996552,9.005208,5.380208
472.000712,335.283885,11.119792,6.739583
467.564880,327.830770,14.140625,12.177083
469.457336,334.768392,11.455729,7.731771
466.642314,329.219920,16.325521,10.166667
468.104624,329.226837,14.893229,10.023438
466.878418,328.540578,15.609375,9.020833
465.430369,326.389882,15.179688,9.020833
467.735789,330.087280,13.890625,6.013021
466.160258,329.505117,14.320312,6.872396
468.260885,329.870982,11.885417,7.015625
471.193024,330.033030,9.736979,5.726562
469.346436,325.128398,11.455729,11.455729
472.579224,328.590597,8.734375,8.161458
465.873332,320.552246,14.320312,11.885417
472.976756,329.687805,8.161458,4.723958
471.713094,328.938100,9.450521,6.299479
471.629354,323.226735,8.161458,8.877604
469.724945,322.384572,10.882812,8.304688
472.389282,324.777201,8.161458,12.028646
471.240377,331.902089,9.450521,12.601562
465.509552,343.714467,12.601562,5.583333
468.609141,336.727854,11.742188,12.601562
471.496226,330.338409,8.161458,15.179688
470.763255,334.780955,9.593750,12.171875
467.302826,334.816091,12.601562,17.328125
469.476186,338.706390,10.364583,14.895833
472.138000,332.659831,7.875000,8.734375
464.649302,331.956777,11.455729,8.161458
466.711497,321.450928,13.747396,17.184896
465.089101,334.771840,14.744792,7.796875
467.924388,324.764648,12.781250,17.463542
464.821045,337.032369,10.479167,4.937500
467.453440,333.850118,13.250000,9.020833
469.683584,336.681844,9.604167,11.354167
467.364868,337.608917,12.958333,10.770833
469.962067,339.327057,9.164062,10.882812
465.873688,342.829447,14.606771,10.309896
467.061157,344.224691,12.888021,10.453125
466.746287,347.697957,11.312500,8.447917
466.929311,345.887899,13.031250,11.885417
465.722931,339.977783,14.033854,16.898438
462.793467,338.902395,17.161458,18.218750
465.092133,337.431020,15.296875,18.156250
466.103292,339.717946,14.333333,18.500000
464.690521,340.615967,17.328125,18.531250
464.353424,342.122192,15.343750,18.885417
464.117320,339.910177,13.562500,18.447917
463.852692,344.315867,16.333333,14.500000
469.898315,344.812978,8.942708,12.914062
462.594940,344.079173,17.679688,17.997396
465.687073,352.632792,11.833333,10.000000
471.127686,354.393188,9.666667,10.833333
467.667308,353.865540,13.833333,11.000000
467.050913,355.919037,16.408854,8.307292
463.083639,353.612386,19.427083,12.781250
463.834076,357.227600,18.968750,11.312500
462.420013,360.738617,19.554688,10.796875
461.879567,367.049530,20.786458,9.609375
464.420715,372.710114,18.664062,9.460938
464.908630,376.148102,17.328125,6.729167
465.745585,379.778707,17.471354,7.302083
465.677979,380.216380,16.325521,6.729167
466.706746,379.298096,17.328125,8.018229
465.474223,379.377960,17.614583,11.169271
462.922689,380.640218,20.622396,11.455729
461.194153,380.344014,20.484375,10.062500
462.689087,382.096161,18.812500,10.796875
466.924418,381.883799,15.752604,11.455729
468.389516,385.046834,13.174479,10.166667
468.241292,388.524953,14.893229,11.026042
470.323710,393.101013,10.882812,9.164062
467.221191,391.950155,14.320312,11.742188
466.454020,391.418671,16.039062,11.169271
467.673014,392.407135,15.179688,11.598958
468.825928,395.793793,12.744792,11.312500
467.881734,397.951813,13.460938,11.742188
466.518962,397.124756,15.895833,13.604167
465.517456,400.453583,16.289062,11.093750
467.496531,402.449544,13.460938,11.598958
470.957408,403.315287,11.598958,13.174479
467.315460,405.319977,15.895833,12.171875
470.703369,406.793488,11.885417,13.604167
466.002736,407.202504,17.041667,15.322917
472.170858,409.235158,11.119792,13.536458
470.346151,412.392771,11.885417,10.453125
467.785797,410.481486,14.463542,12.888021
468.466125,412.612467,14.463542,11.742188
467.238505,413.307078,15.609375,12.458333
459.652232,414.345957,23.604167,10.916667
463.214803,412.664215,19.276042,10.364583
466.138763,412.634633,16.611979,6.299479
467.769592,410.426737,13.747396,7.302083
465.740285,412.293905,15.036458,7.158854
469.901978,411.819956,11.455729,6.872396
467.314677,406.793762,13.174479,8.734375
470.994883,393.516388,9.736979,17.757812
468.171122,391.728180,11.885417,15.322917
469.030436,388.329244,11.169271,16.468750
465.193492,384.395060,15.179688,14.177083
465.804189,384.085185,13.838542,15.651042
470.961639,388.820048,8.875000,9.166667
469.813578,388.991597,10.187500,5.083333
465.233022,375.870758,13.395833,15.583333
464.997630,378.581055,14.320312,13.890625
468.514516,378.688792,12.812500,13.687500
471.567505,375.882161,8.018229,17.757812
467.912201,384.347941,10.739583,8.591146
464.602692,389.833364,13.031250,3.721354
471.148722,382.401764,7.588542,13.031250
471.152730,384.027700,4.723958,10.309896
468.156911,376.841034,12.315104,19.763021
463.814626,376.525736,17.161458,17.916667
467.850769,389.368612,11.007812,5.289062
464.934662,376.135752,13.072917,17.838542
472.156464,377.612539,7.513021,13.867188
469.607656,374.183563,9.419271,16.567708
469.784373,374.618937,9.156250,14.593750
468.747823,384.658539,8.591146,4.580729
472.003255,380.733439,7.875000,10.309896
470.365519,374.449046,9.880208,15.752604
473.198110,384.333832,5.010417,4.580729
471.188883,375.745321,7.302083,10.739583
470.745066,377.861949,9.593750,14.606771
471.111399,377.584290,9.450521,14.893229
465.709859,375.555044,11.885417,9.736979
467.347748,378.848083,12.458333,11.026042
468.201508,376.895681,14.750000,12.315104
465.487142,376.626383,15.179688,11.742188
468.112681,377.429596,12.171875,11.312500
469.293996,378.672607,8.591146,8.591146
466.365651,380.588277,13.747396,9.736979
470.394226,378.355784,10.023438,14.033854
465.145711,377.447032,17.757812,15.036458
463.871155,380.662059,18.218750,10.968750
464.334330,379.931224,19.375000,13.395833
464.397878,380.263397,19.744792,12.984375
460.868591,379.600708,21.989583,11.333333
464.381592,379.185191,17.468750,12.302083
460.227966,381.185659,20.359375,10.833333
463.457642,380.736450,18.031250,10.062500
464.787567,380.438568,16.140625,9.460938
464.508453,379.814992,17.614583,10.739583
467.130330,380.978963,15.895833,9.880208
466.791097,379.954488,15.179688,9.307292
463.881307,379.636017,17.757812,11.598958
465.507172,381.159922,16.611979,11.026042
467.336721,377.653178,17.184896,10.453125
463.718384,375.825185,18.473958,11.455729
466.511658,354.728882,15.046875,30.755208
468.204681,354.039378,13.708333,31.500000
467.874502,354.725606,17.000000,31.000000
468.254862,353.043640,14.085938,32.406250
469.710266,358.674957,14.854167,19.593750
464.500010,350.945424,17.575521,25.427083
465.333893,362.461110,14.854167,12.848958
468.898743,360.760803,11.656250,25.062500
464.748372,358.884562,15.343750,15.343750
465.400930,353.168121,15.726562,24.020833
465.637319,364.960042,17.645833,12.510417
467.080241,359.993286,14.203125,17.080729
470.712484,360.025452,10.526042,19.567708
467.631602,361.923869,13.291667,18.515625
465.203562,366.858175,15.296875,12.914062
471.168701,368.776204,9.005208,10.515625
471.720276,363.395315,9.307292,16.859375
466.099060,354.658539,12.666667,22.875000
463.647339,354.912659,15.802083,16.104167
463.014750,367.544810,16.091146,12.596354
461.039551,352.664480,17.916667,20.182292
461.368490,356.360535,19.109375,21.809896
469.422882,369.199524,9.833333,14.166667
470.806417,364.856049,9.578125,18.632812
470.382416,365.920868,8.401042,16.255208
465.309408,374.008840,13.747396,10.882812
471.759257,362.480184,8.734375,17.757812
471.527486,360.630829,8.447917,15.466146
462.070485,353.276866,17.328125,21.911458
464.672974,352.981832,15.651042,19.729167
464.087311,355.415588,14.820312,19.268229
462.086711,359.116872,17.166667,19.333333
464.135183,357.504506,14.260417,19.145833
464.503540,357.814667,15.437500,18.531250
465.358398,361.266937,14.453125,19.703125
467.080505,363.120331,10.843750,20.523438
470.582214,369.358704,10.062500,14.125000
465.169373,368.741089,15.843750,21.937500
464.349274,367.941101,14.781250,18.226562
464.033539,365.204437,15.609375,22.312500
465.443634,369.300140,12.679688,16.992188
464.133911,363.488739,15.265625,20.765625
463.834330,370.004028,14.989583,15.697917
464.309275,367.848460,15.166667,24.333333
464.383077,370.309377,12.864583,21.187500
464.206838,368.828776,14.783854,22.635417
465.156687,366.720601,14.307292,23.239583
464.131856,367.904724,15.606771,22.817708
465.122050,368.436228,14.682292,20.656250
465.279165,369.227071,14.497396,23.557292
464.984202,368.734517,14.682292,22.197917
465.900716,367.864105,13.031250,19.229167
466.599874,368.374491,14.085938,18.447917
464.040487,376.523560,16.000000,10.500000
464.051086,372.148102,13.549479,9.895833
466.059611,361.861979,13.687500,17.916667
470.698079,365.341644,9.419271,18.156250
466.362712,366.839895,13.385417,21.088542
465.374308,368.991353,14.979167,21.492188
465.169098,375.972829,14.000000,13.333333
461.892883,369.909546,17.044271,15.932292
471.095337,371.774658,7.666667,15.000000
462.890686,371.704976,15.500000,18.833333
465.282786,371.863332,14.609375,18.971354
464.564046,374.836355,13.666667,11.333333
472.755615,374.493042,7.250000,17.718750
468.303802,376.537506,10.843750,12.718750
471.449982,367.635132,8.187500,20.218750
464.508240,378.233978,15.250000,13.023438
473.154551,378.485463,8.291667,15.145833
464.770315,378.796407,12.666667,11.062500
465.546254,371.469055,13.687500,13.541667
464.938416,368.795115,15.752604,12.744792
467.014201,371.036682,13.460938,13.174479
471.988180,368.581533,8.161458,10.166667
472.200938,364.671132,7.015625,19.906250
466.117035,368.077789,14.320312,10.023438
466.069529,366.002543,14.033854,13.460938
464.709401,372.386495,14.320312,11.598958
471.377584,377.659454,5.296875,5.440104
469.423289,365.802338,10.453125,17.328125
471.315582,367.938395,8.591146,15.466146
464.910166,369.596578,14.320312,15.609375
464.622548,366.565348,15.651042,14.744792
464.142517,364.215953,16.057292,19.898438
469.856862,368.598623,9.234375,13.755208
465.221903,362.469564,14.078125,19.729167
465.202433,365.367849,15.049479,15.895833
464.494812,368.811879,16.177083,14.562500
466.277110,368.957316,12.755208,16.885417
461.686086,373.748454,9.458333,10.968750
465.650655,371.128743,12.328125,14.442708
464.734833,368.728251,15.752604,14.463542
464.569600,371.718231,13.687500,12.958333
465.496592,370.932332,14.750000,12.601562
465.395915,375.043701,14.320312,12.315104
464.275635,372.873342,16.039062,14.750000
465.763011,368.864299,13.989583,18.671875
464.259277,377.065125,14.593750,11.468750
467.514252,368.858978,12.281250,20.296875
471.791046,372.772186,8.031250,16.937500
471.807037,376.163269,7.085938,17.328125
469.530334,375.588104,9.757812,18.515625
472.351603,376.207682,7.588542,13.747396
472.027781,375.751678,7.875000,17.041667
465.675415,376.510579,14.606771,20.049479
464.161540,373.982971,15.651042,17.463542
464.650208,369.862345,14.343750,19.744792
465.214569,372.530355,14.500000,15.666667
465.071706,369.799896,14.979167,17.679688
464.008484,373.436401,13.666667,15.000000
464.989014,370.223480,14.593750,15.843750
470.190125,373.643860,7.875000,13.031250
464.696869,367.601471,14.593750,17.875000
468.409393,371.188324,9.695312,11.828125
462.710876,369.939758,16.421875,14.781250
466.649048,363.387329,12.562500,20.531250
470.085083,364.809387,11.335938,19.210938
465.709015,368.738617,13.500000,17.093750
470.778544,362.143341,6.838542,19.591146
467.665660,364.244019,12.375000,13.979167
468.344961,361.770925,11.885417,15.179688
472.633443,367.056091,7.875000,13.317708
467.483012,365.380208,12.171875,18.330729
467.101318,369.099365,11.984375,11.835938
466.070872,375.434601,13.031250,6.156250
464.530233,369.151306,14.606771,12.888021
466.037699,369.180328,12.744792,14.606771
464.341726,369.226532,14.320312,14.893229
464.523122,369.329224,15.197917,13.385417
464.618540,368.974894,13.833333,16.604167
466.725291,367.391886,13.752604,15.289062
464.291372,365.771495,14.213542,16.825521
471.249349,364.885152,9.156250,18.822917
464.884979,370.436066,13.174479,14.893229
465.099406,365.457937,15.291667,18.208333
472.308736,368.638275,7.343750,13.536458
466.138824,368.165385,11.875000,12.781250
466.979289,375.288228,9.736979,10.739583
465.450734,369.597656,14.463542,11.885417
472.266978,368.212667,8.304688,16.039062
467.257558,360.522970,13.031250,17.757812
465.531789,369.960347,14.744792,14.442708
463.776388,368.331451,15.000000,19.812500
464.508484,369.728719,15.135417,15.903646
464.662476,373.628896,13.916667,15.854167
464.599518,368.899719,15.687500,16.000000
464.068420,373.119049,15.765625,14.453125
464.353851,377.621429,15.531250,13.968750
464.856537,373.228699,14.507812,20.593750
463.763702,370.647797,15.687500,22.718750
465.220428,373.415405,13.304688,18.882812
467.431356,375.625926,12.000000,19.000000
462.556000,377.125092,15.218750,16.156250
464.357758,374.541840,13.755208,19.567708
464.766418,384.580078,14.781250,9.531250
464.359558,384.607056,15.375000,11.781250
469.707184,380.001678,10.203125,15.101562
472.419200,377.240224,8.877604,11.312500
466.826497,379.640686,11.742188,14.893229
471.313405,380.689229,9.164062,12.458333
465.276235,376.994832,15.322917,15.322917
471.351044,378.068573,7.494792,16.859375
464.749349,376.883545,14.140625,12.479167
464.562246,378.927531,14.463542,11.455729
468.551615,372.491526,9.593750,9.593750
465.636383,370.065531,14.033854,15.895833
471.938110,366.804718,8.867188,16.437500
472.027812,363.807251,7.588542,14.750000
467.948608,362.127106,10.739583,14.606771
466.358775,358.031993,12.171875,13.031250
470.486471,347.966075,9.164062,23.916667
465.975810,353.670868,13.838542,15.802083
472.411774,353.179606,7.445312,17.757812
465.462535,356.551107,14.893229,16.611979
466.503306,362.669423,13.838542,13.385417
465.207336,364.234182,13.604167,11.455729
470.030070,361.671468,9.450521,16.468750
465.786296,361.857361,14.033854,17.614583
469.783813,360.177643,7.828125,17.921875
464.046132,360.074341,14.463542,17.901042
470.859222,361.670756,9.458333,16.255208
465.286774,364.617869,14.750000,18.473958
464.331624,368.219248,14.895833,11.572917
464.419017,359.645091,16.182292,20.908854
465.358683,368.373169,13.838542,14.140625
467.350057,368.471995,13.031250,14.463542
466.153158,367.654144,11.742188,16.755208
463.111145,370.822021,14.656250,15.695312
471.171326,369.906281,8.125000,15.250000
469.897858,372.590790,8.718750,13.765625
464.465057,370.640839,14.359375,17.031250
460.289703,368.966217,19.125000,20.687500
461.570953,369.948090,17.734375,19.375000
462.596893,368.899017,17.328125,26.781250
463.008179,368.058258,13.937500,17.351562
465.502492,361.125234,15.049479,20.296875
463.092255,362.584076,15.375000,18.250000
465.553660,358.322652,15.132812,22.111979
464.912791,355.198486,15.307292,21.414062
460.788259,352.276530,19.411458,19.958333
464.589905,345.627940,16.031250,26.822917
464.360972,345.390340,16.440104,25.664062
468.706024,337.791992,13.656250,33.273438
467.361755,350.360748,12.390625,18.085938
463.147491,333.835907,17.625000,36.875000
459.417450,329.677541,20.937500,40.875000
464.561584,342.582367,15.773438,21.828125
463.728882,334.109751,15.437500,30.104167
453.428131,335.228516,26.148438,32.265625
460.465413,338.876587,17.351562,32.992188
439.882202,342.032410,27.250000,42.500000
432.386922,355.747080,27.822917,30.427083
426.536499,345.092438,26.976562,38.460938
434.040619,354.120422,17.187500,22.101562
417.962402,342.532288,26.976562,36.273438
414.396759,343.829814,26.494792,30.791667
413.976654,344.168762,9.960938,29.906250
412.710724,345.558706,15.354167,28.604167
416.859283,346.433889,26.776042,29.406250
433.184031,336.763438,15.078125,32.192708
427.427144,334.935262,26.781250,37.718750
431.020996,343.074829,25.882812,30.531250
435.281596,339.646637,21.437500,36.197917
453.227936,338.967072,15.062500,31.937500
445.562164,338.914856,28.359375,40.966146
448.527954,337.869202,29.406250,40.093750
450.843953,344.069539,29.250000,34.841146
457.100698,336.299235,23.312500,43.145833
458.126851,333.656972,21.020833,46.208333
462.427734,321.312744,18.062500,57.671875
464.912689,332.404551,14.549479,46.690104
468.304291,327.705739,12.380208,48.916667
470.781057,341.012736,9.515625,35.062500
463.294800,351.935638,18.062500,24.562500
465.178955,360.870158,15.546875,14.015625
462.577566,352.688100,15.687500,23.765625
456.297485,359.823486,23.250000,19.078125
463.576172,365.452759,12.156250,20.031250
458.304891,364.401337,20.791667,21.208333
470.573619,363.791555,7.484375,20.885417
464.205434,361.795797,15.401042,26.304688
471.426534,367.973979,8.083333,18.500000
464.068868,369.548472,16.833333,19.010417
456.267883,372.683258,24.062500,15.625000
463.028412,372.843414,14.085938,15.062500
460.983632,376.750570,17.455729,11.169271
463.867462,375.233317,15.875000,15.697917
463.610942,375.087789,16.666667,14.166667
464.726430,364.639130,14.820312,18.315104
464.443939,371.985657,15.273438,10.187500
463.830994,367.012665,13.812500,14.437500
465.134460,362.179321,14.359375,16.734375
466.186859,365.349518,13.890625,14.033854
464.499186,368.726267,12.601562,11.742188
470.028687,368.130575,8.304688,9.450521
464.097331,366.078196,14.320312,13.890625
466.689758,367.782593,12.171875,12.601562
472.123108,371.854095,8.304688,15.179688
463.821045,370.911112,13.031250,10.882812
464.658885,372.793640,10.596354,11.885417
467.796143,371.343801,12.028646,16.611979
466.916992,366.158315,12.666667,12.229167
471.080037,359.714803,8.591146,16.468750
466.198893,368.361928,13.747396,9.164062
468.334330,363.396210,12.315104,13.890625
471.085205,366.008443,7.158854,15.609375
468.061025,372.213979,11.455729,14.463542
470.651388,378.230062,7.875000,11.885417
470.124888,369.235514,7.158854,8.591146
464.733032,376.699697,14.606771,9.307292
467.724569,385.478109,11.312500,9.307292
470.811228,394.657450,9.307292,10.739583
465.764923,393.072835,13.031250,14.893229
466.929840,399.889506,9.164062,12.888021
464.435170,404.810313,12.601562,13.890625
463.745433,406.634674,12.171875,12.028646
466.815379,409.569743,11.742188,14.177083
466.541921,410.259267,11.742188,11.455729
466.007884,407.730011,12.458333,13.604167
466.584503,403.803345,11.742188,13.747396
472.316518,413.856018,5.726562,11.026042
464.827738,408.470540,13.460938,14.463542
471.852315,411.094472,8.304688,11.026042
470.674947,405.083547,10.309896,14.033854
468.636617,404.559204,10.596354,16.898438
465.449829,407.849294,11.026042,10.882812
463.710052,410.372915,14.463542,17.184896
463.493195,413.719076,14.442708,12.177083
467.450053,413.362000,12.028646,14.177083
460.219340,418.819590,16.898438,11.312500
463.421275,416.873271,16.611979,15.036458
466.470998,417.053548,11.421875,9.156250
467.604736,411.111969,12.026042,16.104167
465.454549,418.216675,11.312500,10.882812
466.814514,419.091583,11.742188,13.317708
465.114237,419.152781,13.317708,14.320312
466.719818,419.329915,13.890625,10.309896
464.180359,410.630798,13.604167,14.033854
461.381256,410.068024,16.325521,15.609375
459.348470,404.851298,15.651042,18.822917
463.689453,416.484528,16.885417,11.007812
471.815308,411.032471,8.250000,14.744792
464.801198,413.593567,13.838542,20.031250
464.328705,421.753642,13.231771,17.044271
460.755219,418.833150,18.520833,20.635417
464.766266,425.173096,10.687500,17.875000
465.059387,432.968994,14.507812,10.945312
464.934977,434.973562,14.750000,11.169271
464.807515,435.518890,13.747396,16.325521
463.983195,431.229706,13.687500,12.520833
466.575328,428.020813,11.598958,14.893229
467.631144,421.568512,11.885417,15.179688
464.487610,417.330587,16.182292,19.476562
466.654744,418.087779,12.630208,16.104167
462.253530,419.054779,15.953125,12.630208
472.347799,416.199392,6.013021,10.166667
472.498759,413.317881,6.299479,11.742188
465.502787,404.883759,9.736979,13.317708
471.703044,403.694529,4.867188,8.018229
472.162608,396.301717,7.731771,18.187500
468.853617,394.485036,9.450521,12.028646
470.777873,395.488739,7.158854,12.028646
471.439880,390.094503,7.588542,14.320312
463.754191,389.677287,14.893229,12.458333
465.517893,382.474243,13.747396,12.458333
466.313365,387.729177,14.320312,11.312500
467.711873,390.722280,10.309896,14.463542
471.061320,394.760549,7.588542,14.177083
466.677816,390.919688,13.317708,17.614583
467.425842,392.815328,11.875000,14.442708
465.344564,392.327321,13.747396,12.458333
464.690084,395.164012,13.890625,14.177083
466.120717,390.140900,10.453125,12.315104
465.039317,393.798716,11.742188,9.880208
463.851888,396.398204,8.591146,14.463542
464.297953,399.661265,15.036458,13.174479
465.112284,394.803335,13.395833,15.291667
463.355499,401.794952,15.500000,13.083333
467.162445,397.975616,12.429688,15.398438
464.653961,398.069499,12.744792,11.455729
464.029368,400.986643,12.744792,10.166667
471.916565,406.555430,6.013021,11.885417
466.654968,404.738963,12.601562,14.033854
467.253326,401.892029,12.601562,14.606771
468.414805,396.399211,10.596354,16.325521
472.371735,402.734884,7.875000,17.471354
467.910838,410.778473,9.736979,11.169271
465.443949,412.498779,12.601562,13.890625
463.119273,420.739482,14.606771,11.598958
472.790436,415.945882,6.442708,12.458333
470.364695,412.533641,8.734375,12.601562
472.465230,411.309428,6.872396,13.174479
470.960368,415.103994,7.875000,11.026042
472.077464,415.092082,7.302083,12.028646
464.488098,418.838359,13.890625,10.739583
462.713674,416.608826,17.041667,8.304688
466.409047,415.781281,12.888021,15.466146
467.113241,414.613759,12.601562,13.317708
465.798726,414.957926,13.460938,13.317708
465.440460,416.192027,14.320312,12.744792
466.474894,412.414520,12.458333,16.039062
466.659892,411.168864,9.750000,15.291667
463.984273,410.015188,15.322917,13.031250
471.704569,406.213786,7.445312,11.742188
464.311534,407.520304,13.747396,13.890625
470.146230,401.583954,9.880208,19.476562
464.834635,406.202454,13.174479,14.893229
463.845998,402.272959,15.609375,14.893229
464.275584,404.467896,15.000000,13.104167
465.920044,403.355275,13.541667,15.729167
465.427419,400.662689,14.708333,16.020833
465.756856,404.485647,13.250000,10.187500
471.281504,403.316864,9.593750,18.044271
466.669545,401.855123,12.458333,19.906250
465.196096,405.813894,13.083333,13.536458
466.473124,407.353831,13.890625,19.046875
465.006521,406.619354,13.687500,18.218750
463.128164,410.106598,16.250000,13.867188
462.821136,409.216705,16.671875,14.520833
466.554484,416.125397,11.960938,7.513021
463.899760,414.576294,6.877604,6.559896
463.688853,409.135773,13.867188,18.632812
462.658854,421.866028,14.833333,10.833333
463.267049,415.629618,15.614583,16.726562
464.743998,411.899058,13.549479,19.585938
464.472412,414.901794,11.979167,12.463542
468.702535,411.655782,10.065104,15.289062
472.696248,413.568125,6.979167,13.395833
465.655568,415.909892,13.104167,11.937500
465.339864,408.429860,12.028646,12.744792
469.013000,405.570872,9.307292,14.177083
472.321726,407.162465,7.588542,12.601562
465.630880,407.416768,15.752604,17.471354
463.415955,413.565196,15.802083,18.822917
468.301870,413.784078,8.625000,17.361979
464.190470,423.637665,13.838542,10.515625
463.474996,429.458893,12.888021,9.593750
466.944041,428.698954,13.747396,13.747396
463.472219,427.336985,12.888021,10.166667
467.253428,421.821452,11.455729,14.893229
467.552165,422.957113,8.877604,14.606771
463.087179,417.785166,12.744792,15.895833
464.659485,421.395355,14.507812,11.539062
460.099731,420.581451,16.734375,15.695312
466.636627,418.227509,10.687500,16.312500
463.735535,423.394379,16.289062,18.070312
464.647644,426.308685,13.187500,14.593750
463.663239,431.389709,15.992188,11.539062
469.909434,428.222992,10.739583,15.752604
467.486745,435.919515,10.882812,14.177083
464.211914,440.562520,14.750000,17.901042
465.347605,443.806213,11.572917,14.140625
468.131663,447.458201,10.023438,19.190104
467.282837,458.328735,11.169271,10.023438
464.436422,457.959320,10.166667,10.882812
464.140442,457.381602,12.458333,13.890625
467.186635,459.514455,13.317708,11.169271
471.512309,461.166300,6.729167,12.744792
469.839966,463.810811,8.447917,12.028646
467.146922,465.151184,12.601562,15.752604
464.502187,468.094645,13.890625,13.604167
473.410604,471.616028,7.302083,11.169271
467.989573,482.475515,11.598958,8.591146
469.977214,487.330282,9.736979,13.747396
463.402669,487.977356,15.179688,16.182292
463.504496,491.368734,14.442708,14.291667
463.831390,493.660655,14.606771,13.604167
466.113953,483.981995,12.875000,16.437500
468.533325,481.385488,9.911458,16.104167
466.707713,480.482758,12.888021,18.330729
464.079631,480.108317,13.989583,15.802083
466.481842,472.791534,12.601562,13.890625
466.941254,473.430847,11.885417,14.750000
471.831034,475.737203,8.447917,13.031250
467.715729,477.287832,10.453125,11.885417
466.233276,477.316905,13.747396,13.460938
463.909444,478.009165,15.179688,11.312500
464.826019,470.248596,13.460938,15.466146
467.324717,470.164062,10.739583,15.322917
471.044189,479.267314,8.591146,10.596354
465.983378,469.578013,14.033854,14.750000
471.816650,473.154327,8.273438,13.617188
463.364563,474.394043,14.210938,16.289062
470.739349,472.297333,9.460938,14.210938
471.172424,465.829590,7.679688,15.843750
471.586151,468.915192,8.125000,15.695312
469.844116,468.392731,10.054688,10.351562
464.641022,465.924500,11.242188,16.289062
466.544759,470.316203,11.169271,14.320312
466.090688,475.234172,12.458333,11.026042
469.309560,473.464091,8.734375,14.463542
470.893077,466.982829,8.304688,11.455729
471.636759,466.961049,5.153646,9.450521
465.697062,460.493937,13.604167,7.875000
464.666494,456.622732,10.739583,10.882812
470.529612,458.025808,9.307292,13.460938
467.481995,460.390493,11.169271,12.744792
464.744832,466.012166,10.596354,12.888021
466.978200,466.818197,11.455729,13.747396
464.203227,466.040466,12.028646,20.192708
462.959198,466.096080,16.859375,14.442708
463.102061,468.515076,14.343750,10.531250
468.774587,464.377075,9.609375,16.406250
465.200490,461.242381,13.604167,16.325521
464.789571,452.931254,13.536458,15.651042
471.932017,454.111928,8.250000,19.427083
472.726410,450.984985,7.302083,15.609375
460.043396,450.758657,17.757812,16.898438
464.106639,471.104279,11.572917,8.250000
460.328298,464.733124,19.578125,14.140625
465.377218,471.087392,14.026042,22.127604
466.518982,466.471822,12.666667,21.000000
470.365662,465.940765,5.984375,4.437500
465.103668,461.200867,14.234375,10.625000
467.095276,456.173523,12.171875,17.500000
466.319316,455.611674,12.302083,11.333333
469.215210,450.787710,10.679688,18.515625
470.619375,454.840953,7.416667,19.083333
464.535278,458.419718,12.744792,14.606771
466.765717,460.756297,13.174479,11.312500
465.970367,457.028666,13.317708,16.468750
466.961080,454.296316,12.744792,16.182292
467.217428,456.224396,11.169271,12.888021
463.473724,456.218821,14.320312,14.893229
465.063568,461.322011,13.174479,14.606771
468.040009,459.586823,9.020833,16.039062
465.092204,459.786896,11.742188,19.763021
467.179789,461.607717,12.781250,12.177083
465.827230,461.677185,12.601562,15.179688
471.075500,464.363800,10.023438,14.463542
464.939585,463.869019,13.604167,16.039062
463.956919,465.427226,15.291667,16.020833
469.731272,464.792328,9.911458,15.500000
466.417277,464.298075,11.598958,17.901042
467.136597,465.801636,11.169271,15.609375
465.406687,462.566813,12.315104,14.606771
467.259267,466.137970,13.031250,14.177083
471.685913,470.116465,7.588542,7.875000
465.515910,462.855570,11.742188,15.895833
464.802582,463.420970,12.028646,11.742188
470.173991,464.388987,9.020833,11.312500
466.962321,468.409332,11.598958,12.315104
463.133850,464.867828,15.322917,9.593750
464.202586,460.910268,12.744792,16.611979
466.694397,459.309397,13.979167,19.229167
465.455597,461.231028,13.138021,10.833333
467.173086,459.599772,12.958333,12.812500
465.232320,458.114237,14.893229,20.335938
466.215546,449.168193,13.385417,17.312500
465.796906,452.406403,13.500000,15.218750
471.215637,451.795166,7.085938,14.953125
466.047974,449.485870,13.320312,16.585938
472.948985,451.998678,5.763021,9.604167
471.718435,449.105255,7.606771,11.908854
465.401235,452.377716,11.755208,11.601562
470.990377,452.730815,7.562500,17.333333
467.855927,454.667613,10.625000,15.000000
470.914246,456.314209,7.302083,11.169271
468.895833,452.043772,10.596354,13.317708
468.569061,448.365021,12.315104,14.033854
466.465047,448.347432,12.458333,13.031250
466.345184,450.111989,14.033854,16.182292
464.455566,446.211741,14.033854,13.604167
465.624949,446.096629,8.291667,14.416667
467.031921,450.032572,12.375000,13.833333
465.073863,444.358073,13.031250,13.460938
464.245850,448.385376,12.028646,11.742188
465.960958,451.830455,12.028646,8.734375
470.213613,452.062103,8.734375,13.460938
465.853617,452.019073,14.320312,11.598958
472.920237,446.559926,7.875000,11.598958
466.466929,450.505493,13.604167,14.320312
471.607025,452.838755,8.447917,8.591146
472.039083,454.926565,7.588542,12.315104
465.614644,458.259857,13.317708,8.877604
464.201213,453.461405,15.179688,14.893229
464.601776,443.710114,13.838542,19.125000
464.889791,448.143382,13.231771,15.614583
472.910990,454.609049,7.041667,8.098958
468.130208,453.776428,12.479167,13.385417
465.499949,454.705058,13.604167,15.895833
464.156382,452.857239,14.893229,13.604167
462.834412,453.735687,15.695312,14.953125
470.713175,451.122325,6.377604,9.604167
465.964793,446.992462,11.601562,12.369792
464.681335,449.198985,14.416667,12.958333
463.349304,449.799449,14.320312,9.593750
466.235209,442.380544,13.604167,15.036458
464.632945,442.280741,14.177083,15.179688
466.431163,444.236827,12.958333,14.416667
464.423299,440.411224,14.320312,16.039062
463.797882,440.904266,12.578125,12.875000
472.366435,439.740641,5.153646,7.588542
470.003164,435.288544,10.739583,10.596354
467.700185,433.066305,10.453125,18.044271
468.072896,433.913544,10.023438,14.606771
470.422933,434.790243,8.304688,11.026042
464.465485,433.374318,16.468750,16.468750
466.789795,432.554281,12.630208,16.557292
466.057872,437.310801,11.645833,14.125000
467.765361,438.134888,12.315104,12.315104
470.839183,436.821411,9.164062,15.466146
465.059998,433.596497,14.893229,19.333333
465.137563,433.263967,15.348958,17.765625
464.171722,427.210897,15.296875,17.520833
466.820312,428.603607,14.281250,13.656250
468.847382,436.221893,10.500000,5.898438
466.911011,427.005676,11.687500,14.210938
469.580149,425.513092,8.304688,11.169271
462.950419,422.496033,12.458333,18.330729
464.157979,423.250936,13.838542,11.875000
465.024211,425.317312,13.174479,9.593750
465.165741,424.354787,13.604167,10.739583
469.429616,423.104340,9.593750,10.023438
465.258982,417.370555,10.166667,13.890625
471.758179,420.533885,8.304688,12.458333
466.280304,426.094971,12.888021,16.611979
471.945750,426.856710,5.153646,12.601562
463.306824,428.368612,12.171875,10.596354
465.489166,431.919464,14.606771,17.757812
463.758514,426.737864,15.197917,19.880208
467.906748,435.196869,11.643229,16.250000
464.901499,433.150431,12.781250,16.255208
464.077911,434.488190,15.437500,19.958333
463.124786,441.105509,14.520833,13.906250
464.700002,446.246735,11.208333,12.375000
465.610026,443.699249,13.541667,14.125000
464.718394,440.390503,11.312500,17.041667
468.621765,433.441060,11.500000,18.062500
464.004740,428.719259,14.463542,16.039062
472.041209,429.777191,6.890625,11.875000
466.210368,424.891337,14.140625,16.859375
465.158447,427.700653,12.406250,13.812500
466.544098,422.950378,13.468750,13.617188
465.766724,424.695363,13.460938,13.317708
464.916555,419.444824,14.177083,18.903646
464.760142,416.713582,14.291667,16.708333
463.891266,409.500122,14.906250,19.125000
464.226746,413.846130,11.828125,14.125000
465.646820,406.657959,11.156250,19.593750
465.045573,406.891795,12.216146,18.515625
465.340769,409.769623,14.059896,17.132812
468.559113,404.426727,10.531250,19.750000
464.456136,406.407928,13.989583,11.875000
468.419230,410.398010,11.455729,14.320312
465.879466,406.959686,13.460938,13.174479
468.234711,404.643351,11.885417,11.455729
473.189392,404.102773,6.442708,9.880208
471.595144,401.146779,6.585938,14.177083
467.730408,404.583099,10.882812,14.320312
460.827616,406.057770,16.755208,12.315104
464.076141,403.510071,12.132812,14.062500
469.867126,404.558278,8.161458,6.442708
472.500224,401.782908,7.875000,8.304688
470.790100,409.695760,6.299479,9.307292
469.717092,403.166860,9.450521,19.476562
468.094106,406.068868,12.171875,15.179688
469.807119,405.556844,9.164062,12.744792
470.968353,404.021291,9.164062,15.179688
470.705780,406.933451,7.875000,13.460938
472.123525,408.900798,8.161458,12.171875
465.271291,409.977346,13.890625,14.033854
465.715190,412.223826,13.104167,18.791667
465.280009,417.489024,13.395833,15.145833
469.705424,418.198466,7.875000,14.463542
467.153748,420.513824,9.593750,12.028646
468.995260,418.061045,10.453125,15.752604
467.275167,417.250549,10.453125,16.468750
468.707265,415.194112,9.450521,12.458333
464.764252,415.438955,14.177083,14.750000
472.529510,415.305613,7.015625,11.885417
465.237244,417.916799,10.882812,14.033854
464.836009,420.167572,15.609375,12.601562
464.641622,417.492472,13.604167,13.460938
468.833720,410.854106,10.596354,14.893229
468.578857,413.153330,9.307292,9.020833
465.026784,410.221608,9.450521,15.179688
470.031637,413.433370,10.023438,12.888021
466.875468,411.553680,11.169271,13.890625
464.451772,413.208384,13.460938,16.468750
470.118388,409.088999,7.015625,13.460938
466.158285,410.120748,12.601562,13.174479
471.063914,413.938212,8.877604,11.742188
463.945424,414.409261,15.322917,10.596354
463.222707,411.321838,15.322917,14.750000
465.333822,407.961171,13.838542,18.822917
465.580861,413.897369,10.372396,14.184896
466.221659,409.688293,12.479167,15.046875
464.155680,411.006836,9.736979,11.885417
466.023865,413.332052,11.455729,13.604167
464.811442,413.189555,13.317708,14.606771
465.656850,410.829875,14.606771,12.888021
468.781626,411.161153,9.450521,14.606771
469.295034,409.689158,9.450521,14.463542
465.035238,408.100708,11.742188,15.466146
468.028554,409.056498,11.598958,15.752604
468.776652,414.298289,11.598958,12.171875
464.879161,409.862559,14.750000,17.041667
466.611359,407.839722,12.177083,14.593750
466.587413,410.550344,11.455729,17.041667
464.812836,415.545166,13.174479,8.447917
467.479421,411.172750,11.455729,9.736979
472.311483,407.965902,7.445312,16.468750
464.801615,409.407003,13.317708,13.604167
466.775859,402.044810,12.458333,13.460938
468.295319,401.487651,10.882812,13.174479
465.696584,406.436523,12.028646,15.609375
466.023824,402.157684,11.312500,15.466146
465.724518,401.713175,13.031250,16.755208
465.836690,402.022847,12.479167,12.026042
462.335378,407.257955,16.039062,11.312500
466.796702,407.920054,13.031250,9.307292
471.300323,402.563619,8.161458,14.463542
471.981496,409.904714,7.731771,12.888021
465.604045,410.544535,12.744792,13.031250
468.297109,415.264750,11.885417,11.742188
466.044271,417.886780,15.036458,11.312500
470.584930,413.436045,7.302083,16.325521
472.648987,420.123545,6.013021,7.302083
465.149841,419.200684,14.463542,6.585938
471.488352,416.956757,7.445312,15.179688
472.580516,420.671346,7.731771,11.455729
470.480723,416.018697,9.307292,19.619792
464.615173,420.245148,15.752604,11.455729
465.864370,417.251648,14.033854,15.036458
465.290558,416.570597,13.687500,14.125000
466.718170,425.944733,12.744792,14.320312
468.848236,424.556376,10.596354,10.453125
468.959930,424.456126,12.028646,11.598958
466.082621,426.021922,13.604167,16.898438
466.699341,429.797119,14.270833,16.312500
465.939768,427.501394,15.596354,12.830729
467.828115,423.461019,11.791667,14.125000
472.953003,432.025045,6.872396,9.880208
471.191528,421.456838,9.164062,19.906250
467.254669,430.705668,12.888021,9.593750
470.560933,433.279795,7.588542,8.591146
467.709646,426.219625,11.455729,15.466146
471.795970,427.398041,7.875000,15.322917
464.225393,423.652079,13.317708,16.182292
467.218475,426.810506,11.119792,18.973958
464.801839,420.584025,12.677083,17.901042
466.546061,424.116333,11.908854,12.216146
465.509125,430.120880,11.755208,8.989583
466.773224,430.319143,8.375000,10.218750
465.948771,427.345215,12.830729,18.054688
469.596558,425.641632,8.656250,13.031250
464.023163,427.106964,14.593750,12.562500
463.848755,428.937469,11.984375,9.312500
463.107025,428.043579,14.804688,11.835938
468.520711,427.239003,8.447917,8.018229
463.752360,427.968018,13.747396,9.020833
471.831004,426.946930,9.020833,9.880208
471.415955,424.939260,6.585938,9.736979
466.826294,431.900838,11.312500,9.593750
466.050232,430.564535,12.601562,11.169271
466.032349,427.499451,12.458333,14.606771
470.808777,428.657562,7.875000,13.317708
467.825480,429.936686,11.169271,12.171875
470.099294,433.917267,9.450521,20.479167
468.397481,441.812144,7.588542,8.447917
471.788045,433.488749,7.875000,13.747396
466.320984,431.687561,12.315104,9.450521
471.897583,421.370097,8.734375,12.744792
473.524363,424.741069,7.588542,7.875000
465.157745,408.800212,13.174479,19.046875
467.608480,421.768667,10.364583,9.156250
464.432658,409.555766,12.932292,16.859375
463.878174,410.035034,15.687500,14.125000
465.540110,412.174906,14.520833,12.984375
461.117666,411.716431,17.187500,10.187500
461.794423,415.874797,16.039062,11.026042
464.479696,411.185038,15.609375,9.450521
462.979787,409.232147,14.750000,11.598958
463.765371,420.205709,13.174479,19.476562
461.628632,417.427185,18.067708,20.484375
458.730520,417.463318,21.809896,15.932292
457.193186,415.824982,25.000000,19.500000
461.390656,411.460317,18.622396,16.005208
463.135132,411.000336,17.890625,19.867188
459.524668,410.153361,22.101562,21.151042
461.995473,409.413879,20.450521,20.851562
463.396606,411.681173,16.041667,17.229167
461.572998,409.780273,18.812500,15.625000
455.226786,405.850484,25.614583,18.531250
459.165131,403.010742,22.000000,16.750000
460.133474,399.562327,22.101562,20.960938
456.777791,394.759725,24.059896,17.442708
460.077209,393.890015,20.500000,19.687500
453.518890,389.971222,26.593750,21.312500
455.438304,385.759165,25.343750,17.442708
456.971354,383.321554,25.557292,18.083333
460.637075,381.051768,20.132812,18.486979
457.674347,380.969116,23.460938,17.601562
461.543884,384.275269,19.750000,19.164062
458.880096,382.365804,22.375000,18.416667
459.271098,376.496501,23.166667,19.208333
461.068380,376.496328,21.833333,18.500000
460.465210,376.834544,20.593750,19.208333
457.976522,372.656413,23.835938,17.869792
457.804789,365.565755,23.916667,20.791667
454.802216,361.010895,26.734375,18.085938
453.408335,357.898234,28.882812,18.291667
454.147034,354.856506,29.546875,19.804688
455.832235,359.611186,25.171875,14.270833
449.885946,353.045451,31.458333,17.572917
455.506561,351.636932,25.645833,19.958333
453.253347,349.414459,27.812500,17.041667
456.255859,350.547546,25.859375,15.333333
453.214905,349.353058,28.546875,15.947917
453.077993,347.420532,29.333333,19.593750
455.793182,345.324921,26.078125,19.281250
454.110799,341.419779,28.117188,19.078125
451.882589,338.859823,29.739583,18.382812
449.023580,336.586599,32.145833,20.645833
449.934143,336.020111,31.000000,16.000000
453.650736,336.806549,27.541667,14.507812
455.361420,335.932190,25.468750,14.367188
450.960398,328.338175,29.614583,16.161458
454.407491,327.394938,27.119792,16.494792
454.940186,328.654968,26.593750,16.531250
448.620565,329.626892,30.255208,14.880208
455.250671,329.425446,26.187500,13.593750
448.924093,322.228099,29.520833,15.260417
453.516052,324.606903,27.203125,17.046875
454.429189,324.569885,26.625000,17.869792
456.052327,327.469259,26.455729,13.174479
456.639099,327.131409,24.203125,10.914062
455.639201,323.248566,24.861979,17.442708
457.905121,329.660187,23.570312,13.656250
457.484609,327.309194,23.257812,17.041667
448.334229,325.135986,32.281250,17.656250
449.426961,327.438721,31.109375,18.723958
451.100922,327.480245,30.611979,15.049479
453.674194,327.807648,28.125000,14.781250
453.722727,327.570017,26.833333,16.208333
453.390625,327.228271,27.468750,17.625000
450.761353,331.496338,29.773438,18.218750
449.804433,328.757680,30.468750,16.572917
448.401184,331.267853,32.039062,15.046875
449.752757,334.037516,31.260417,15.914062
445.642242,334.738373,35.890625,16.859375
448.843475,333.606628,31.234375,18.578125
448.459564,334.019368,31.843750,17.890625
446.873067,336.017660,33.802083,16.911458
450.727142,333.567902,29.359375,17.171875
449.176056,332.034210,28.890625,19.046875
450.104462,338.457153,24.734375,16.015625
447.515940,333.730225,31.479167,20.250000
445.077423,332.588409,34.906250,16.500000
442.281952,330.299133,37.666667,20.937500
449.479624,334.695943,30.947917,18.968750
447.262980,330.080678,35.859375,22.218750
447.481750,326.724823,34.468750,17.468750
446.289398,320.512268,33.226562,23.945312
448.913269,317.799225,33.455729,24.335938
453.978180,316.139008,27.718750,24.062500
443.805389,316.156301,34.260417,19.776042
444.433716,318.950928,35.395833,16.979167
444.932281,318.092865,32.710938,19.820312
447.481354,319.086700,32.078125,18.531250
447.774180,312.625621,31.565104,20.450521
445.579814,315.712453,33.291667,16.885417
446.063110,314.095103,34.645833,18.565104
440.437052,311.636627,36.416667,19.229167
441.948303,311.363892,38.734375,21.507812
453.954173,309.756022,27.067708,21.911458
442.218567,312.715851,39.554688,23.148438
447.908925,312.734273,33.369792,22.484375
453.764313,310.101074,29.437500,25.335938
452.192861,311.959147,29.708333,25.104167
450.186646,313.424316,31.656250,23.218750
454.231252,316.388448,30.260417,25.291667
452.415985,315.220245,29.437500,22.601562
439.313995,312.879242,41.109375,21.984375
442.542714,313.356283,36.945312,19.947917
445.199595,304.046529,33.927083,25.127604
450.881948,307.019501,29.450521,23.161458
452.709320,303.396484,28.250000,27.682292
444.437185,303.721212,36.291667,20.833333
451.470093,300.870066,30.505208,23.057292
454.964661,297.553040,28.343750,27.523438
454.886851,304.896108,30.791667,31.078125
459.117442,303.882823,21.338542,33.369792
461.106669,300.486471,19.906250,35.375000
461.696543,301.497060,19.333333,36.234375
460.041646,303.532654,19.750000,35.635417
460.674957,303.538635,19.593750,36.820312
459.366638,307.417145,22.177083,33.322917
456.434662,305.750763,26.914062,36.945312
453.008677,305.023804,30.427083,34.252604
451.181040,303.745148,30.500000,24.661458
451.548330,305.177358,31.041667,29.291667
457.530996,302.772593,25.166667,30.000000
453.637105,295.706909,28.213542,32.510417
455.774974,299.519867,24.864583,22.750000
449.844259,300.941742,30.791667,24.203125
445.368683,303.019928,33.812500,26.156250
445.487620,303.434133,33.656250,19.906250
445.801788,300.575012,34.632812,20.414062
447.922516,302.322286,32.192708,20.322917
448.774719,304.711243,31.812500,18.000000
440.440043,303.870382,36.617188,20.450521
444.585175,303.422485,33.406250,18.265625
442.044444,304.456462,38.005208,18.609375
443.783335,304.334412,34.796875,20.044271
441.469910,301.831909,37.437500,26.119792
443.295746,305.144989,36.265625,25.570312
444.252747,305.620453,33.906250,17.148438
447.142426,304.168152,32.218750,19.789062
445.080668,306.951080,35.505208,25.291667
445.551758,309.965820,32.796875,20.656250
445.877533,302.131439,33.812500,27.796875
443.802460,313.130829,36.265625,18.343750
445.153412,313.430939,31.625000,22.875000
444.730062,318.961639,33.572917,21.151042
443.481700,321.095947,36.208333,19.687500
444.826986,324.317413,34.994792,17.440104
445.447571,325.582703,33.671875,19.859375
444.475830,326.172241,35.395833,19.145833
443.688995,323.234863,33.671875,23.312500
445.183828,319.442841,33.044271,27.471354
445.643921,325.145966,34.833333,21.125000
450.465953,321.110545,30.257812,25.242188
452.026733,323.076375,28.533854,25.979167
449.754578,321.428833,30.236979,29.101562
448.771332,318.427582,33.664062,27.304688
454.415863,319.385701,29.093750,24.562500
455.724080,316.460653,26.494792,30.505208
461.739319,317.730438,18.812500,33.062500
465.721405,328.472504,14.781250,24.062500
460.306753,325.908671,20.848958,22.458333
463.643372,329.036601,17.924479,28.028646
454.392822,343.759827,24.734375,20.617188
456.915965,324.032084,24.408854,32.520833
463.997955,335.790344,17.226562,29.578125
457.230703,334.492594,23.018229,29.971354
456.883789,344.682312,24.734375,28.367188
455.502706,337.076396,24.989583,36.729167
458.150899,342.205811,20.848958,36.406250
453.688690,352.907410,28.562500,30.531250
453.947367,366.539785,28.661458,36.018229
458.883789,367.373586,23.002604,35.398438
450.327993,361.064840,27.960938,48.414062
454.880859,355.241547,25.046875,37.812500
462.117706,355.910370,19.437500,40.375000
460.695221,360.495636,19.703125,30.093750
440.520721,390.535889,17.875000,20.687500
437.367615,390.210602,25.408854,42.843750
438.255554,386.239716,29.968750,35.031250
438.820343,383.247264,26.830729,48.971354
439.529663,381.412262,28.609375,50.875000
437.636902,382.625854,33.812500,55.062500
444.536255,383.798248,29.546875,52.843750
443.447388,381.502411,35.718750,82.812500
448.648142,381.524343,30.682292,41.541667
447.241811,379.768717,33.026042,56.859375
452.096405,378.085785,28.343750,68.187500
451.760305,377.882436,28.567708,90.697917
453.022115,389.355886,27.369792,80.541667
459.104492,389.210754,21.390625,77.125000
463.315063,437.512604,16.859375,24.109375
434.270294,480.366150,47.835938,34.085938
434.986593,477.063904,45.156250,27.984375
436.921855,474.551575,45.234375,24.669271
439.652679,476.899994,39.458333,23.187500
441.067932,477.555603,39.320312,25.609375
445.858663,472.412343,34.000000,27.000000
442.155050,466.087830,37.854167,29.276042
447.094014,464.459137,33.000000,25.666667
444.013336,464.871908,36.606771,23.687500
445.177022,464.071096,35.723958,28.348958
448.138601,464.268311,32.322917,30.062500
447.533122,461.936798,34.528646,29.320312
446.321981,459.898234,34.403646,29.442708
447.747772,460.848999,32.171875,26.265625
448.674967,458.377899,33.539062,25.481771
451.864634,457.901377,30.348958,29.450521
447.917623,461.484202,33.572917,30.192708
446.501170,465.552470,35.229167,26.510417
448.075226,465.231812,32.390625,27.906250
449.776703,463.228088,30.375000,30.375000
451.533478,462.535553,29.750000,26.000000
439.887573,461.599121,41.078125,24.750000
443.395508,462.802124,36.312500,26.937500
442.685425,457.689301,38.734375,29.546875
446.283630,455.214752,33.921875,41.312500
453.465027,454.461426,26.312500,23.851562
444.845917,453.546814,34.593750,22.164062
440.905212,454.924927,38.171875,32.453125
440.462046,458.401428,39.666667,29.333333
436.896729,446.329468,43.187500,42.835938
439.238464,457.618103,44.328125,33.312500
436.398519,452.384644,45.708333,39.541667
454.492340,458.917175,27.812500,36.750000
453.345713,453.130452,28.364583,45.708333
456.343353,453.309601,25.000000,47.125000
466.198273,471.918030,15.015625,28.671875
452.452881,464.365479,25.796875,12.140625
454.011566,460.710887,26.585938,14.986979
447.089213,436.291799,26.510417,20.697917
465.170197,420.046387,11.447917,13.906250
464.201294,438.710632,10.333333,16.458333
451.829061,440.028687,26.635417,23.570312
449.742015,436.712830,28.091146,19.148438
452.365479,441.218323,26.250000,17.500000
459.270040,429.822093,20.195312,32.044271
455.256470,431.491699,24.750000,25.750000
457.146362,439.394836,23.265625,21.286458
460.783600,426.870422,18.812500,25.375000
458.304270,424.573232,21.380208,32.354167
464.728719,434.920970,15.929688,18.773438
462.883901,434.044057,17.348958,18.916667
460.081716,427.429647,20.645833,24.062500
462.400950,430.151967,17.572917,20.932292
465.632996,430.813955,17.229167,15.947917
463.510579,431.881724,17.242188,16.640625
464.654816,429.692383,15.260417,22.583333
463.835358,425.649292,16.778646,17.539062
464.166626,432.753082,15.375000,15.914062
468.942352,434.780182,12.000000,23.171875
463.206116,432.476532,14.062500,23.687500
462.088165,431.531769,17.531250,20.406250
463.728271,435.341248,16.187500,19.375000
465.483337,434.120392,14.476562,20.945312
469.611043,435.415171,10.114583,15.765625
464.636047,431.447286,14.260417,21.414062
464.157644,432.925069,15.401042,23.786458
459.345561,439.566762,18.869792,18.679688
465.971985,441.249481,15.812500,16.375000
464.551788,437.484955,15.734375,16.812500
461.035238,431.681040,17.927083,20.127604
463.876526,435.967723,16.583333,21.187500
458.062429,451.931854,18.750000,20.414062
458.992310,447.454407,22.679688,22.289062
459.116018,449.247986,21.367188,27.539062
463.596517,443.138285,15.520833,36.447917
459.721497,451.250458,20.031250,27.054688
464.806193,449.120239,15.692708,26.119792
463.456604,447.851084,15.557292,26.531250
461.696208,446.791748,16.375000,29.828125
453.273417,444.062714,22.723958,31.010417
459.499725,451.865173,21.625000,25.843750
457.478872,463.964345,22.250000,20.479167
457.061554,464.811401,20.828125,25.468750
459.117279,463.821686,20.257812,23.356771
462.029073,459.865387,16.375000,24.062500
461.316793,469.810913,20.132812,20.338542
459.979574,473.612111,19.927083,18.692708
464.070129,475.028168,15.453125,24.046875
463.800832,484.015188,13.864583,16.041667
465.380524,469.364685,14.125000,19.937500
463.928619,480.745544,13.398438,18.070312
463.602936,474.223602,14.541667,25.544271
457.495890,477.910207,19.062500,22.072917
462.780884,466.791565,18.062500,25.937500
460.239349,463.264404,19.164062,25.218750
455.805044,464.914693,22.807292,26.098958
451.405406,465.174021,28.018229,22.830729
454.400116,465.441925,25.242188,22.976562
451.194855,458.959045,27.778646,35.125000
450.656219,466.765961,24.750000,28.250000
450.593709,464.206909,28.091146,30.458333
455.398387,461.387889,24.739583,30.536458
452.439117,460.290304,28.354167,34.312500
464.096344,462.041026,16.895833,35.914062
450.752553,458.912496,30.236979,30.236979
457.523509,465.568380,23.424479,29.953125
456.041565,459.767395,24.515625,29.437500
460.839478,460.599396,19.281250,32.781250
455.450592,462.597656,24.109375,28.890625
449.857778,462.929382,29.796875,35.101562
454.635681,454.651978,26.234375,32.609375
456.423910,456.454569,24.684896,34.158854
457.094767,451.337545,24.541667,41.020833
463.157491,459.180664,17.593750,29.578125
453.064779,460.743357,28.708333,31.916667
461.371826,464.212504,19.130208,26.812500
454.445129,463.795664,25.208333,27.541667
457.653117,468.160329,23.359375,21.979167
453.066162,474.427378,23.356771,15.992188
456.080597,472.861847,25.750000,27.000000
454.465678,475.186361,26.250000,23.093750
462.751678,471.234406,15.000000,30.500000
454.684336,472.352041,22.565104,28.015625
448.889252,478.447357,31.000000,22.250000
452.226685,469.617167,25.739583,33.812500
449.439026,475.386566,30.257812,30.804688
446.612610,481.790222,24.125000,17.476562
457.388489,473.383148,18.226562,20.414062
453.115143,480.826528,25.739583,21.833333
455.969554,477.421814,23.018229,24.997396
458.182190,481.917755,18.578125,23.734375
462.513723,481.065735,17.348958,23.843750
457.582896,473.983887,19.151042,29.187500
452.991180,471.607239,26.593750,32.281250
464.313375,479.118510,14.062500,22.312500
459.804657,469.569916,18.281250,28.125000
453.824575,475.752777,21.625000,19.104167
462.794708,479.684845,16.750000,22.656250
464.509867,472.231506,15.606771,20.955729
456.481720,478.309357,20.335938,21.507812
464.614136,480.604431,10.546875,20.093750
459.646566,480.714376,18.536458,16.416667
462.681722,468.543172,17.588542,21.598958
471.162547,476.906626,8.515625,14.682292
461.114960,487.694183,18.343750,19.500000
461.679382,479.390045,17.015625,30.101562
461.065501,484.004781,15.401042,19.515625
462.295898,493.481293,17.406250,17.992188
461.125397,476.341278,16.716146,25.591146
464.579865,488.997314,15.453125,24.242188
457.138204,488.589813,21.979167,27.718750
462.139709,486.752380,17.250000,24.958333
463.416107,474.803914,16.130208,35.367188
456.909424,474.820557,23.203125,30.453125
455.983429,475.479706,23.750000,28.252604
457.983185,477.341736,22.750000,28.000000
456.488668,481.388835,22.976562,29.039062
454.188538,478.363383,24.958333,29.125000
451.248322,476.709290,29.164062,26.703125
451.940918,479.363068,24.906250,22.656250
457.739868,480.257843,18.265625,28.890625
461.990194,472.479706,17.924479,29.796875
457.665568,471.466960,21.604167,29.031250
459.287872,469.218252,20.955729,27.523438
449.370850,478.625142,30.229167,24.000000
450.675964,472.327637,27.523438,28.028646
464.116058,470.190704,13.484375,23.312500
450.652130,468.617442,25.502604,30.302083
456.185669,465.813873,24.408854,25.986979
449.929932,465.653259,30.000000,29.500000
458.881612,468.398560,20.726562,32.562500
459.999664,467.998678,19.489583,31.468750
454.989553,470.638306,25.244792,28.562500
455.479797,481.365092,19.776042,25.408854
449.915141,472.981486,31.114583,30.604167
461.596425,478.848582,17.898438,25.677083
458.226257,472.050303,21.671875,27.541667
453.388072,471.356476,23.968750,31.369792
453.046621,475.770081,23.799479,20.044271
461.423869,478.729930,18.864583,20.651042
457.562347,482.450226,21.343750,21.828125
451.802806,484.847097,28.041667,20.708333
458.111847,474.478271,21.343750,33.210938
455.497213,479.634878,22.976562,30.302083
448.130798,473.455597,26.265625,30.132812
453.257192,475.931854,27.018229,23.531250
456.003733,483.336934,23.916667,29.385417
454.367259,483.973429,21.833333,29.385417
460.923950,478.984792,15.802083,33.411458
455.957123,478.272705,22.070312,29.820312
456.131897,480.274017,23.713542,27.286458
459.096802,486.356628,21.101562,21.101562
458.035288,479.735484,21.166667,30.333333
461.461670,476.120209,17.226562,30.304688
464.676524,481.617004,15.437500,17.041667
461.592834,481.343964,14.781250,23.750000
462.655121,492.509979,16.000000,12.458333
461.550913,482.613770,18.812500,22.572917
461.666402,482.732188,18.692708,20.338542
465.239085,480.562948,12.083333,21.583333
463.771637,479.611359,16.750000,18.812500
463.240316,477.980072,16.312500,23.057292
464.397461,483.403137,16.000000,23.500000
459.348999,489.492371,20.726562,21.312500
459.520243,487.878204,20.750000,19.104167
462.353210,489.961700,17.601562,19.164062
464.811127,483.597900,15.250000,25.937500
459.209686,488.650879,19.750000,26.585938
458.611959,491.476074,20.544271,22.601562
453.108795,481.096252,27.692708,30.468750
464.128235,484.993225,14.820312,27.960938
463.523590,482.316559,16.588542,31.322917
457.070536,483.712809,23.619792,25.411458
463.113220,495.037089,15.929688,12.848958
458.332082,484.344859,22.947917,20.484375
463.493988,473.682627,16.901042,29.666667
456.908661,472.390371,20.468750,25.799479
458.644755,470.876333,20.236979,30.203125
463.454590,477.850993,12.125000,17.687500
455.425507,472.972321,23.312500,26.812500
455.389842,474.740560,19.078125,20.468750
455.857605,472.215088,19.375000,18.937500
455.042023,470.791504,23.083333,22.666667
457.582733,470.982086,22.000000,24.843750
463.008057,472.761047,14.140625,21.617188
453.649089,474.071706,23.911458,19.156250
460.365611,474.319132,20.036458,21.143229
455.581879,469.118703,23.500000,24.750000
464.723358,474.506622,15.000000,24.625000
461.439768,475.552327,18.708333,19.541667
456.248942,473.439453,23.364583,26.729167
464.493174,479.642629,16.208333,26.000000
463.657084,479.597005,17.442708,24.460938
459.336344,489.169566,19.309896,20.955729
459.926147,479.502930,18.875000,27.406250
464.369700,475.699015,16.588542,27.692708
458.715668,476.165446,21.604167,26.531250
463.555491,474.158732,16.346354,25.856771
451.977814,473.700104,27.539062,26.921875
457.634644,481.981425,21.966146,15.697917
462.787913,471.120351,16.635417,30.007812
460.424672,473.086355,19.372396,27.369792
463.446259,468.115051,16.375000,25.343750
461.162506,471.611908,17.875000,25.046875
461.213704,470.880422,18.940104,31.044271
462.276510,465.309316,17.958333,29.645833
459.747538,466.550079,20.645833,28.312500
456.500590,464.723470,23.750000,26.830729
461.119873,463.443573,20.250000,30.250000
461.069489,465.304077,19.000000,27.000000
456.316640,466.300374,24.223958,27.778646
454.637787,473.669220,24.750000,27.250000
452.828613,465.164195,24.671875,29.932292
454.803070,475.476980,24.187500,23.635417
458.561625,480.058797,17.927083,24.958333
446.309011,481.230754,31.182292,22.523438
454.179413,482.657756,22.354167,18.447917
461.019755,478.956024,17.328125,24.255208
459.761322,485.623230,19.984375,18.343750
461.129842,484.247121,16.901042,23.843750
460.772003,480.245494,19.364583,19.791667
452.244965,480.785583,25.984375,22.328125
462.455872,479.803772,14.289062,19.984375
455.779917,480.384715,23.057292,20.450521
456.478638,471.820801,23.359375,26.734375
462.146861,464.762573,18.486979,31.104167
452.425517,464.551829,27.885417,33.447917
457.537384,469.264221,22.052083,21.317708
465.667409,464.277069,15.369792,22.322917
458.520569,460.393850,22.914062,29.776042
454.630564,458.986766,25.104167,31.825521
455.719788,457.803986,26.187500,28.367188
459.060923,458.146098,21.161458,23.713542
452.861694,460.772552,27.156250,30.546875
455.666504,465.324025,25.755208,22.437500
463.343323,465.666290,16.015625,22.796875
458.673686,463.884237,19.562500,29.416667
463.488892,463.808655,17.500000,25.979167
454.818939,462.852753,24.187500,25.281250
456.763560,467.304321,20.250000,27.125000
459.755178,474.453735,17.052083,24.479167
446.446737,477.053599,31.708333,13.833333
459.842397,479.608134,17.859375,22.614583
459.685771,468.581167,18.692708,23.835938
456.287445,477.041321,20.335938,19.945312
456.355174,483.467855,20.750000,23.013021
458.797109,481.707011,22.354167,21.713542
453.207672,485.500163,24.963542,21.828125
458.201019,484.604736,19.578125,18.898438
459.307576,481.527700,17.656250,22.781250
459.786560,478.983093,19.687500,22.328125
459.378123,480.752716,18.937500,18.083333
462.442169,475.438934,17.656250,17.656250
461.510651,472.671936,17.765625,24.125000
455.880737,478.285828,24.156250,22.328125
458.449860,474.966003,20.218750,21.927083
459.006592,470.842651,15.828125,21.921875
454.736420,476.511993,23.460938,18.187500
463.223775,474.133545,14.783854,23.218750
458.753479,466.442352,21.507812,28.148438
453.262054,466.881866,23.750000,25.578125
450.264832,472.207703,25.770833,25.130208
456.721944,464.062551,18.244792,22.947917
455.835490,465.487539,21.286458,22.994792
451.604563,467.037506,25.348958,20.921875
456.883555,461.957072,22.770833,28.041667
456.981181,463.731232,19.687500,18.250000
447.883148,456.833262,29.416667,29.187500
455.932383,463.333791,24.479167,21.125000
