197.000000,248.000000,95.000000,325.000000
188.747396,248.565104,110.843750,319.546875
189.469070,247.535767,110.546875,320.031250
187.442022,246.969971,112.179687,320.885417
188.691961,246.895477,112.476562,321.739583
190.860677,247.195190,112.625000,322.166667
193.473022,246.823252,109.424479,326.273438
195.881653,250.727753,111.250000,333.718750
199.964706,252.180949,111.286458,337.875000
197.891479,250.235311,114.166667,344.541667
198.303548,248.033437,115.770833,341.213542
205.578949,248.673981,112.718750,338.187500
205.974426,251.829132,112.718750,346.312500
206.781952,253.139191,114.007812,354.406250
207.752319,256.863251,111.692708,353.963542
208.552144,257.147115,115.010417,355.468750
210.926066,255.028269,112.520833,352.395833
213.496969,248.731099,115.153646,353.838542
216.531006,246.050039,116.442708,353.625000
215.569784,242.637329,117.158854,349.476562
213.139191,235.469360,114.906250,349.046875
200.880778,227.816366,119.601562,352.643229
202.326152,225.789775,114.315104,351.635417
193.586121,220.840108,120.046875,353.963542
191.380259,220.301493,119.020833,350.770833
193.084529,218.251648,118.018229,347.799479
193.907572,214.369212,115.046875,343.140625
195.806793,209.589111,114.867188,350.882812
199.856384,209.550507,114.062500,356.937500
207.449951,215.878387,112.520833,356.604167
210.340851,224.749990,113.781250,358.140625
211.363241,232.347310,110.416667,362.916667
206.232452,236.127625,109.468750,368.125000
208.318573,237.760437,113.921875,366.950521
205.805939,238.775665,120.000000,368.625000
205.401489,241.038391,120.453125,370.218750
202.824463,243.693542,122.028646,366.286458
198.758240,238.247864,124.375000,366.718750
196.039134,233.349528,125.104167,362.231771
197.489441,228.981445,123.031250,360.437500
194.152039,225.671906,126.132812,358.835938
199.074473,220.051931,124.958333,359.593750
196.505798,212.837941,122.458333,354.333333
200.084076,204.895233,122.625000,352.843750
206.645833,200.420227,119.450521,352.044271
217.059184,201.567210,114.315104,353.773438
220.768860,202.573273,117.812500,351.437500
225.117686,195.120900,115.468750,346.526042
233.848999,196.919017,108.791667,349.250000
238.994843,202.573212,110.687500,350.375000
234.970612,209.881653,115.916667,345.750000
227.064616,208.365031,122.072917,345.750000
220.478058,206.124990,130.609375,342.510417
221.305573,204.348735,131.101562,343.807292
227.032908,205.153158,129.830729,345.252604
227.459096,205.156616,132.427083,344.406250
225.233541,205.838908,135.531250,342.666667
220.924845,208.319814,144.770833,342.187500
220.006714,211.747274,142.510417,342.802083
211.105072,203.621704,143.828125,338.593750
190.306396,192.662354,152.119792,335.622396
174.312795,176.446676,133.343750,338.476562
171.619776,158.703135,124.684896,344.802083
171.083903,148.896576,120.075521,344.098958
173.880412,149.190318,115.479167,342.393229
179.147146,158.130819,111.250000,344.000000
180.351562,163.895813,110.406250,341.375000
182.075974,169.392456,110.265625,336.890625
185.885803,174.202057,111.429688,336.304688
190.918915,176.622253,114.554688,335.687500
195.479370,182.881612,116.632812,331.669271
205.154449,182.622101,113.875000,329.546875
208.927979,180.207062,115.338542,330.216146
211.942657,182.988515,116.929688,330.484375
216.740133,204.624441,113.721354,333.015625
197.128479,214.731242,132.861979,329.640625
208.523417,219.314575,122.421875,329.052083
198.718760,212.814728,126.494792,336.338542
209.068654,208.635132,114.765625,338.083333
201.569112,197.206462,116.632812,335.726562
200.521200,188.372203,118.385417,331.270833
204.405334,185.185272,115.890625,325.515625
209.299367,180.301626,113.960938,322.046875
212.071360,176.735931,111.104167,323.447917
215.308258,177.559316,110.229167,324.786458
226.823761,185.302490,107.562500,318.750000
235.380951,197.614380,106.437500,322.960938
253.155182,206.211456,100.260417,323.596354
266.929016,214.038045,101.546875,326.846354
274.149648,219.151235,100.651042,330.036458
295.717641,218.535522,94.619792,334.286458
313.106211,218.890422,98.825521,335.385417
325.312225,216.720245,103.408854,334.294271
339.713745,216.873230,102.445312,334.046875
352.727346,211.421336,105.557292,331.781250
353.942261,206.173645,112.468750,333.484375
353.343974,194.883443,111.585938,328.877604
351.890778,182.632874,111.562500,328.875000
355.844889,175.796214,113.776042,331.682292
354.702850,172.168060,115.531250,329.322917
359.839010,169.524740,113.315104,330.330729
364.087199,169.352509,116.486979,328.528646
351.628052,166.911377,129.242188,328.304688
341.504303,161.777863,140.156250,326.968750
340.359741,167.539734,142.447917,325.947917
344.286906,173.884288,138.994792,326.273438
345.619019,181.420888,139.479167,322.760417
350.991638,189.442078,132.414062,326.406250
361.894430,194.367727,120.195312,329.309896
368.838562,200.482554,116.632812,335.726562
373.869232,206.486755,109.062500,336.765625
369.560679,207.053101,110.088542,339.359375
367.856598,206.057922,111.437500,342.000000
371.557536,210.512319,109.703125,339.187500
374.911031,216.147288,104.052083,337.901042
372.405599,216.080353,107.705729,336.638021
364.123291,201.217316,116.093750,336.359375
359.246613,187.188395,120.473958,334.703125
348.453796,182.352448,126.625000,336.000000
343.136139,184.802704,132.054688,334.007812
334.059814,179.959757,136.302083,347.984375
324.314392,189.554718,141.765625,358.500000
317.329468,206.321716,142.921875,353.515625
309.150360,215.478973,147.500000,353.515625
299.996552,224.312592,146.031250,355.520833
293.665192,232.394836,147.671875,345.562500
290.277893,235.573761,143.174479,338.955729
285.505300,245.476827,142.598958,350.429687
287.435964,251.030212,137.130208,344.786458
287.075775,258.121674,134.518229,349.505208
287.956106,261.689982,134.057292,350.557292
288.926788,258.177541,128.656250,348.135417
291.293447,255.241984,125.835938,342.656250
300.571849,253.070414,118.161458,346.093750
298.825124,251.737447,114.580729,341.742188
299.785950,244.622203,108.859375,342.554687
303.500326,242.279449,107.031250,342.656250
301.351379,233.511068,103.411458,333.354167
301.555278,223.765066,100.236979,336.158854
302.787272,217.784444,95.296875,337.510417
302.159424,209.777802,92.406250,333.718750
304.456268,204.942352,86.125000,332.632812
308.684519,202.158396,83.625000,333.221354
312.344777,202.841003,80.190104,331.239583
312.744263,205.723389,81.250000,332.031250
307.608185,213.569397,87.125000,330.875000
301.231689,220.645050,92.523438,330.484375
296.080322,223.618062,98.854167,327.763021
295.083344,226.530273,103.812500,327.796875
297.899017,227.714793,104.640625,325.356771
302.809265,230.173248,104.500000,324.916667
308.596527,237.002055,108.041667,322.125000
308.548462,237.839325,110.546875,321.953125
311.028188,239.790792,107.848958,317.661458
314.873983,238.058767,104.640625,317.679688
318.602112,235.995026,101.203125,314.843750
321.679891,231.591319,96.739583,312.153646
315.596832,228.354696,99.541667,309.166667
313.579803,220.567261,93.335938,305.882812
310.005351,215.530670,94.515625,300.596354
309.697327,213.160919,92.507812,296.242188
309.370483,213.169067,91.234375,296.312500
309.465932,214.233388,86.359375,290.273438
305.219584,210.987081,77.692708,286.296875
302.372314,208.787120,73.250000,282.473958
300.054352,208.353027,76.000000,278.500000
300.562449,211.205455,76.651042,276.369792
301.250305,219.524231,76.781250,270.781250
299.132019,227.725505,79.135417,269.966146
299.360138,236.252899,77.898438,267.882812
290.205617,242.785665,88.302083,267.421875
294.433502,248.052622,87.940104,266.562500
293.799215,251.027781,91.992188,264.398438
296.459859,254.959412,93.476562,262.205729
301.359924,259.294718,93.773438,261.416667
303.935791,262.108419,97.250000,259.270833
311.536306,262.132985,93.955729,256.234375
319.842377,260.697815,91.398438,253.164062
303.567006,262.411296,112.750000,250.885417
304.933960,261.842478,111.854167,248.791667
306.868958,258.613118,105.947917,246.442708
311.369812,251.645905,98.872396,244.851562
315.858724,244.340027,92.437500,240.020833
318.588786,238.801402,88.875000,233.791667
326.878794,236.754730,78.729167,234.187500
329.864746,236.599274,77.781250,232.765625
336.393738,234.959229,73.184896,229.812500
336.195740,231.416595,73.187500,232.000000
338.276001,232.559662,72.156250,230.281250
340.911530,237.946045,70.562500,230.687500
343.002462,243.842122,69.385417,231.143229
343.772827,250.156799,70.976562,230.734375
343.891418,254.722534,74.500000,228.062500
341.836792,257.361043,76.822917,227.161458
342.469961,260.740672,76.822917,223.239583
341.413778,263.552948,80.268229,223.210938
340.545512,266.853628,78.744792,221.057292
340.273631,268.481435,80.427083,219.750000
338.731354,270.632263,81.062500,218.875000
335.668701,271.483582,81.890625,217.578125
329.814016,272.342936,48.062500,170.947917
327.111572,271.163239,56.898438,179.875000
324.245972,266.666626,47.007812,172.054688
323.620127,259.803192,43.651042,171.604167
322.696045,255.355204,42.539062,169.286458
320.045237,249.959229,44.559896,169.161458
316.099243,247.629761,47.125000,213.367188
320.199636,247.829010,44.447917,170.750000
319.589457,246.717163,48.916667,188.833333
322.436401,247.359772,50.539062,179.729167
317.136698,245.808289,58.770833,213.479167
322.903544,247.768260,57.432292,209.286458
312.092407,251.456116,74.312500,209.078125
312.434448,254.999023,89.359375,208.304688
309.018524,255.720571,84.307292,205.697917
322.221619,257.105540,75.843750,206.820312
352.876892,261.865234,47.250000,164.750000
352.251892,266.369873,52.062500,162.500000
354.276408,273.044495,52.869792,166.757812
348.657990,275.352112,59.867188,167.968750
350.429006,274.669861,60.057292,139.479167
349.269684,273.564748,58.968750,140.125000
352.838786,274.429097,59.833333,136.132812
354.428375,273.923747,59.609375,136.867188
355.097076,269.457794,57.273438,134.984375
353.015015,258.317322,59.101562,137.148438
354.253876,254.143005,58.000000,132.812500
357.109578,251.575684,59.450521,130.986979
363.039612,249.842712,58.382812,129.890625
364.391836,244.852529,56.057292,134.203125
366.406586,234.551351,55.666667,137.666667
370.968811,227.234161,52.625000,136.625000
377.986023,231.711253,50.281250,128.093750
380.624695,234.174133,51.515625,129.359375
382.077179,238.772949,50.781250,129.250000
383.453400,242.568797,53.335938,129.763021
384.422272,244.595652,52.786458,124.947917
382.344716,244.986694,54.333333,129.333333
384.785583,246.410044,50.692708,126.088542
384.479492,251.828898,52.505208,124.778646
382.289032,259.073090,54.156250,124.187500
380.798157,262.278107,54.500000,123.046875
376.606445,261.539480,56.859375,121.182292
373.211426,258.760274,55.166667,114.411458
367.972443,256.632843,54.000000,103.687500
361.822164,254.902913,56.052083,103.239583
353.193848,253.218730,56.598958,108.226562
347.140594,251.057638,59.125000,111.598958
316.178782,246.612823,83.942708,125.414062
316.182607,239.782552,80.921875,125.322917
336.591705,232.752970,55.072917,124.062500
315.787669,229.882151,72.718750,123.187500
316.953949,230.450104,70.726562,124.648438
320.466746,234.702576,67.192708,123.130208
322.844828,234.469065,63.171875,122.640625
320.171478,229.702911,63.864583,126.729167
322.099030,223.425018,61.914062,131.656250
329.935760,221.651337,58.257812,160.049479
320.446004,223.035919,73.588542,181.057292
324.606791,226.239746,72.250000,191.000000
326.513702,231.125977,74.773438,193.226562
328.674906,236.771322,76.807292,203.864583
335.835124,244.986837,76.200521,195.174479
344.368927,247.797699,71.531250,196.406250
351.806854,252.043752,69.526042,199.609375
361.590597,254.579274,65.041667,201.958333
369.586568,258.574524,70.265625,200.401042
378.099335,262.713664,60.343750,204.307292
383.455526,266.050578,58.434896,205.677083
369.198364,268.981018,77.171875,204.125000
385.558614,269.411550,62.927083,225.218750
382.833639,266.728434,64.828125,222.718750
367.676697,263.525391,80.661458,209.257812
364.113831,261.986237,86.562500,202.187500
362.229919,261.331960,88.562500,200.447917
359.048462,259.920756,91.598958,234.515625
351.896240,260.168345,98.713542,231.229167
352.367706,259.876617,96.625000,234.437500
352.578491,260.166229,95.000000,231.593750
355.811422,258.831268,90.276042,236.630208
352.563904,258.174835,91.546875,237.015625
351.769653,257.266388,92.023438,239.750000
350.655284,257.173564,89.192708,205.786458
347.697388,253.438466,87.575521,208.213542
343.828308,251.815572,87.953125,208.031250
340.985687,249.778442,81.304688,210.919271
338.425802,247.877808,79.973958,211.151042
335.819672,245.336365,73.770833,212.815104
326.748942,243.318685,78.838542,215.375000
320.074961,243.924266,82.651042,213.828125
313.523041,244.258209,82.125000,214.125000
304.780365,238.414459,78.000000,219.625000
297.340088,241.778503,87.500000,221.304688
288.739746,242.782186,87.575521,220.986979
280.049337,242.175964,82.640625,221.572917
274.784587,243.110901,71.958333,220.697917
264.670349,244.142914,80.109375,221.468750
256.511230,244.103790,76.687500,224.007812
249.645203,244.922760,75.812500,225.437500
240.580160,246.872111,72.578125,225.013021
233.956960,247.539500,69.906250,225.583333
229.219889,249.283712,72.166667,227.208333
226.702621,257.302917,63.625000,225.406250
219.375402,257.897471,67.937500,227.843750
208.792165,252.150065,61.625000,227.080729
203.871353,246.148834,67.601562,228.656250
201.738678,243.233978,58.187500,229.750000
197.685252,243.157054,59.000000,231.791667
189.718689,240.125824,62.757812,232.289062
183.649734,237.851196,66.406250,231.179688
177.121918,234.918447,72.041667,232.208333
173.828339,234.297882,77.593750,230.781250
173.144913,233.000275,83.046875,231.843750
174.406413,232.432810,87.406250,231.416667
178.902222,231.089803,87.809896,232.002604
187.481140,233.158936,87.656250,230.125000
196.885457,237.205933,88.968750,231.184896
204.921432,240.108490,91.070312,231.343750
213.738246,242.929769,90.843750,230.101562
226.427124,247.709625,90.062500,223.656250
240.964752,251.774790,87.502604,234.117187
253.883820,252.782176,80.453125,234.945312
265.131256,251.505249,75.117188,237.335938
273.150248,237.044535,72.770833,249.437500
281.506816,253.299327,65.375000,233.018229
286.517670,255.245514,59.578125,232.765625
287.445099,260.522888,56.703125,227.445312
290.705688,264.566081,60.898438,227.674479
290.382294,266.537384,61.937500,227.687500
284.611267,262.251973,68.958333,225.505208
295.455200,259.725199,59.505208,225.062500
300.822550,257.069641,64.489583,225.010417
302.365977,255.560404,67.526042,226.937500
294.743622,254.193817,56.429688,227.875000
297.152100,255.111145,56.195312,227.914062
298.997904,253.055949,63.385417,229.354167
294.612783,254.974304,65.322917,227.367188
296.201670,252.838928,67.083333,224.666667
295.459747,251.859680,69.765625,218.757812
289.167145,245.856934,73.187500,217.562500
286.207865,242.256571,54.854167,212.744792
283.497009,239.648214,54.427083,124.114583
281.575439,239.024668,50.687500,177.666667
277.878886,243.960673,52.424479,252.875000
274.280396,252.760956,56.078125,149.710938
279.505310,266.298096,49.156250,133.953125
284.040710,270.015544,47.755208,133.307292
285.974762,270.742798,47.320312,136.179688
289.653778,271.653717,48.617188,136.664062
296.164764,272.902496,46.984375,137.250000
294.000702,272.043620,47.119792,136.005208
300.976980,269.176310,45.156250,135.921875
310.630442,265.246419,41.364583,137.432292
315.666219,261.894847,45.041667,136.270833
324.513885,260.004272,60.179688,133.562500
333.494934,263.313599,48.203125,134.328125
309.440481,267.705750,85.765625,135.010417
321.096466,269.041931,80.802083,133.437500
332.607178,268.763000,74.921875,135.484375
352.237610,267.714284,63.638021,134.690104
353.389811,265.590352,69.041667,136.125000
370.683339,260.265442,55.713542,135.296875
378.082642,253.950104,52.046875,136.179688
371.891693,249.601562,61.195312,137.562500
379.357300,246.865051,55.851562,137.664062
377.541290,244.710114,61.156250,135.895833
374.638245,239.710419,63.687500,135.593750
374.173676,233.093018,65.281250,138.070312
366.334401,227.896840,70.705729,140.411458
362.660217,223.205627,73.000000,138.000000
355.406047,217.595917,82.572917,141.265625
348.097748,214.349915,79.375000,142.281250
341.923258,213.433380,78.276042,141.976562
333.428284,218.997396,76.000000,142.666667
322.409302,228.167409,74.403646,151.942708
318.353607,238.497355,70.718750,149.531250
312.801361,243.649841,64.984375,138.109375
304.037618,246.702484,59.934896,137.226562
290.909170,246.811584,59.734375,141.776042
280.124664,248.765381,60.578125,156.671875
268.730255,249.607391,58.445312,158.218750
241.043488,248.746460,77.000000,161.000000
231.282288,247.283783,67.117188,175.213542
221.677368,245.094360,68.195312,219.109375
215.549377,239.861847,63.437500,214.906250
206.845896,233.011861,63.799479,222.575521
199.928635,227.549805,66.531250,223.078125
197.652369,228.488485,61.611979,223.656250
193.378220,231.234955,61.156250,217.562500
185.376602,233.074117,64.627604,220.695313
179.044998,235.757080,67.234375,215.648438
176.126490,236.365926,66.531250,223.078125
170.932449,237.247284,66.421875,219.484375
167.460068,237.187958,66.007812,215.648438
152.766342,238.887756,77.453125,218.223958
146.377411,240.609070,82.468750,218.250000
139.979665,243.055074,87.968750,220.312500
135.330948,245.801056,92.820312,219.859375
165.551895,252.286133,65.695312,216.210938
142.768606,259.220693,92.630208,216.895833
149.569804,266.380341,91.921875,221.057292
155.046631,267.844513,88.117188,220.867188
157.476532,266.872142,86.468750,223.218750
158.906418,264.405060,88.687500,228.125000
161.907059,258.129913,86.734375,223.328125
165.680283,249.425934,87.250000,226.687500
172.433899,246.630330,82.083333,225.427083
176.041580,245.265198,80.187500,237.148438
179.246857,241.067352,81.500000,239.625000
178.574844,231.959320,87.718750,225.023438
173.954239,221.426636,94.268229,224.843750
178.017660,211.094330,81.494792,224.921875
179.138092,206.066864,82.562500,224.593750
181.895538,206.173431,85.375000,226.000000
182.005941,210.411682,85.044271,223.218750
181.032700,216.246460,85.843750,225.835938
180.712997,221.684418,85.812500,229.562500
178.519282,224.645650,88.500000,234.333333
176.524826,225.454865,87.093750,235.531250
177.416072,226.159434,84.677083,231.833333
176.616760,228.142731,85.812500,232.437500
176.672023,230.546509,82.789063,232.018229
174.412175,231.284098,83.166667,237.583333
173.712296,233.724457,82.640625,238.760417
170.347244,232.380676,82.046875,239.875000
168.694901,230.463236,79.776042,241.625000
167.625600,229.637248,78.062500,240.750000
163.256948,224.317261,77.640625,239.437500
156.093653,216.844910,78.630208,239.536458
153.000854,207.799377,81.062500,241.187500
156.215535,204.162130,78.765625,241.497396
156.932175,202.421539,79.203125,242.718750
155.025579,199.230367,81.354167,242.062500
153.787460,194.481659,80.921875,239.312500
154.043655,188.726186,81.791667,241.932292
156.414230,190.757172,82.375000,240.765625
157.264084,197.041168,84.273438,240.593750
157.804062,205.597015,85.609375,241.468750
158.581406,210.886078,82.000000,245.500000
158.129023,214.802745,85.312500,248.020833
159.837692,217.537476,82.843750,245.015625
157.712692,220.795288,84.125000,244.437500
160.410609,225.451396,86.203125,244.651042
159.607864,230.301005,85.729167,244.596354
159.509628,231.796021,84.708333,247.640625
160.582550,234.757904,82.562500,248.708333
158.956228,235.015045,83.213542,252.125000
156.735641,234.651988,84.072917,254.750000
157.068970,231.246541,81.880208,258.901042
156.994008,227.547119,82.984375,259.098958
156.779831,226.044037,81.742188,258.460938
156.713272,223.451558,81.052083,260.791667
154.607574,216.807556,78.296875,260.171875
150.598724,210.986735,82.783854,258.247396
151.881271,204.977905,81.742188,258.460938
149.814865,192.668335,82.843750,261.687500
147.788823,183.336100,83.828125,261.755208
147.400126,173.529409,82.432292,262.197917
147.752614,168.582235,83.828125,264.822917
146.891434,170.461914,86.078125,263.968750
147.022583,179.270233,92.726562,259.078125
147.560450,185.353455,99.109375,261.067708
146.084493,189.928162,105.861979,262.372396
148.767883,195.231384,107.257812,259.507812
149.369527,199.150187,108.632812,259.942708
149.863454,204.340413,109.645833,258.645833
150.387680,209.292653,106.541667,260.197917
147.572632,214.654907,103.768229,257.153646
142.858261,217.740021,101.546875,258.460938
138.284322,219.013997,97.666667,259.281250
135.925049,217.137421,96.312500,261.937500
134.517710,214.611491,92.817708,259.895833
132.609421,209.570221,90.531250,260.640625
130.888229,205.416779,89.039062,262.132812
130.859487,204.655802,85.729167,261.239583
131.000092,206.359680,82.421875,261.851562
129.116430,207.518463,77.765625,259.895833
126.474202,208.981405,76.570312,260.309896
127.396535,210.342377,75.640625,260.046875
125.622045,208.350698,72.330729,263.031250
126.935216,206.213003,69.375000,263.104167
129.511302,207.755880,65.567708,263.481771
134.758728,210.301575,59.453125,266.078125
137.092499,214.019592,60.416667,267.083333
137.603867,214.918030,60.117188,268.914062
135.693817,215.756653,73.140625,268.046875
136.443787,215.375702,82.015625,267.953125
135.533666,217.357015,90.166667,267.106771
135.026199,219.320150,94.666667,265.901042
134.785212,220.509399,96.260417,265.270833
134.925537,223.921173,97.875000,262.562500
136.430517,225.310323,92.729167,263.083333
134.439865,227.180532,94.645833,260.947917
133.051910,226.112813,94.367188,263.083333
132.505742,225.696147,93.020833,263.916667
131.577469,226.529480,92.437500,263.882812
131.625193,229.390157,90.518229,263.044271
131.231461,230.052917,89.515625,263.328125
131.562469,229.923920,91.546875,264.697917
132.836792,232.003113,88.328125,264.601562
135.433380,232.680400,89.520833,266.562500
137.328537,233.665344,91.992188,264.398438
139.876099,232.273865,91.843750,265.562500
139.346176,233.488922,91.562500,262.984375
142.176254,233.384827,91.562500,262.984375
143.765915,233.703247,89.945312,262.984375
146.695399,233.016408,89.229167,262.479167
149.304774,233.948710,88.799479,262.802083
151.559011,235.849152,88.513021,263.539062
154.067810,235.435608,86.921875,263.539062
156.699544,235.136119,82.927083,264.111979
158.061646,236.132334,82.708333,263.083333
159.406555,236.731537,83.265625,261.507812
159.575892,236.525696,86.351562,263.044271
163.940063,238.574402,85.000000,262.000000
164.000763,241.743103,87.546875,260.640625
168.817581,242.074890,88.117188,260.875000
171.991567,243.692393,87.395833,261.677083
172.321004,242.612834,85.460938,261.791667
176.301559,240.057281,79.671875,260.765625
177.519567,240.276510,76.427083,260.643229
181.155141,239.925741,72.223958,261.679688
183.674316,237.951355,72.093750,261.203125
186.338379,237.416046,71.054688,261.203125
191.117238,238.276113,70.544271,260.726562
194.335815,240.792267,70.289062,258.359375
199.005402,240.021790,69.906250,258.343750
202.195801,238.315175,71.052083,258.791667
204.253906,237.036713,73.117188,258.359375
207.527501,237.039866,73.781250,256.447917
211.114736,236.092875,72.354167,255.020833
212.791824,235.523336,71.833333,251.750000
214.583496,232.878988,71.052083,253.187500
215.878540,232.209056,70.401042,252.231771
215.813416,231.203949,71.921875,251.312500
216.078140,231.204163,71.921875,251.312500
216.144887,229.129537,69.268229,250.388021
215.026535,228.422770,68.247396,249.403646
213.731903,227.478973,66.250000,248.406250
212.893361,226.625417,66.588542,247.291667
209.968419,227.468221,66.588542,243.276042
204.666000,226.347504,67.406250,240.062500
201.528397,227.554199,66.364583,241.541667
196.360641,228.997487,69.114583,242.020833
191.673553,228.411163,68.734375,240.062500
188.480662,227.892751,67.927083,236.583333
183.762131,228.960052,68.203125,234.234375
179.563797,230.936615,68.203125,232.916667
175.442032,232.066203,69.385417,232.458333
171.915827,232.441569,67.804688,230.231771
163.165227,232.474131,73.916667,230.166667
161.579427,231.253062,66.716146,231.677083
148.846339,232.059743,91.052083,231.276042
145.803126,233.293498,71.145833,230.322917
142.129842,235.973155,69.596354,228.791667
137.649948,236.726308,67.007812,228.791667
130.388799,237.189921,74.328125,227.416667
122.297363,237.793701,68.578125,228.062500
117.767899,239.121826,68.843750,226.710938
112.141418,239.998098,70.010417,227.562500
107.646815,240.908752,73.330729,225.882812
105.258738,242.353109,74.190104,224.562500
102.391693,240.640442,72.859375,224.562500
98.369751,241.296051,74.046875,222.796875
94.736923,242.434041,77.296875,219.182292
95.827001,243.914734,76.979167,216.726562
94.517090,243.565277,76.250000,214.656250
93.384577,241.145864,76.851563,216.578125
92.584442,241.390686,74.906250,216.000000
91.097463,241.523499,75.229167,214.408854
89.771940,239.535227,75.229167,215.734375
89.282135,239.818634,75.375000,216.156250
88.791489,240.102966,76.851562,215.247396
89.530380,241.232727,74.476562,214.750000
90.278165,243.596405,76.109375,214.468750
92.745341,244.576599,74.333333,214.333333
93.492732,245.623464,75.960938,215.361979
95.888163,246.137777,75.666667,213.000000
99.734344,246.304454,73.760417,212.666667
101.784882,246.458099,74.062500,212.359375
102.632197,246.164612,74.208333,211.473958
106.141541,244.616191,72.901042,210.166667
106.758179,241.328827,70.609375,211.117188
108.052795,240.692108,71.039062,211.117188
109.495855,242.391327,69.906250,210.270833
109.452550,242.196004,69.203125,210.661458
108.335358,241.370483,68.921875,209.796875
105.970774,240.550171,68.640625,210.184896
103.462290,239.621165,66.973958,207.635417
101.188873,239.688873,67.375000,205.041667
99.193130,239.905029,66.007812,202.156250
96.286975,238.377085,68.520833,199.945312
95.013336,240.977539,69.395833,197.638021
93.202835,240.814453,70.320312,196.799479
90.224800,238.977386,69.687500,198.476562
84.863625,235.910980,72.140625,196.023438
83.151093,232.110118,69.979167,198.083333
84.139938,231.300232,69.687500,198.476562
83.685453,231.911469,69.541667,198.057292
84.710915,234.856639,68.174479,196.416667
84.874306,236.016418,67.315104,196.328125
85.313059,236.649231,68.083333,196.260417
85.738889,238.291779,66.885417,196.260417
89.198830,240.380015,65.406250,195.411458
93.243645,242.036133,62.208333,196.395833
95.485362,246.744171,63.156250,195.526042
101.857122,248.804016,57.770833,195.156250
105.199407,255.539530,56.338542,193.578125
107.149475,256.036916,58.692708,194.760417
109.729401,255.913940,53.140625,194.031250
112.872187,253.078888,51.875000,192.841146
114.036936,251.425954,50.750000,191.708333
117.013906,253.464915,44.895833,187.812500
119.891230,257.150096,43.739583,185.557292
123.028244,260.591583,43.406250,189.062500
123.280807,262.507660,49.343750,187.867188
123.507965,262.926300,48.468750,187.968750
122.674276,259.654114,49.106771,187.536458
119.116776,255.364675,49.744792,187.026042
114.967967,250.751556,54.276042,186.963542
111.499313,245.673910,55.572917,187.807292
109.696574,241.212301,57.174479,187.541667
108.262889,239.321971,59.359375,186.885417
104.875305,238.318329,55.296875,186.695312
100.922282,237.086222,64.541667,186.416667
93.008514,235.504761,61.156250,186.937500
86.112213,233.834574,65.843750,185.804687
80.400569,229.218536,68.354167,188.708333
76.361649,224.718913,67.528646,187.054687
73.794785,220.362457,70.500000,189.953125
69.771118,219.532471,71.125000,187.656250
77.696655,219.692973,59.750000,182.145833
79.719363,224.633830,58.968750,172.973958
74.586619,227.586253,60.752604,162.791667
72.965218,229.220652,54.083333,159.302083
84.624901,233.687124,40.645833,125.343750
81.481127,235.539164,39.437500,123.145833
78.762375,237.432617,39.187500,121.250000
76.272792,237.574615,36.458333,121.250000
71.737404,235.887512,39.921875,121.437500
68.138580,234.465332,40.960938,121.609375
66.599907,237.958822,39.052083,122.473958
65.953313,243.011922,42.536458,159.984375
67.045959,248.431030,55.000000,122.500000
69.164040,252.162781,40.453125,120.937500
70.075905,252.315155,37.000000,121.750000
59.374786,251.182129,47.210938,119.015625
55.673640,251.402079,56.307292,89.940104
52.216153,248.986735,60.223958,88.052083
49.926214,247.953440,68.265625,113.856771
51.101407,246.528422,67.848958,118.182292
48.331779,245.751261,72.820312,119.049479
81.548241,242.477112,49.416667,120.312500
79.120356,238.291606,46.260417,119.500000
87.140175,234.854401,46.312500,121.312500
89.483925,233.093445,45.531250,121.312500
95.416862,232.994965,42.343750,122.734375
101.313273,237.809326,43.898438,122.921875
104.913116,244.113434,47.703125,124.265625
104.186974,246.716003,45.531250,122.875000
105.026588,244.636780,46.171875,124.265625
105.587654,240.647186,38.500000,124.437500
106.932922,237.700104,45.531250,124.945312
105.550583,236.155945,58.619792,124.026042
105.744082,236.268422,54.968750,124.473958
107.704397,240.152893,62.687500,124.375000
110.198430,244.176860,59.567708,123.541667
112.398239,245.435445,56.453125,122.468750
113.569916,244.700267,48.541667,117.307292
112.269694,241.236379,48.630208,116.442708
110.714951,236.980438,45.859375,118.562500
111.573410,234.817413,44.789062,113.070312
109.639114,234.859426,67.601562,111.286458
101.909856,235.593160,58.197917,112.385417
109.885727,234.451324,42.820312,122.515625
106.186386,230.719177,43.750000,116.500000
102.142703,227.783427,47.888021,114.973958
100.188281,225.160665,54.250000,122.291667
97.557457,224.970530,50.833333,161.401042
93.077215,224.745717,50.062500,175.989583
87.453362,227.173848,50.692708,177.494792
80.396469,227.977448,48.755208,178.505208
74.994995,232.454407,54.882812,184.390625
69.654765,239.511363,55.427083,177.145833
62.016080,251.061879,78.971354,175.695312
59.127368,255.213755,75.625000,178.234375
52.849096,254.715474,70.666667,179.520833
47.682299,255.796834,94.744792,218.213542
47.836708,253.063273,92.239583,218.294271
44.779734,263.851013,98.052083,214.010417
43.478310,263.929596,100.218750,217.958333
43.427010,261.693878,103.906250,219.328125
41.669576,257.757711,102.877604,220.539063
40.794456,252.453552,100.562500,225.015625
50.138662,251.865306,97.510417,229.502604
60.153404,252.264384,90.276042,229.312500
69.313619,253.089773,87.406250,232.856771
71.196218,252.216654,89.666667,236.520833
75.280556,250.275726,87.250000,235.312500
75.526459,244.185669,84.828125,235.140625
88.549355,240.546387,73.265625,235.140625
92.258743,237.274984,84.716146,238.424479
100.889114,234.391418,90.447917,239.046875
107.356883,230.989644,85.729167,240.057292
109.534770,232.771881,89.281250,240.830729
113.607676,233.228322,99.580729,240.830729
125.596085,233.875702,93.812500,240.765625
127.666168,235.009827,90.062500,241.625000
130.279907,234.334167,97.304688,240.997396
133.345332,236.251414,99.765625,243.994792
136.177933,239.315033,103.500000,241.234375
139.472336,241.164795,98.695312,249.242188
139.007812,238.501740,100.914062,254.750000
138.066691,238.548787,108.421875,251.651042
138.993652,240.349152,105.000000,251.250000
146.683568,242.583171,99.489583,252.875000
149.260564,241.881002,102.226562,258.083333
154.313705,242.359467,94.070312,260.617188
157.361827,243.701884,93.773438,263.044271
155.215363,244.197662,100.919271,264.721354
163.764465,244.420776,96.609375,264.750000
162.119634,243.427531,100.218750,267.236979
171.340724,244.132009,94.041667,266.833333
172.765879,246.000448,93.458333,266.817708
173.619517,244.371440,89.312500,269.208333
175.101776,244.699707,88.656250,268.750000
171.374563,243.597961,96.312500,269.463542
177.131032,240.699015,88.187500,270.635417
170.951599,238.862000,92.289062,271.664062
173.567017,237.187775,85.093750,271.070312
171.840780,235.302724,90.656250,271.541667
168.542658,232.652740,91.992188,272.380208
165.846497,229.742727,90.541667,272.822917
172.341314,230.019979,86.986979,270.317708
170.253189,229.591370,89.958333,271.052083
171.461121,226.764791,91.416667,272.250000
176.932302,227.220225,84.804687,273.776042
178.123789,226.901093,85.192708,277.406250
179.680237,228.872345,87.484375,281.273438
179.404882,229.487864,88.046875,281.484375
174.475550,229.994741,93.031250,278.708333
174.255656,230.959167,92.236979,278.028646
171.393066,231.858948,93.750000,279.250000
169.040278,231.778127,95.208333,281.942708
167.385503,231.539469,96.229167,286.687500
166.561681,230.342773,95.674479,291.908854
165.183904,230.345367,96.677083,294.989583
163.679321,230.344971,98.562500,297.171875
163.197581,228.959218,94.854167,296.729167
163.522751,227.425720,97.250000,300.250000
165.264028,227.963196,98.825521,299.812500
161.494863,227.407562,104.614583,302.911458
162.231318,228.884084,103.958333,302.520833
161.303833,229.654236,107.937500,305.218750
161.222448,230.727325,108.023438,305.171875
162.427190,231.949829,110.807292,303.916667
164.766271,230.431081,108.468750,304.552083
167.209646,231.507650,108.617187,303.083333
169.118958,229.174906,106.583333,306.437500
170.485855,229.385834,117.734375,306.015625
174.508636,230.380005,108.625000,304.656250
174.143148,231.158508,110.807292,305.809896
177.226486,228.705241,108.479167,313.841146
177.726674,229.746999,112.166667,317.250000
177.763535,229.694173,112.625000,322.166667
179.509806,228.292104,109.138021,313.617188
180.367905,225.848785,106.989583,318.968750
179.477285,227.025869,108.770833,320.463542
180.839264,224.568939,107.992188,323.921875
176.869451,225.134267,110.083333,326.302083
175.262197,223.296529,113.070312,337.210938
172.880569,221.620534,113.005208,334.979167
168.661067,220.869751,128.804687,341.812500
167.339920,222.712463,115.328125,341.867188
164.749466,220.342662,113.583333,344.781250
163.981013,218.273041,115.041667,341.088542
164.388336,215.362579,112.432292,341.375000
164.012085,210.990590,110.713542,342.109375
166.461685,214.791270,110.283854,338.786458
168.303991,220.744029,113.515625,338.546875
172.610245,226.995819,111.250000,337.656250
177.819626,227.094208,107.312500,341.593750
182.932129,232.509583,106.609375,341.296875
184.753398,237.227844,106.750000,339.791667
187.814306,238.961304,108.135417,339.937500
193.703796,238.460083,104.515625,336.937500
196.389191,234.105550,102.291667,336.041667
201.381210,230.257965,107.276042,329.489583
206.839661,224.518250,101.007812,332.398438
202.202067,220.926239,107.895833,335.049479
206.844737,214.176534,104.052083,331.955729
201.575195,205.887482,111.437500,330.375000
206.976410,202.554688,106.585938,325.726562
202.828257,193.720723,107.419271,327.997396
203.578959,189.015889,108.278646,324.786458
203.019699,184.722107,105.343750,321.760417
202.234161,182.296397,102.583333,321.083333
201.978958,182.225983,103.093750,320.515625
197.450312,184.629628,109.062500,317.604167
194.001221,188.446147,111.585938,315.296875
204.521851,194.721415,106.187500,314.614583
205.047272,208.067871,109.656250,309.812500
200.648671,216.988749,111.864583,312.567708
203.487213,228.139099,106.187500,306.822917
195.830963,230.530121,110.203125,311.664062
195.089335,235.068888,105.062500,301.625000
186.431513,230.685038,106.835938,307.367188
183.299540,230.938934,104.841146,304.971354
178.590012,226.299622,103.552083,304.927083
173.047180,220.880341,100.984375,304.656250
163.284271,217.317841,107.031250,304.468750
165.463959,215.253998,100.789062,298.484375
159.898158,203.712921,104.015625,302.817708
154.345479,200.456594,105.500000,299.833333
154.026810,201.432312,104.250000,297.843750
157.403493,198.718597,101.690104,297.578125
168.258667,197.110687,96.786458,295.588542
161.498255,192.232340,103.255208,295.424479
164.477829,189.998169,102.500000,292.812500
161.745392,188.845642,107.015625,293.890625
163.259740,193.521108,108.244792,291.833333
167.395818,198.007528,105.351562,290.255208
160.094299,200.554606,112.197917,292.666667
139.467692,203.057261,132.432292,290.151042
148.567225,205.356232,127.166667,290.789062
138.243378,208.351308,139.723958,288.356771
144.844432,211.076904,138.328125,288.140625
149.195694,216.016459,136.247396,288.140625
154.410940,218.711039,134.890625,291.096354
152.965663,220.700144,140.817708,288.625000
156.744202,220.595123,136.046875,287.218750
159.312195,221.845886,137.000000,287.000000
165.948995,222.488057,130.322917,285.510417
183.726308,224.404816,113.072917,285.046875
179.715546,223.565063,116.664062,285.570312
180.534042,220.694916,114.421875,285.484375
168.625249,214.957072,129.880208,284.536458
184.003281,208.391561,117.093750,283.494792
178.153829,198.935923,124.182292,282.296875
181.630844,191.871460,124.234375,286.679688
182.952352,190.286021,124.578125,285.604167
191.160217,194.445831,122.000000,282.703125
192.831106,194.882833,127.083333,286.541667
194.582815,199.581126,126.984375,283.510417
194.054118,200.093730,130.554688,284.518229
209.765523,203.497121,114.750000,283.479167
216.905294,207.352793,107.182292,282.932292
213.037140,211.243083,115.166667,284.632812
217.797668,216.833252,103.375000,284.359375
208.319468,222.726329,112.398438,283.916667
206.794617,226.256561,110.687500,284.359375
197.309906,228.301819,117.500000,283.148438
196.528066,228.829610,114.580729,284.020833
197.343933,231.321320,113.468750,283.093750
197.729034,231.613983,110.218750,283.148438
186.130473,230.155813,123.364583,283.518229
185.421265,227.471100,123.382812,283.421875
184.507782,227.495646,126.973958,284.911458
184.268921,228.375549,127.671875,284.593750
186.027242,229.028381,130.270833,284.255208
184.490967,228.869537,130.625000,283.125000
185.488312,226.006287,129.242188,284.281250
185.641357,223.877014,128.718750,286.937500
184.698608,226.217773,132.890625,289.630208
183.631093,228.044312,135.166667,292.333333
182.430491,228.086233,135.046875,298.234375
183.192902,227.632690,130.078125,298.270833
184.676910,226.492554,128.359375,303.960938
172.094874,228.127879,139.562500,305.067708
175.448125,227.902629,134.127604,306.994792
173.285070,226.237406,132.731771,307.718750
167.302038,224.697469,134.520833,309.276042
158.220301,222.508779,143.500000,309.750000
153.783574,220.925802,143.739583,310.604167
154.990097,220.411499,136.078125,310.640625
149.621979,219.651947,138.593750,310.585938
125.420090,218.431274,159.822917,312.614583
152.965408,217.762787,131.101562,312.830729
158.383774,218.848562,123.317708,315.817708
143.919617,215.520416,135.765625,317.406250
142.916473,214.512441,136.822917,318.585937
129.190542,215.252614,148.036458,316.929688
132.134150,212.862762,142.054688,317.861979
124.579636,214.084920,148.330729,315.843750
126.468109,210.269928,144.281250,320.312500
122.357269,210.844432,150.927083,315.036458
125.680054,209.840942,142.234375,318.265625
130.266800,207.646484,138.593750,320.703125
127.659668,207.345205,137.708333,320.656250
128.821381,206.618683,137.617188,321.132812
115.178558,208.376587,151.585938,320.242188
118.518926,210.152201,147.927083,315.843750
115.061956,212.613820,153.463542,318.458333
118.364924,214.599162,150.026042,317.942708
102.420359,214.685577,167.229167,318.729167
92.921906,216.038534,179.307292,318.473958
116.437078,215.873240,155.036458,317.875000
89.036606,213.655365,184.515625,321.625000
113.779409,213.519277,162.018229,320.830729
107.130630,214.594879,168.578125,321.117188
121.467209,213.884460,153.578125,321.414062
119.498906,214.733093,156.708333,320.833333
124.586512,216.244710,146.367188,319.122396
124.679087,215.904205,153.539063,320.315104
110.569199,216.701569,167.640625,319.515625
117.464157,217.328562,161.911458,320.648438
118.770259,217.262217,158.786458,318.734375
115.185003,218.302734,162.328125,317.203125
123.557343,215.836416,155.018229,319.882812
123.836975,218.041260,151.750000,319.250000
120.328888,222.574219,155.554688,318.578125
113.817734,221.929565,158.828125,318.789062
112.840083,221.243479,158.786458,318.734375
109.836858,220.661845,160.369792,319.739583
109.089920,219.943939,161.140625,321.281250
119.719177,221.650197,150.500000,319.500000
90.839310,218.600769,178.187500,321.625000
102.088577,219.588745,168.437500,318.250000
86.565114,219.191243,180.833333,321.666667
121.353724,220.836466,144.333333,319.020833
120.931178,218.581787,141.421875,320.140625
87.045695,217.867147,173.268229,320.630208
100.712596,219.567424,159.927083,318.854167
80.739766,221.151622,182.562500,318.734375
128.561447,220.012115,133.289062,321.632812
104.238434,219.971436,156.505208,320.531250
120.353526,216.405650,141.494792,320.895833
123.211197,216.212830,137.125000,320.687500
118.173701,215.874268,142.953125,321.937500
102.127670,215.928355,160.614583,320.229167
120.372279,215.562236,143.549479,324.395833
110.394714,217.995911,155.554688,322.812500
108.686437,223.737295,156.885417,321.312500
111.338353,224.796580,154.937500,323.841146
115.340520,226.812307,153.169271,322.484375
117.393789,227.233805,152.614583,323.447917
117.995956,230.284698,154.000000,324.000000
120.284800,235.169291,155.500000,325.020833
121.827703,237.996775,154.278646,324.828125
124.577189,240.595927,153.354167,325.020833
129.731567,238.798503,149.062500,327.166667
132.032221,241.140035,148.882813,324.627604
126.585673,241.030874,152.244792,324.791667
126.102554,238.687236,153.908854,326.200521
126.732442,236.181925,150.140625,327.380208
125.432226,228.842051,147.802083,324.828125
131.000132,224.287974,145.643229,322.669271
126.526357,215.948619,145.677083,322.268229
124.792898,205.811961,148.523438,323.841146
125.296860,199.741587,149.960938,324.828125
125.400848,197.257182,149.601562,326.200521
127.341019,191.790944,149.960938,326.986979
125.758886,186.708211,152.666667,326.000000
129.809107,183.568054,150.005208,323.473958
127.683044,181.402130,153.015625,324.859375
128.908005,182.096741,152.406250,323.851562
128.880330,184.816864,153.914062,317.908854
156.723780,191.190521,125.093750,312.322917
144.370967,194.241801,139.536458,309.088542
148.110189,194.749084,134.333333,301.000000
147.234650,198.352315,134.893229,293.505208
150.816355,203.762390,131.677083,288.489583
156.599645,215.085541,129.815104,284.393229
155.132248,227.400146,131.859375,276.390625
157.012115,244.113617,130.812500,264.500000
157.034378,252.999268,129.562500,256.234375
158.915629,260.982239,127.322917,247.989583
160.395905,269.905579,128.757812,241.703125
161.096100,277.358490,131.351562,237.835938
161.973984,280.832947,129.515625,236.000000
158.783880,282.448914,134.072917,232.510417
160.956161,284.116943,129.515625,228.656250
157.031682,279.626821,131.981771,232.460938
160.364929,284.586884,125.882812,227.236979
163.037537,277.926270,127.000000,237.250000
162.907583,273.034973,122.088542,243.177083
163.590042,270.241180,121.390625,245.375000
163.052277,267.174561,123.187500,248.968750
163.331228,264.052775,123.309896,254.747396
163.556488,260.527262,124.705729,261.335937
164.567047,255.830933,121.500000,264.593750
163.113922,253.109080,120.666667,272.119792
164.418605,252.847188,121.833333,274.763021
163.835266,252.595856,119.187500,281.218750
163.154999,252.869609,119.348958,287.328125
164.438858,252.632568,116.781250,290.453125
164.751358,252.812673,116.156250,296.567708
162.954961,251.609548,115.158854,300.908854
163.535400,251.032440,112.921875,302.031250
164.048080,247.552256,108.479167,306.164063
160.834534,247.665894,111.109375,310.445312
158.725433,249.003510,113.223958,312.518229
159.172653,246.897176,105.906250,313.776042
156.471456,243.082509,107.166667,315.708333
154.648163,240.892069,108.041667,312.567708
152.732035,241.041229,108.041667,312.567708
151.272583,243.491740,110.250000,311.500000
148.100550,246.040751,117.598958,312.567708
145.776199,243.925934,125.921875,310.421875
141.979874,243.182861,135.226562,308.359375
137.852554,243.557475,143.989583,306.302083
135.194061,247.421234,150.031250,302.984375
132.169932,248.219940,157.666667,304.541667
125.216141,252.383240,165.213542,299.388021
115.864848,253.705729,177.265625,294.776042
109.053401,252.504639,181.354167,292.026042
97.542597,250.763713,192.427083,288.140625
87.610168,254.322083,201.390625,283.656250
80.419230,258.642293,207.575521,281.507812
77.659042,262.740173,211.781250,280.562500
71.117126,267.229451,215.739583,279.031250
67.014893,268.808675,223.544271,280.901042
67.765951,269.000732,227.333333,283.333333
64.501139,268.097249,228.750000,285.687500
60.741547,271.799988,231.250000,281.617188
57.802277,270.381897,234.406250,282.531250
57.475845,267.916321,231.078125,281.937500
60.688431,263.795349,227.187500,282.531250
61.805120,266.044657,226.697917,281.921875
69.178579,265.299774,220.458333,284.864583
71.749797,267.355906,218.302083,286.799479
73.101064,266.669942,215.466146,288.526042
72.345779,261.189728,213.343750,291.203125
76.101140,260.579468,207.739583,293.687500
84.788818,258.882996,199.875000,299.312500
87.215098,257.767008,194.375000,302.572917
88.744837,257.062429,189.557292,304.531250
93.830673,260.036804,179.984375,306.859375
99.712097,260.489410,168.578125,313.812500
102.101008,258.347961,162.208333,316.791667
100.722092,256.784566,154.307292,314.184896
101.787089,253.442362,148.333333,315.166667
100.161509,251.548899,145.294271,321.893229
99.874471,253.932424,144.515625,322.822917
99.834783,255.717773,141.833333,323.833333
100.025289,252.163289,142.510417,323.208333
100.489532,249.977112,145.375000,324.750000
103.368093,246.450694,145.718750,325.520833
106.923645,244.811096,143.695312,328.101562
106.622910,240.944824,143.187500,331.312500
109.644852,241.572805,143.864583,328.489583
111.085281,239.889699,144.880208,330.817708
115.714366,240.717143,133.135417,330.218750
118.420095,237.089528,129.908854,328.734375
120.418798,238.758565,132.372396,326.200521
121.785634,240.344869,133.166667,323.833333
124.755076,240.589600,134.364583,323.656250
131.390610,244.103027,134.203125,321.117188
132.742294,246.614899,138.666667,321.505208
136.806000,248.477478,141.664062,319.117188
141.151347,248.673421,140.833333,322.179688
143.784973,249.094065,147.911458,325.520833
144.118912,254.415365,155.531250,319.020833
144.305532,249.784108,161.489583,319.718750
139.743927,252.053009,172.679688,316.890625
139.326859,250.660645,174.437500,315.500000
136.178528,251.737518,133.765625,314.601562
135.960139,253.721751,146.690104,309.776042
126.207469,252.637634,167.666667,307.250000
127.785670,254.075673,196.937500,305.791667
130.569855,250.328328,174.770833,307.385417
126.667948,248.752197,176.692708,307.906250
126.488617,247.514384,175.687500,307.822917
122.029867,247.099681,177.721354,305.229167
117.433884,244.644541,157.507812,307.210938
111.623199,244.669800,132.531250,305.031250
110.464767,244.730225,138.140625,305.984375
107.099436,248.692464,138.239583,303.734375
100.885864,248.208771,181.703125,304.179688
98.695786,252.858368,196.929688,304.375000
93.432241,255.221436,195.791667,304.255208
91.598999,255.245270,194.593750,302.914062
87.177063,257.983877,196.455729,302.231771
85.374664,263.469635,195.250000,299.312500
84.502986,267.196320,194.156250,295.333333
81.213562,269.152893,195.570312,291.710938
79.529104,272.901367,196.013021,290.078125
78.782532,270.760376,194.593750,289.085938
74.622187,269.227987,171.932292,287.427083
76.534709,270.653737,191.765625,283.859375
78.434001,274.992605,189.770833,281.854167
79.332794,278.636597,191.906250,280.375000
78.564962,276.837921,192.320312,282.075521
76.693136,277.362996,191.505208,275.906250
69.533417,276.608877,195.062500,276.520833
59.244909,275.180562,201.799479,279.216146
53.485138,277.478038,203.651042,277.791667
46.956202,275.653524,201.390625,275.609375
37.413330,277.524089,199.492188,268.106771
21.400457,274.541565,202.906250,270.208333
8.158285,266.527344,205.531250,278.578125
2.641220,264.392853,204.078125,278.375000
1.383855,263.000997,198.708333,280.263021
1.658577,258.327881,189.289062,279.765625
1.046959,255.451141,178.484375,279.218750
0.255213,250.378225,170.763021,287.039063
-1.753619,246.163951,168.481771,292.372396
1.410047,241.719065,160.203125,298.640625
3.445412,236.610423,155.239583,300.406250
10.576920,233.958282,145.218750,302.750000
18.897001,230.499298,138.786458,308.369792
30.905085,229.087402,122.093750,311.807292
40.049054,226.383036,116.000000,317.250000
52.833593,224.879639,102.721354,313.841146
56.987142,223.490540,98.229167,313.255208
64.245173,223.965179,97.200521,315.013021
69.495463,225.183584,90.067708,311.828125
70.893339,226.277924,98.854167,310.289062
73.954379,228.917358,113.875000,305.583333
73.802292,232.677246,129.031250,306.015625
73.980377,233.714661,143.312500,305.390625
75.959763,233.084198,152.513021,306.101562
77.118368,234.583516,164.281250,305.791667
80.065765,238.917918,161.052083,305.098958
84.306066,244.058258,150.127604,303.843750
84.936732,249.130371,163.645833,302.114583
93.925969,252.070994,161.416667,301.208333
102.334529,259.939473,167.721354,302.468750
112.106547,266.451986,166.666667,299.666667
122.203827,270.468536,163.968750,301.328125
129.093007,271.765991,155.588542,303.255208
136.071960,268.621826,145.000000,300.250000
147.416321,264.037079,133.007812,308.296875
154.687057,262.231537,124.531250,304.593750
161.951594,257.232320,120.075521,309.789062
175.568090,255.399465,102.867187,312.593750
186.637945,256.835388,88.208333,313.812500
197.087006,257.367747,78.489583,314.562500
