98.000000,236.000000,27.000000,82.000000
103.661003,238.132812,24.625000,82.210938
99.955856,239.715271,30.062500,81.625000
102.355446,241.516998,33.976562,80.734375
105.918116,241.697550,37.276042,81.843750
106.166672,241.371765,43.997396,82.640625
104.190796,242.378235,47.765625,82.554688
102.813525,242.285878,49.515625,83.057292
103.093948,241.995890,49.953125,82.588542
104.069478,239.427012,47.963542,83.020833
103.831177,238.076202,44.445312,82.054688
107.730469,237.768280,38.500000,79.125000
115.084198,235.862030,31.875000,80.562500
117.209513,232.817128,39.992187,81.809896
118.155767,230.711141,31.041667,80.395833
107.865163,227.825490,50.000000,82.666667
117.355097,226.853343,39.625000,82.005208
117.668610,225.905060,39.250000,80.875000
117.371735,225.821726,41.609375,81.041667
115.071498,226.181549,52.684896,81.140625
120.384628,225.567444,50.359375,80.828125
116.644318,225.984863,55.453125,79.796875
118.044144,226.028198,54.078125,79.609375
119.243301,226.351074,51.781250,78.864583
120.250458,227.283356,49.000000,78.333333
122.454458,226.742513,44.270833,79.791667
123.322662,226.954885,40.947917,80.281250
121.438451,226.924622,43.000000,80.916667
122.341085,225.111104,41.390625,82.393229
123.053986,224.256683,41.828125,83.265625
122.609868,223.367126,45.250000,83.354167
137.338654,223.571960,34.401042,82.296875
139.291453,222.537211,35.588542,82.700521
140.411346,223.623484,40.739583,82.750000
141.871552,224.016205,43.203125,81.937500
137.872548,224.193573,47.114583,81.700521
131.013524,224.436198,50.765625,82.666667
127.920873,225.090800,49.187500,80.643229
126.422104,225.450500,48.335938,81.406250
125.112793,224.974335,45.093750,78.812500
126.580353,224.664612,43.585938,79.382812
110.045303,201.827637,57.500000,102.229167
114.845306,223.580699,49.963542,80.333333
123.029027,225.398997,40.395833,78.500000
122.654322,227.097432,42.002604,78.109375
125.477295,227.179626,34.250000,78.187500
125.793869,229.437195,33.776042,77.854167
127.400660,228.146108,36.942708,79.859375
126.421616,231.106903,43.750000,76.937500
120.711156,233.537882,48.882812,74.302083
115.966197,232.271383,50.791667,76.932292
115.030299,233.649048,49.828125,75.869792
116.654037,235.274963,48.265625,74.734375
117.464874,232.169505,46.479167,77.208333
118.335826,230.753866,41.455729,76.932292
121.216131,231.485769,37.059896,76.666667
122.778076,230.469513,34.187500,78.062500
128.398092,229.751587,29.968750,79.859375
131.691218,229.858103,29.072917,79.604167
128.238892,230.911713,34.822917,80.583333
133.917114,230.078369,30.166667,80.687500
135.180644,230.660044,31.114583,78.072917
136.276601,241.117493,32.828125,69.203125
136.092667,229.114360,35.635417,78.187500
133.199432,229.549021,41.940104,79.252604
135.462657,229.775848,41.820312,78.830729
134.272827,228.723450,43.203125,80.273438
133.996699,228.382823,41.729167,80.062500
140.197525,229.822083,40.101562,76.796875
143.555450,230.038879,41.492188,73.429688
145.390132,231.068573,35.125000,73.041667
150.419266,232.583160,30.390625,74.218750
151.913823,234.408356,26.947917,71.989583
156.213791,237.425913,26.638021,71.854167
154.967270,232.836029,31.359375,74.406250
152.838394,231.103790,32.929688,77.250000
150.624252,229.025391,38.000000,79.500000
147.056442,227.981934,41.304688,80.039062
146.173676,226.800486,43.309896,80.125000
147.599442,226.412292,44.937500,79.046875
145.668523,225.681101,45.901042,78.059896
149.526154,227.190002,40.500000,76.296875
164.649902,228.140106,25.023438,74.828125
158.270981,229.590505,33.322917,76.234375
160.865743,231.698232,33.247396,73.953125
165.311559,231.700562,32.664062,75.385417
171.184168,231.934875,30.705729,75.994792
167.630829,231.195587,35.500000,78.000000
165.189682,230.501190,40.781250,75.851562
164.119573,223.937785,37.815104,81.773438
164.565735,209.431488,39.828125,95.851562
165.893229,225.107096,39.908854,78.817708
168.600377,214.440470,37.166667,89.156250
171.477015,210.137004,37.059896,93.218750
177.179810,229.118866,49.476562,75.140625
184.363851,225.137441,36.716146,79.026042
186.070328,227.963643,25.635417,77.705729
186.180359,231.145325,40.312500,75.375000
185.255188,231.848877,39.781250,73.250000
184.377375,230.572774,41.416667,74.255208
185.388840,228.011871,45.687500,75.140625
186.020243,227.351278,39.971354,75.739583
184.995748,228.233846,42.992188,74.346354
178.601135,227.859914,48.250000,73.333333
181.028620,228.766235,42.791667,73.520833
180.060730,229.230316,44.359375,72.484375
186.935659,229.797953,37.257812,75.242188
190.098862,229.853424,33.265625,74.281250
194.998027,228.705607,31.208333,76.000000
193.504990,228.970764,32.171875,75.713542
189.510010,229.407501,34.007812,77.171875
188.448654,230.458069,33.976562,76.375000
187.273209,231.266134,34.687500,73.989583
184.991699,232.517832,34.333333,73.916667
186.955582,234.117238,32.036458,74.119792
186.695389,237.025604,30.500000,71.500000
188.017410,238.166290,28.164062,71.054688
189.488174,239.259064,24.109375,72.593750
192.660507,239.038116,25.921875,72.328125
189.421885,238.685323,32.432292,74.046875
188.132874,239.479492,33.356771,73.005208
187.031219,239.350250,35.437500,74.859375
186.371796,238.961639,36.742188,74.390625
186.085800,239.842773,38.000000,74.000000
186.561269,239.812093,38.348958,72.015625
189.699046,239.802867,37.815104,71.882813
191.281494,241.082540,51.182292,70.401042
196.096319,240.779063,45.309896,70.934896
198.005564,239.270874,41.625000,70.333333
199.901932,237.535706,35.546875,71.125000
202.720846,236.152334,31.843750,71.010417
202.227788,231.810954,30.695312,74.059896
199.403330,230.391052,31.638021,74.531250
199.996485,229.666718,32.171875,71.755208
198.695923,229.722087,35.679688,71.364583
196.161433,230.960154,37.276042,70.442708
206.952382,232.986450,27.432292,69.195312
206.122650,232.245890,29.648438,70.861979
208.662933,232.524272,28.791667,70.479167
213.857839,232.237681,25.039062,70.760417
214.140315,230.528188,26.083333,71.322917
214.315297,234.298513,30.289062,65.945312
216.088593,227.622884,34.122396,73.114583
216.616435,227.495514,32.687500,71.856771
218.187134,228.869263,32.804688,69.679688
221.744370,234.309204,32.484375,65.906250
225.233699,225.947337,30.708333,73.833333
208.417175,236.796753,48.994792,63.343750
207.473272,238.326111,53.859375,78.734375
224.206665,235.843791,40.187500,84.273438
211.365321,235.614451,56.791667,66.000000
214.455622,231.219096,53.796875,71.963542
217.807515,239.725586,53.479167,63.617188
222.497670,242.644368,51.312500,60.296875
224.943817,234.542206,54.187500,67.484375
223.160746,239.275218,55.609375,63.497396
224.769806,243.049957,54.015625,71.078125
224.523895,236.051270,57.375000,79.796875
225.649567,242.104919,56.093750,72.218750
227.294444,237.468018,60.531250,76.406250
225.656311,234.541962,66.359375,78.875000
228.705455,233.601379,62.588542,79.776042
238.224884,234.612793,53.734375,79.046875
237.810445,237.699402,53.135417,74.802083
238.060364,237.980652,58.093750,75.812500
240.710775,230.516347,57.630208,82.875000
237.622569,240.870107,61.156250,73.330729
236.248627,232.849792,61.492188,79.570312
233.421326,234.939240,65.895833,78.291667
231.733154,234.349121,70.031250,76.640625
230.740662,235.156738,69.296875,75.171875
233.105499,233.451355,68.322917,76.372396
233.371246,232.868683,69.835938,77.484375
233.941884,232.839661,68.192708,77.197917
236.621918,231.229584,87.460938,79.468750
243.716563,231.891164,75.776042,79.591146
243.621246,232.108582,72.929688,78.343750
245.731344,233.599091,71.197917,78.065104
249.267283,234.957428,63.354167,77.041667
247.900513,235.522125,62.979167,76.104167
248.541189,238.560944,27.401042,70.927083
250.129089,236.937592,63.531250,72.367188
249.549744,237.527771,64.984375,71.312500
249.942607,238.187968,64.750000,76.083333
245.960876,238.181040,68.786458,75.921875
249.430450,238.624664,65.500000,77.500000
251.708649,239.781677,64.828125,77.445312
252.952118,240.275940,64.890625,77.375000
250.136983,246.350210,40.197917,71.260417
247.562439,243.700684,32.640625,71.312500
243.559886,240.246348,30.333333,73.666667
239.251007,239.752441,33.406250,74.072917
237.442032,239.199554,32.882812,75.593750
235.011902,238.983541,33.083333,73.187500
232.894587,239.178548,32.023438,72.299479
226.553238,239.292755,36.578125,72.671875
224.310654,241.618927,38.187500,70.593750
219.349080,242.857096,43.708333,69.333333
233.534475,242.292308,28.994792,70.986979
232.422302,242.962738,29.687500,71.656250
233.958984,243.124634,27.776042,71.729167
233.403493,241.736898,27.354167,72.875000
232.881877,239.859945,27.888021,73.916667
231.572886,240.195984,29.901042,75.583333
232.621557,240.226664,30.229167,75.270833
231.694295,239.480011,30.708333,72.395833
230.725479,240.322032,30.203125,71.921875
233.688909,241.109589,26.976562,68.903646
234.992676,241.413086,25.208333,69.734375
236.826777,243.807434,21.984375,67.656250
235.982432,243.225555,22.770833,67.895833
231.650823,242.476176,24.953125,67.536458
230.675537,241.131683,26.500000,67.539062
227.801743,239.171234,30.656250,69.656250
226.148107,238.620585,33.458333,70.187500
224.054550,238.078705,39.520833,70.875000
224.783793,239.910024,36.822917,69.346354
222.845779,225.919362,36.625000,81.651042
224.673141,227.782572,39.867188,75.625000
226.022842,225.930054,42.835938,83.195312
229.459473,229.012451,42.343750,81.226562
230.797165,220.681000,32.453125,88.656250
233.066177,217.117188,32.007812,93.039062
231.769043,219.285797,30.906250,90.203125
229.707550,219.421204,30.218750,89.187500
227.121811,221.157837,30.906250,88.656250
228.137207,241.277629,28.895833,50.890625
223.163086,220.421712,35.708333,69.906250
225.067586,240.200907,32.770833,65.583333
238.568614,241.886525,24.255208,50.973958
220.037613,244.858368,38.031250,50.218750
216.174103,246.725810,44.750000,63.434896
207.604706,246.999908,47.226562,63.906250
230.722112,246.126892,23.114583,66.338542
232.158966,245.872742,24.828125,53.421875
225.547104,242.189972,30.453125,66.703125
223.878418,241.553314,29.789062,64.164062
222.053696,239.100128,30.312500,64.875000
217.582545,239.951050,32.625000,67.458333
217.044337,238.319875,34.096354,66.726562
230.491938,239.686808,22.052083,66.114583
223.275894,240.755198,27.421875,56.625000
232.715261,242.463247,19.044271,45.450521
222.502070,243.367940,27.833333,54.666667
227.059525,240.458038,23.710938,53.195312
231.176229,241.760427,24.411458,64.059896
233.430842,251.213094,21.054688,56.052083
236.697734,241.497253,21.109375,47.921875
234.710759,239.365682,21.541667,48.458333
234.090332,237.688843,21.828125,49.039062
236.128128,237.453888,26.531250,48.031250
236.044088,237.713236,21.541667,48.812500
237.194183,238.287598,20.148438,48.031250
240.120728,239.240265,20.218750,49.046875
241.084991,240.962799,19.703125,50.875000
241.349487,240.760254,18.296875,50.648438
239.413244,252.525299,17.838542,35.312500
239.566991,241.174978,18.520833,46.312500
238.720047,248.315277,20.333333,34.833333
239.416270,249.155304,20.765625,36.520833
240.607178,247.450897,19.390625,36.666667
240.059514,234.544729,23.570312,49.205729
239.623266,236.432790,21.708333,47.375000
238.619278,238.488770,22.632812,47.007812
243.299057,240.766968,17.335938,43.281250
245.199249,233.602509,20.804688,51.273438
247.557465,241.039520,18.296875,46.484375
248.207764,240.259399,18.671875,47.312500
248.186371,240.581217,20.213542,47.174479
248.355713,238.862437,20.697917,49.291667
247.538015,238.924978,20.666667,49.000000
247.142843,238.542887,26.135417,46.971354
246.990870,239.374807,25.244792,46.718750
246.836258,239.269348,22.445312,46.703125
244.708766,239.231527,23.005208,46.364583
245.363561,241.412537,20.973958,45.010417
244.759750,239.394135,18.937500,47.765625
243.742279,240.001984,19.585938,48.835938
242.164454,238.931264,20.052083,46.786458
241.120178,239.559479,20.218750,45.843750
240.896439,233.484772,18.812500,51.000000
233.003296,239.563965,36.234375,43.281250
238.679138,239.884735,25.523438,46.687500
238.974477,238.609141,23.856771,45.348958
238.857559,240.710632,20.359375,45.625000
237.645920,241.341522,20.687500,43.812500
237.613363,243.124939,20.031250,44.197917
237.653229,242.911377,21.484375,45.531250
237.042801,247.038005,18.968750,39.632813
237.806091,244.031789,18.598958,45.848958
236.632324,247.456329,19.244792,40.726562
234.963181,247.172424,19.450521,42.442708
232.980011,244.252472,20.078125,47.828125
233.547089,243.947835,20.937500,45.708333
233.658493,241.681366,30.687500,46.312500
234.084930,242.200104,25.609375,47.593750
235.269669,241.809662,24.375000,47.406250
236.679138,242.422363,24.554688,47.054688
237.519714,241.162811,23.500000,49.164062
238.095428,243.230530,21.039062,47.757812
239.343608,242.981323,19.000000,49.000000
238.413925,243.397430,18.617188,49.046875
238.360530,243.379822,20.052083,48.015625
238.553584,243.983297,22.692708,46.244792
240.147802,241.019409,25.890625,44.635417
241.760666,235.019073,39.757812,48.085938
243.653702,238.349457,24.020833,42.302083
244.208471,230.487600,23.135417,49.502604
242.541504,223.756104,26.531250,57.101562
244.993103,232.048309,22.445312,50.218750
250.114349,240.029297,19.476562,44.000000
249.503743,240.869893,18.473958,46.114583
247.399546,240.389079,22.750000,46.010417
249.674306,239.192881,19.427083,47.067708
250.319580,238.928151,21.796875,46.690104
249.767731,237.447072,23.666667,47.000000
248.149689,236.215576,25.750000,47.750000
247.954325,236.028330,25.078125,44.968750
248.254791,235.667989,25.375000,45.348958
248.425049,235.424225,24.554688,46.000000
247.469950,235.009511,24.552083,47.065104
246.310476,237.778219,23.682292,44.619792
243.064819,238.506795,28.666667,46.666667
244.432098,238.204041,25.257812,48.109375
244.877151,238.995453,21.742188,46.703125
244.407145,238.767456,21.333333,45.666667
244.633850,238.916199,20.856771,44.294271
242.239120,235.686676,28.187500,40.687500
241.657583,237.705424,19.276042,41.963542
240.175522,237.180349,21.664062,41.429687
241.052429,238.638550,21.812500,42.046875
240.638423,247.319661,23.458333,33.958333
240.597249,249.802134,20.322917,34.953125
240.606750,245.644043,20.140625,40.101562
240.547969,240.888580,22.484375,41.677083
237.955414,241.966960,25.468750,42.989583
241.017365,246.032155,21.481771,40.703125
242.886897,241.039327,20.466146,44.424479
243.246414,238.951304,20.213542,46.244792
242.567871,230.615377,21.281250,53.854167
244.909627,234.888214,21.343750,47.177083
245.386693,238.276133,20.843750,43.664063
243.919627,233.569926,23.372396,49.526042
244.837585,240.221659,23.820312,44.986979
252.062551,241.103892,19.729167,45.562500
252.823222,240.876719,18.973958,46.864583
255.648387,241.601034,17.614583,43.895833
256.217377,241.176331,18.921875,40.023438
258.783264,240.924683,27.718750,41.781250
260.479818,241.430542,24.247396,41.020833
254.870148,241.018778,29.510417,44.385417
264.821045,241.187785,19.880208,38.434896
266.286540,240.313436,22.203125,41.869792
267.030701,241.578318,21.796875,43.223958
266.881531,241.806274,21.937500,41.937500
268.897705,243.573547,22.023438,39.390625
271.579112,242.622213,18.500000,43.000000
268.574280,242.357951,24.247396,41.315104
272.258748,240.234823,21.763021,45.934896
272.572062,240.059519,22.484375,45.270833
272.172333,238.655945,22.984375,46.609375
274.396515,238.192190,23.682292,45.348958
276.480133,236.969564,23.343750,45.348958
275.633850,237.496002,24.179688,46.015625
277.771881,237.685150,23.687500,44.312500
282.560913,236.822998,20.820312,45.007812
282.402222,237.711639,20.859375,44.882812
282.521332,237.679016,20.062500,44.843750
282.150330,238.038391,20.375000,44.437500
282.778025,236.581757,19.130208,44.328125
278.718445,236.181671,26.013021,39.843750
287.996684,237.187042,18.218750,39.364583
288.127106,237.930084,20.945312,39.734375
287.477214,244.240957,20.046875,32.744792
285.386108,242.877014,20.656250,31.281250
285.684509,245.151245,20.656250,33.671875
287.371938,232.495494,19.776042,48.208333
286.829732,228.677541,31.656250,48.403646
286.133820,227.289581,30.984375,51.468750
284.759521,227.248413,30.375000,56.000000
286.066833,225.229248,28.562500,67.281250
285.305420,221.431366,27.812500,87.281250
284.989807,225.385529,25.078125,54.906250
284.955241,220.671661,27.809896,56.130208
283.061941,203.978729,32.666667,111.833333
281.959920,225.939585,23.916667,93.916667
282.342072,204.872452,29.000000,111.687500
280.630422,204.387624,31.708333,113.750000
280.718567,210.643616,30.388021,112.289062
279.992147,205.508698,34.343750,116.187500
279.717529,203.989761,35.000000,118.406250
279.100403,168.656799,34.437500,153.697917
277.431946,168.438522,51.976562,154.515625
276.524373,201.008926,52.625000,121.458333
276.206451,165.309204,51.375000,158.583333
277.370290,216.213003,51.781250,107.979167
277.804199,202.231720,52.187500,121.148438
277.999674,205.119792,51.822917,118.341146
278.119710,202.978099,51.166667,121.713542
279.015198,226.348938,51.695312,97.562500
278.674683,211.930634,27.796875,112.781250
277.569885,202.571686,31.515625,122.335938
276.733073,200.253377,29.984375,125.218750
273.995361,205.057098,36.437500,119.781250
273.214661,167.576182,36.471354,157.609375
268.929962,205.118073,63.346354,118.687500
266.994985,208.624542,64.380208,114.494792
268.723236,219.466522,38.125000,105.414062
270.008820,219.930908,68.562500,103.812500
267.716512,210.839406,36.458333,114.312500
256.081716,204.399607,48.565104,122.473958
256.716380,210.560659,82.432292,117.002604
256.434662,207.077271,82.536458,120.479167
256.857697,165.142090,44.296875,163.151042
254.437897,212.681946,68.640625,114.601562
255.108734,220.028005,62.755208,108.854167
255.511230,221.930064,60.437500,106.666667
253.467153,218.692281,59.984375,108.744792
255.498474,211.928619,60.968750,113.835938
254.766561,203.121592,52.627604,121.729167
252.647064,223.286011,51.859375,101.078125
246.808177,156.887817,53.169271,163.736979
241.874552,215.250254,51.697917,103.213542
237.545492,202.685745,53.169271,116.239583
236.002258,209.193670,53.765625,108.929688
232.722819,192.587173,52.471354,124.684896
229.531036,207.997467,52.500000,108.828125
228.923401,190.545288,53.062500,127.328125
227.325979,216.481639,53.135417,102.864583
227.573771,203.925405,36.861979,117.742188
225.785141,204.832225,35.750000,116.833333
226.876383,200.726705,33.434896,122.458333
224.907247,200.519440,51.330729,123.885417
225.843048,203.571625,33.312500,42.937500
223.310008,206.567525,33.028646,118.656250
222.569463,203.059377,35.643229,121.924479
221.100138,207.844727,52.367188,118.802083
217.662781,223.595795,27.593750,103.781250
218.698837,211.137807,29.656250,116.989583
219.623703,211.906311,30.828125,119.015625
213.873718,210.968323,54.695312,119.500000
213.921768,213.169922,51.578125,119.015625
212.976501,217.365814,30.906250,114.507812
212.440094,204.447988,33.291667,127.583333
212.190531,171.346893,51.932292,160.411458
211.413391,208.778900,53.148438,122.679688
208.821772,213.428721,59.333333,118.395833
208.734589,223.618988,53.062500,108.187500
208.082764,217.341125,52.296875,115.843750
207.204692,224.735138,65.276042,108.388021
205.461797,216.751475,56.135417,117.031250
205.353022,224.691101,68.479167,109.625000
230.211823,239.750916,46.684896,86.335938
204.493896,174.520081,51.859375,164.242188
201.701447,234.705780,52.718750,104.437500
199.967041,216.442118,52.515625,123.656250
200.164388,223.931691,51.697917,117.114583
206.685150,262.155396,48.815104,80.169271
194.553914,239.553528,53.135417,103.036458
192.057714,229.322947,53.682292,113.890625
192.156667,228.483744,52.119792,114.250000
188.479004,220.944946,54.125000,121.312500
184.906906,231.059235,54.320312,109.281250
181.416667,218.526276,57.625000,122.901042
180.177383,178.760681,53.333333,162.906250
186.392807,269.569092,51.703125,72.328125
172.935298,223.266937,54.151042,119.567708
168.507248,221.043610,54.968750,122.020833
166.213547,220.952332,54.666667,121.750000
163.857147,233.355560,54.828125,107.828125
161.455287,237.431508,52.906250,103.239583
159.846736,236.436981,53.682292,102.601562
156.291438,230.081167,53.682292,109.375000
155.650752,225.546855,53.169271,114.682292
152.988866,177.807505,54.833333,163.291667
153.218455,217.844462,35.890625,124.778646
153.703323,227.711029,53.078125,116.203125
155.506632,234.590678,50.875000,111.833333
154.382599,238.526428,52.885417,108.585938
155.064402,225.794749,53.239583,121.611979
153.774526,241.495494,52.666667,105.947917
154.407186,242.687907,54.007812,105.479167
163.631678,268.702861,44.789062,80.127604
156.439692,242.176595,52.041667,106.000000
155.356934,187.670563,53.289062,160.898438
158.529470,232.557729,54.216146,116.963542
157.127853,228.337433,55.445312,120.937500
153.804016,227.238831,55.656250,121.906250
151.680644,230.624268,58.786458,117.398438
149.742630,231.770111,53.166667,116.744792
144.888468,222.370921,56.343750,122.114583
140.829025,235.232544,54.000000,108.656250
132.038574,217.822449,57.023438,124.093750
127.950424,217.478455,35.781250,124.390625
125.355189,205.913228,52.119792,135.484375
123.088760,231.978526,62.088542,109.968750
118.507431,242.265381,55.984375,103.796875
113.475906,243.994080,53.289062,102.546875
110.002396,246.873260,60.109375,100.273438
115.045486,269.269409,44.953125,80.570312
112.388565,271.669739,43.406250,79.343750
99.962924,250.586243,51.489583,101.296875
95.047757,246.153076,53.278646,106.989583
100.445836,270.884094,47.661458,83.786458
89.069667,252.319875,56.859375,104.125000
87.915713,253.157043,52.929688,103.354167
86.313316,242.954224,59.351562,114.671875
84.369545,196.212036,53.421875,163.031250
82.277954,252.656830,53.664062,106.328125
80.318815,254.001923,56.598958,105.049479
79.238050,238.131856,56.510417,120.385417
77.743225,254.512939,56.781250,104.593750
74.311124,238.654490,29.994792,42.966146
73.983261,196.938080,52.585938,163.023438
71.591937,258.144338,52.122396,103.244792
69.162702,240.757812,53.682292,120.664062
68.999557,261.500641,55.445312,102.000000
70.566884,259.077606,52.734375,104.468750
70.637756,244.336151,54.804688,121.492188
70.020170,259.344788,54.216146,106.638021
94.353752,285.905355,29.520833,55.729167
68.550407,244.516357,55.882812,121.742188
67.019234,242.532613,54.007812,123.148438
65.889442,243.655111,55.088542,122.093750
65.850382,239.349314,56.013021,126.260417
67.127925,278.313711,50.726562,85.622396
62.413261,243.736348,58.320312,120.625000
60.532532,247.003520,53.981771,115.929688
59.373118,237.084646,53.473958,122.901042
56.254257,240.418304,57.312500,117.765625
54.467598,237.449209,54.968750,119.567708
50.867004,234.770752,54.000000,119.421875
48.410072,240.924072,29.421875,113.851562
48.267133,245.643158,53.421875,108.226562
45.610227,244.095846,59.385417,109.320312
51.842438,273.793488,48.812500,79.890625
39.746292,252.691467,62.382812,102.546875
44.648724,280.590546,52.562500,77.562500
26.736961,256.026184,57.406250,107.132812
23.466049,204.649719,59.007812,158.781250
21.079196,198.265808,56.072917,164.598958
23.246914,284.611206,46.984375,78.492188
12.834863,282.925903,59.312500,77.940104
15.564983,283.331675,44.020833,77.822917
3.955026,245.156199,63.708333,116.208333
3.663155,249.950073,54.593750,111.250000
1.624859,235.448924,54.565104,125.718750
1.107681,242.139933,53.828125,119.234375
1.832472,258.723999,54.625000,102.562500
1.125039,254.240051,58.041667,108.145833
1.311119,240.763316,54.453125,120.054688
1.558994,245.599528,56.658854,114.809896
1.638665,244.549082,53.335938,118.132812
1.543699,248.260742,52.833333,115.195312
3.338013,256.662659,53.867188,106.734375
3.313251,249.438385,54.906250,114.281250
6.295708,240.240255,57.393229,122.523437
34.796165,282.974894,28.500000,68.500000
18.194633,282.688497,43.750000,79.375000
10.586511,255.690918,57.445313,107.869792
14.124649,256.461161,53.518229,105.252604
41.657955,286.280121,26.523438,64.421875
13.099735,242.876617,54.609375,120.703125
26.008219,284.404521,44.166667,80.395833
18.242537,258.631042,54.419271,107.106771
18.573344,253.573456,51.703125,111.625000
18.890083,257.146820,52.820312,106.960938
21.952049,203.682109,52.708333,162.208333
22.147675,252.589742,63.359375,112.127604
23.871137,261.858561,50.721354,104.518229
24.664768,258.510956,24.976562,107.734375
33.003914,286.166107,45.218750,79.856771
29.588043,243.958872,48.458333,123.135417
27.443954,251.079987,50.937500,114.828125
25.797199,246.148224,34.145833,117.395833
27.654161,256.017039,52.955729,107.106771
27.705672,250.288137,53.648438,113.164062
27.640144,246.006805,53.250000,117.375000
29.896403,246.085358,52.966146,116.924479
29.110168,255.771240,54.390625,107.781250
41.623735,283.751831,45.708333,79.625000
33.858259,239.117737,37.588542,124.669271
35.612389,244.053375,53.843750,120.593750
60.251617,281.776876,33.083333,68.812500
44.447375,244.207723,50.182292,119.453125
43.238350,253.302673,58.398438,110.710938
43.394086,248.809764,53.648438,114.690104
45.630956,253.997121,53.937500,110.083333
55.346680,281.203400,47.093750,83.031250
48.425003,255.729034,50.726562,109.359375
48.707626,257.135803,55.562500,108.609375
50.190361,260.323059,52.390625,104.559896
57.113876,286.617676,44.046875,78.786458
50.664200,254.872243,51.130208,109.854167
50.381386,241.880890,53.682292,122.921875
49.955254,258.597788,60.375000,104.708333
49.784500,252.698537,54.565104,109.729167
48.385490,256.694692,26.695312,106.895833
58.334284,280.488098,45.375000,82.354167
74.657425,283.606079,29.828125,46.000000
51.505788,240.459849,53.872396,120.799479
59.985840,275.249583,52.138021,85.763021
50.791885,239.881551,53.000000,121.000000
51.116389,244.796407,53.539063,117.286458
52.029892,241.353149,52.406250,119.234375
52.504415,239.541219,54.187500,119.708333
63.313703,285.293457,44.734375,75.510417
55.588081,235.050334,53.239583,125.453125
57.175975,259.286072,53.473958,101.104167
55.801969,237.241435,54.007813,122.380208
65.051239,282.405884,44.453125,76.640625
65.522087,272.655029,43.875000,86.750000
63.761482,278.293701,45.320312,83.101562
54.165019,240.211385,52.757813,121.768229
54.577621,247.372040,57.671875,114.343750
52.723717,247.722463,53.468750,114.302083
53.117523,238.583099,53.078125,124.093750
51.939934,256.522766,55.656250,107.828125
51.251340,260.642792,25.380208,104.026042
49.696795,246.982971,57.802083,119.088542
49.269475,245.622793,54.302083,121.713542
74.889397,289.246765,30.531250,63.343750
54.167572,250.395925,49.276042,116.239583
57.960884,290.111694,48.953125,76.796875
59.771861,282.685069,43.744792,85.015625
52.971298,247.886475,49.854167,119.645833
50.749969,244.220184,52.406250,122.906250
51.116066,240.159007,55.729167,125.875000
52.788162,245.249919,52.833333,120.864583
53.054947,247.335663,34.632812,119.125000
54.725311,254.324931,53.169271,112.346354
54.391563,244.764008,53.343750,122.093750
56.333832,263.103607,56.781250,104.359375
57.374997,265.742472,53.169271,102.223958
60.046651,265.924306,56.114583,102.291667
56.061239,260.469350,53.135417,108.250000
58.441989,254.278015,51.703125,113.929688
54.668556,259.338196,54.125000,110.375000
64.011777,289.599487,49.276042,80.421875
64.062027,284.976278,49.072917,85.312500
53.737709,248.575195,55.843750,119.828125
62.269928,290.960225,44.481771,79.119792
53.835101,251.074320,53.539063,120.789063
55.152153,251.172099,51.851562,120.390625
53.819679,263.948029,52.820312,108.507812
53.411613,251.576996,35.453125,121.968750
53.670601,254.846466,54.039062,120.156250
54.565097,253.432902,52.885417,121.557292
55.445374,269.199056,57.145833,106.875000
83.176214,293.130900,25.583333,60.153646
86.153239,295.048767,27.979167,67.354167
58.256625,255.943217,52.953125,120.145833
58.969810,263.919891,52.585938,111.437500
58.273669,252.709371,61.278646,121.557292
56.771568,257.970459,53.937500,115.697917
60.377691,268.525289,55.541667,105.270833
58.708122,249.923218,53.468750,124.187500
58.499125,271.546041,63.359375,101.734375
60.539594,255.904744,54.479167,117.395833
83.503026,293.494873,29.312500,67.848958
67.749878,288.307994,46.591146,83.960938
59.130920,255.113831,52.187500,116.171875
61.516739,256.217072,24.833333,113.463542
59.212893,266.972270,52.000000,103.000000
60.346456,257.126099,24.088542,113.463542
57.787389,254.047526,54.833333,115.041667
60.615257,243.193756,49.242188,123.460938
