39.000000,198.000000,61.000000,103.000000
38.203125,199.156250,64.765625,110.312500
36.812988,197.411163,66.039062,112.000000
37.602089,195.696274,73.773438,112.406250
37.189247,194.879527,66.046875,110.354167
36.566851,196.986130,65.500000,109.395833
35.875130,193.473740,66.328125,111.351562
34.687584,192.256683,66.395833,112.979167
35.392537,191.793371,64.973958,112.729167
35.834424,190.773356,64.419271,110.867188
34.879997,189.487045,65.445312,111.351562
34.903928,187.373179,65.825521,110.226562
34.745509,183.733053,66.713542,112.002604
34.416219,178.557978,66.776042,112.729167
34.535670,173.620463,67.677083,112.729167
34.970276,167.080200,66.437500,114.606771
34.298403,160.948695,66.625000,115.843750
36.282804,152.321050,66.083333,124.750000
36.943601,144.601359,66.406250,133.708333
37.615707,138.491170,67.760417,138.447917
39.728615,131.267044,67.687500,118.208333
42.369987,125.440781,67.304688,118.234375
44.608147,111.636215,67.937500,126.507812
48.538193,109.862213,67.484375,124.333333
51.569911,105.656682,68.856771,123.333333
54.803291,99.859711,71.148438,124.000000
61.053004,95.670924,69.541667,124.375000
65.259453,90.642904,70.937500,124.361979
69.132713,76.498118,73.458333,135.145833
75.962992,76.709050,80.205729,132.666667
85.554677,76.225464,72.013021,131.367188
92.674683,72.295563,73.109375,132.015625
101.278676,66.630335,73.937500,135.731771
111.697678,62.730982,72.875000,140.583333
122.781265,56.126564,72.718750,139.164062
128.982127,48.539073,73.414062,143.729167
136.796463,40.451752,76.992188,146.562500
147.998062,39.943146,71.833333,145.986979
157.913157,40.503138,71.468750,144.072917
166.513646,41.531939,75.010417,143.734375
176.553472,40.998695,73.583333,145.083333
185.270050,42.904167,73.234375,140.078125
194.341268,42.941462,72.895833,137.390625
204.623993,41.114538,76.187500,146.153646
214.522837,39.425336,74.455729,145.718750
217.649841,40.049637,75.929688,145.429688
230.472555,42.279757,70.070312,145.718750
235.531708,42.476768,70.609375,142.328125
242.206258,42.391612,72.010417,152.419271
247.554606,44.251213,70.833333,140.666667
252.647227,46.320641,70.791667,134.333333
258.388072,47.820638,70.239583,145.588542
262.768382,49.933856,70.437500,146.187500
266.794230,48.759117,69.723958,145.848958
271.366333,46.817223,70.437500,148.291667
275.175079,48.386414,67.937500,144.437500
278.335622,49.150215,68.200521,145.739583
282.190857,64.433716,68.539062,132.960938
284.187246,69.420349,70.635417,132.312500
285.670827,74.785807,72.625000,132.312500
285.928223,80.141230,77.395833,130.671875
288.448975,83.780121,78.148438,130.609375
301.259725,87.982539,70.268229,132.299479
305.411957,92.220713,70.817708,135.648438
309.993103,97.115250,70.593750,132.000000
313.918060,102.835541,71.546875,128.992188
319.482941,107.361471,71.182292,132.341146
325.552551,112.124130,68.523438,133.023438
328.847829,119.131780,69.640625,129.328125
333.537374,122.620300,70.270833,136.572917
338.997569,128.774592,68.375000,132.687500
342.981445,136.451340,70.453125,128.000000
347.526652,142.919078,70.270833,126.677083
351.310242,145.672729,69.723958,127.648438
353.973440,156.668828,69.723958,123.721354
357.030548,161.232254,69.781250,124.031250
359.059123,169.372650,69.966146,120.476562
363.531067,173.577530,68.083333,121.750000
364.755015,182.672994,67.536458,118.864583
364.367004,188.661438,69.247396,116.927083
366.615692,192.600937,67.562500,116.312500
366.615692,196.689758,67.562500,115.635417
366.999481,201.802399,67.375000,113.468750
366.748983,203.974772,66.625000,113.109375
366.316803,204.461639,66.250000,114.281250
365.602397,206.571014,66.437500,111.880208
364.743256,206.307983,65.687500,111.507812
364.319560,205.899648,65.312500,111.760417
364.972168,206.951721,65.125000,109.656250
364.048096,205.942810,64.562500,109.585938
364.235596,203.468140,65.065104,109.822917
363.787699,200.651983,65.065104,110.700521
365.109650,199.114573,64.750000,109.906250
362.934062,192.508209,67.015625,112.786458
365.751343,190.401443,66.250000,113.375000
365.481628,186.717799,66.966146,113.955729
366.708872,180.444387,67.346354,117.333333
368.361216,178.642227,67.750000,116.885417
369.144480,172.014496,67.750000,119.666667
369.636251,169.413747,68.687500,118.513021
369.837992,163.062266,68.687500,120.393229
368.426971,154.838262,70.197917,125.177083
368.175049,143.318756,78.148438,131.859375
368.519165,141.618403,76.927083,130.281250
366.739705,142.453247,78.539062,125.062500
363.249146,136.661057,71.125000,127.843750
359.828176,132.382477,70.635417,129.328125
357.059509,129.353007,72.812500,131.658854
352.773590,122.844447,71.437500,133.708333
347.900146,123.650701,72.276042,131.333333
342.534851,117.345276,73.109375,137.093750
336.760610,117.843277,74.098958,135.710938
329.287537,116.436020,74.281250,137.093750
321.920837,115.936050,75.328125,137.093750
316.629567,115.423172,75.192708,138.786458
308.674194,115.804642,73.427083,138.398438
290.123769,114.678589,86.218750,139.875000
287.462321,113.040700,81.604167,143.437500
283.787842,112.799637,78.804688,141.950521
278.872691,114.061574,77.187500,141.229167
271.589467,113.762726,79.375000,146.864583
265.949310,112.512558,77.500000,148.375000
258.744019,112.047318,79.203125,158.523438
253.608714,114.209544,80.333333,177.166667
247.813649,113.927038,79.333333,169.906250
242.556671,118.390503,80.921875,164.476562
238.001984,120.654312,81.609375,167.031250
233.212921,121.116974,83.875000,175.281250
227.822296,121.663300,84.531250,173.125000
222.504364,123.152298,86.531250,169.546875
218.740356,125.276611,89.046875,168.289062
219.030039,129.457779,87.239583,167.138021
217.051331,131.420166,86.531250,164.515625
217.636475,136.282822,85.468750,162.484375
217.692322,139.132034,85.812500,159.562500
216.965383,143.075134,86.494792,159.776042
218.148305,143.773132,85.453125,158.890625
221.590698,150.426468,84.734375,156.333333
225.108073,154.038742,83.835938,154.666667
227.405945,154.431290,84.125000,150.625000
233.052368,154.176666,84.018229,151.835938
237.334371,153.452988,82.218750,149.312500
244.746887,155.133926,79.093750,146.851562
250.102112,154.165253,78.625000,147.250000
256.427317,153.565531,77.322917,143.544271
262.059265,145.506622,77.562500,149.750000
265.811625,154.359497,76.791667,138.093750
273.462026,142.566182,74.671875,151.546875
279.647217,142.465027,74.218750,150.765625
283.829529,143.076487,74.630208,147.161458
288.700317,159.295685,73.757812,130.226562
287.308502,160.679840,79.375000,127.843750
298.673370,162.078486,71.315104,125.888021
305.274282,164.363958,68.822917,122.682292
309.459300,166.920319,67.536458,120.765625
312.006104,168.927643,67.562500,119.125000
315.074504,170.988042,66.822917,117.812500
318.012970,172.241394,67.375000,118.078125
319.343781,174.805313,66.453125,115.312500
320.681213,176.542999,67.346354,114.606771
322.398712,178.057368,67.916667,112.833333
322.665995,177.865885,68.255208,112.789063
324.334412,177.530212,68.687500,113.218750
324.453440,177.894414,70.062500,110.791667
328.554545,177.418045,68.776042,111.026042
331.461772,177.810888,66.713542,109.338542
331.396647,175.872513,74.937500,110.145833
336.233276,174.690186,67.726562,110.687500
339.741760,173.940165,67.895833,111.906250
342.103363,171.949977,67.992188,112.653646
345.388428,171.341599,68.187500,112.979167
348.880707,173.266479,68.687500,110.546875
353.169027,169.214584,69.377604,115.554688
356.878937,168.858047,68.968750,115.187500
360.774933,168.751541,70.580729,115.763021
366.198303,167.827362,67.726562,118.000000
369.414154,166.734848,69.554688,118.914062
371.579478,167.856120,75.791667,117.861979
376.977712,167.507634,73.265625,117.588542
382.341665,164.269897,69.437500,118.864583
386.275614,163.473663,69.989583,118.468750
389.427795,162.459106,70.182292,117.861979
394.363037,160.954727,68.867188,118.140625
399.080994,156.593918,68.500000,120.062500
402.605265,158.021052,68.125000,116.604167
406.528717,153.283325,67.726562,118.914062
410.130707,152.965271,67.375000,117.156250
414.223643,145.145187,66.625000,122.223958
417.360372,146.441793,67.187500,117.747396
419.888489,146.011897,67.536458,117.666667
422.456665,144.644867,67.536458,118.578125
425.447266,144.174622,68.640625,119.828125
430.232910,141.876160,65.148438,112.562500
433.011200,140.585648,65.445312,114.882812
435.866079,143.261042,68.885417,109.973958
438.464539,142.188522,68.382812,110.609375
440.716125,143.649206,68.773438,112.148437
442.569336,142.929230,63.890625,112.197917
446.446472,144.777374,64.000000,112.125000
447.194733,145.032669,62.796875,115.765625
448.420013,146.588562,63.343750,115.000000
450.810913,146.869522,63.343750,123.015625
454.664276,147.617706,61.843750,127.296875
454.578339,146.285324,62.940104,126.729167
456.670654,143.848846,61.429688,125.578125
458.179382,140.668411,61.500000,125.666667
458.179382,134.146449,62.416667,128.416667
457.397329,131.087631,63.638021,112.252604
458.236511,125.426168,63.161458,108.450521
457.876312,122.363261,63.250000,109.072917
454.862518,116.838135,63.437500,111.132812
452.230347,111.803604,64.000000,113.875000
449.276581,104.347916,64.234375,114.109375
446.339345,99.221135,64.419271,110.867187
438.559967,87.621155,68.093750,120.179688
434.295634,82.153997,67.562500,123.955729
423.635976,80.447769,70.197917,121.385417
417.056915,74.765010,68.447917,122.406250
405.419495,18.166351,70.578125,174.468750
390.291758,57.668480,75.192708,133.343750
379.532928,45.954943,72.515625,140.921875
366.533986,46.757113,72.541667,136.718750
351.386841,45.719627,74.218750,133.000000
332.745850,41.911621,79.572917,133.333333
316.656525,39.453814,76.622396,132.007812
280.504456,36.741572,95.453125,132.184896
286.393860,35.526558,72.601562,133.187500
267.202942,31.809982,75.328125,133.953125
250.237213,27.502785,75.328125,140.234375
224.528025,26.780973,84.078125,138.398438
214.686157,26.817757,74.218750,139.671875
195.540314,22.727905,78.562500,134.875000
180.548208,21.671509,77.177083,132.968750
166.848816,17.909437,75.901042,135.411458
153.649439,17.699615,74.588542,133.666667
140.609497,15.262749,76.734375,130.976562
128.753540,14.622711,77.312500,135.062500
117.479767,12.833069,79.906250,133.562500
105.592545,12.810036,78.929688,134.000000
92.683477,14.502347,81.408854,136.755208
83.508092,17.192922,80.588542,136.515625
73.986361,20.337128,82.611979,139.846354
63.646528,24.550463,85.760417,138.333333
60.214793,30.189547,80.083333,137.500000
51.291405,33.826553,77.500000,137.000000
44.667816,34.589157,81.273438,141.210938
39.700935,44.981445,81.947917,136.268229
35.349228,51.785126,79.625000,135.937500
31.769213,59.751895,78.854167,134.614583
29.252068,67.209045,77.890625,132.960938
25.396067,74.155675,76.187500,131.533854
22.185911,80.745143,76.091146,130.609375
20.376728,88.173828,74.218750,129.906250
19.712362,95.613449,71.257812,127.260417
16.734261,102.756337,71.260417,124.697917
12.888869,108.636012,71.687500,123.721354
11.815304,115.120087,71.687500,121.757812
10.290844,121.857193,70.750000,118.218750
8.824814,128.821487,70.578125,115.375000
6.855948,134.378067,70.567708,112.872396
5.730537,137.670639,71.656250,112.562500
3.868298,140.541779,71.117188,111.317708
3.117428,142.276591,72.385417,111.322917
3.528515,145.624802,71.312500,129.437500
5.049767,149.020813,70.890625,110.265625
7.321231,152.920954,69.247396,117.861979
11.626214,155.434779,66.046875,123.552083
13.387955,159.850805,65.104167,112.239583
14.415384,164.454458,66.395833,113.875000
14.542461,170.196121,67.156250,107.937500
16.589514,173.985362,66.713542,105.786458
20.805950,176.996353,64.187500,108.067708
24.312469,181.411530,65.171875,106.796875
21.606740,186.248881,67.973958,121.031250
22.256214,188.519577,68.640625,117.085938
29.692637,193.681656,63.510417,110.393229
32.008127,198.113927,66.429688,107.432292
34.189103,200.780197,63.812500,109.177083
35.152644,203.876078,66.234375,107.114583
36.314351,206.875285,73.408854,107.432292
36.744977,207.510010,71.583333,112.833333
39.241056,209.577230,65.328125,113.807292
42.483513,206.309296,66.906250,116.781250
43.121091,205.298564,64.619792,118.242188
46.209747,206.517893,66.437500,119.151042
47.586581,206.102488,62.979167,119.489583
48.755852,198.307912,63.351562,128.414062
49.553556,205.481608,63.986979,121.333333
50.729019,205.344940,62.242188,126.226562
52.400383,203.109344,61.091146,127.653646
52.654510,207.287384,61.843750,124.531250
53.817584,220.651906,61.156250,110.375000
54.693301,204.345693,60.656250,127.229167
55.482485,228.988902,61.893229,102.791667
56.223099,230.386922,59.791667,102.156250
57.166420,234.769135,60.062500,101.078125
58.260170,234.990326,59.500000,100.937500
59.254962,235.461945,58.317708,101.104167
59.840902,234.982788,59.552083,101.260417
61.580485,236.819611,58.502604,102.236979
62.331711,239.000610,59.932292,105.140625
63.902496,239.988068,60.625000,103.687500
63.816739,240.723216,61.263021,105.015625
64.160744,242.021942,61.187500,105.492188
64.621315,243.139598,61.375000,104.140625
64.774663,245.616913,61.000000,106.000000
65.307330,245.927032,61.375000,107.494792
66.047241,246.572968,59.218750,107.312500
66.341263,247.653463,59.151042,107.333333
64.940646,248.745015,59.981771,105.671875
66.636960,251.787618,58.786458,103.364583
67.092690,253.965149,58.687500,101.750000
66.873940,255.646434,59.125000,100.296875
67.007670,257.641947,58.750000,98.854167
67.163651,259.755117,59.583333,98.375000
67.977442,263.370880,56.838542,92.229167
68.226049,265.556630,56.130208,92.380208
66.613368,266.021016,57.010417,90.911458
66.181870,272.787435,56.859375,85.906250
64.801476,272.174286,59.851562,87.460938
70.945735,270.732045,52.570312,90.687500
69.548424,267.703064,54.380208,93.333333
63.814339,273.049408,61.117188,87.835938
64.081131,269.871094,58.593750,91.937500
68.289576,269.647624,55.559896,92.929688
71.445755,274.109863,50.937500,92.796875
69.396851,275.000244,53.802083,89.479167
68.829514,274.511963,54.187500,91.562500
68.261470,275.822449,53.848958,98.734375
74.986526,275.467153,46.312500,99.177083
79.287753,285.580627,43.252604,88.369792
80.328145,274.789927,42.619792,80.145833
85.791288,276.086914,37.812500,77.854167
89.327947,289.368276,35.416667,63.687500
89.036278,289.062724,34.833333,60.500000
91.648308,287.831390,34.281250,64.789062
93.892883,288.906860,31.510417,56.234375
94.966545,284.121826,28.000000,43.500000
97.276878,284.829193,26.734375,41.507812
98.703201,282.623047,27.734375,44.500000
100.086044,283.540009,25.062500,40.101562
100.931152,282.303996,24.304688,41.067708
101.554939,284.695841,23.117188,37.473958
103.274986,282.464701,22.078125,39.088542
103.912364,292.763051,20.541667,34.151042
104.868744,284.989319,24.000000,37.000000
104.497678,285.195953,20.536458,36.921875
104.759427,280.884104,26.755208,39.932292
105.328674,289.370209,18.015625,32.510417
105.095960,280.598185,24.658854,40.830729
103.856094,285.285329,19.591146,35.661458
102.763196,279.131042,26.455729,36.937500
103.114197,282.990723,30.192708,37.567708
101.681236,283.256938,25.864583,38.458333
98.866600,278.734192,27.578125,43.000000
98.824348,283.487183,26.437500,38.812500
96.521904,283.163483,29.554688,40.976562
94.572250,285.161011,28.773438,38.265625
89.355337,283.868876,32.864583,37.367188
88.103963,283.424805,36.062500,39.958333
79.775434,276.391266,42.046875,48.333333
74.849731,276.594391,49.437500,47.484375
64.548889,275.469706,59.057292,48.427083
76.332703,283.865173,46.546875,69.320312
77.453313,279.251821,47.854167,71.731771
68.011759,271.948222,54.083333,80.151042
72.152829,270.480479,50.739583,80.085938
67.221120,262.793040,56.208333,89.541667
67.290741,261.745270,57.328125,92.328125
64.862750,256.821635,59.703125,97.687500
65.570793,252.966797,60.812500,100.687500
64.427574,248.003448,60.484375,101.617188
62.988297,243.546448,59.437500,105.257812
61.420408,237.443715,61.718750,93.822917
61.416890,208.376780,64.664062,117.351562
59.812274,194.722758,64.208333,123.562500
52.350957,204.708740,72.041667,106.755208
49.477758,202.579361,74.010417,105.421875
55.914185,195.342834,67.773438,105.929688
56.254410,185.107529,66.609375,105.302083
56.807076,177.161250,66.971354,108.096354
57.564629,170.006226,66.234375,107.984375
57.485878,161.240250,66.039062,115.468750
58.621407,155.132599,66.015625,121.234375
61.358650,149.580719,65.531250,125.453125
62.613447,144.352493,65.507812,130.015625
65.617795,137.343511,66.585938,116.013021
69.652484,133.938482,68.447917,114.932292
73.809970,129.628209,66.638021,113.786458
78.743398,124.742645,75.098958,113.955729
83.826983,116.147771,75.140625,119.815104
88.899546,109.410227,71.338542,123.369792
97.758621,100.371994,66.765625,129.671875
107.980703,103.860830,65.731771,120.802083
115.639435,106.121246,67.007812,116.281250
128.785263,102.337219,67.375000,116.234375
138.218262,101.405167,67.375000,114.390625
146.167887,99.433812,70.666667,117.416667
156.219106,98.129272,65.458333,121.385417
174.561966,102.306976,62.940104,116.559896
188.431808,105.880809,60.846354,109.973958
194.567083,106.241928,73.604167,110.333333
206.590922,105.996435,76.250000,112.979167
221.120249,107.092601,64.927083,111.932292
233.869090,109.525828,66.205729,120.692708
245.052551,111.479919,66.453125,120.843750
256.945129,112.351537,65.507812,126.276042
263.295420,116.386363,69.250000,128.020833
271.292338,119.036341,67.583333,131.229167
280.142029,123.668966,67.052083,132.132812
286.612366,128.301432,67.760417,130.593750
284.700673,132.590337,75.614583,129.611979
286.413391,141.081909,77.312500,126.812500
284.990570,141.577520,83.291667,132.666667
288.471578,147.010564,82.054688,132.848958
304.425476,158.602142,66.130208,125.921875
304.573903,165.726435,65.833333,122.562500
303.569885,168.695190,64.593750,121.442708
301.453105,174.372279,65.713542,118.408854
297.327016,176.081914,67.187500,117.747396
290.088593,177.838186,70.666667,117.416667
290.732971,181.433299,67.000000,114.666667
288.408101,183.305145,64.973958,114.531250
284.736847,185.604660,65.125000,110.546875
282.721080,185.838562,64.684896,110.921875
275.784729,186.384277,66.906250,109.398438
275.705566,189.584885,64.000000,106.875000
274.188995,188.269307,64.671875,107.968750
271.405050,187.941071,63.812500,108.304688
267.160238,189.711299,64.786458,109.609375
266.710052,189.099701,64.867188,110.851562
265.257050,193.179062,63.125000,108.625000
263.515004,194.727758,62.500000,108.625000
261.879293,196.282771,61.643229,105.671875
261.285197,196.890676,60.692708,103.213542
259.742442,201.692256,61.546875,100.296875
258.712311,203.646103,61.958333,99.166667
258.639964,204.861064,61.557292,98.520833
255.529694,207.039642,63.500000,95.531250
256.361338,208.165843,60.955729,98.330729
256.646037,209.348684,60.177083,92.101562
255.581635,211.624929,60.354167,96.583333
253.473358,212.532227,60.375000,89.281250
254.136536,214.634003,58.750000,85.750000
252.745972,216.968435,58.484375,85.752604
252.244436,218.541677,58.604167,81.937500
251.511190,219.528707,58.291667,81.208333
249.560303,220.323303,57.164062,80.625000
248.489909,222.903137,57.531250,79.864583
247.674418,224.208852,57.531250,84.052083
247.179688,224.934082,57.062500,86.531250
246.327881,225.401215,57.346354,87.348958
244.855672,224.846283,57.010417,87.226562
244.118683,222.233002,57.747396,77.645833
243.194773,218.112712,56.833333,80.562500
244.231812,215.141571,56.135417,81.958333
242.803589,198.363805,56.752604,100.507812
242.367106,199.349828,56.468750,99.364583
242.024363,192.201986,56.875000,102.661458
242.343964,183.968155,57.578125,109.375000
240.820526,172.601059,58.968750,118.593750
241.215820,155.944453,59.614583,117.367188
243.376007,151.310379,57.367188,119.804688
243.621043,145.450368,58.927083,118.583333
244.392558,137.479609,59.450521,107.432292
244.451162,133.671707,61.000000,106.833333
245.430227,127.833547,63.500000,108.500000
250.960236,122.242722,61.460938,110.851562
252.472361,116.198156,63.062500,114.781250
255.738149,114.053345,65.557292,113.539062
259.708486,111.820770,63.708333,114.770833
263.415680,108.249969,65.312500,119.799479
267.970947,108.016693,66.453125,121.765625
271.047455,105.880783,67.562500,124.750000
275.628408,104.202901,68.083333,128.458333
278.945496,103.169708,70.335938,131.859375
283.192118,105.958903,71.364583,135.697917
283.548248,107.318924,75.901042,139.515625
285.654551,108.646022,79.322917,143.697917
286.144521,110.797104,81.062500,153.341146
286.323090,114.231033,83.463542,154.312500
284.419647,120.197739,87.117188,157.898438
284.914510,123.233348,84.375000,162.916667
282.633270,130.986430,86.494792,164.661458
276.655731,142.295298,88.825521,166.755208
269.365316,144.877345,91.044271,174.747396
264.535360,141.935384,88.763021,189.625000
257.480072,167.146973,87.500000,176.703125
249.671082,187.298706,89.187500,167.000000
241.485260,199.054840,87.593750,162.726562
229.939331,207.792175,89.380208,161.578125
220.632192,216.258748,90.812500,161.914062
214.302266,216.653168,86.177083,188.890625
200.306086,226.304555,95.687500,181.169271
201.704727,229.785441,85.984375,176.364583
197.097361,221.910095,83.166667,147.359375
185.774445,220.746033,91.187500,143.593750
183.978597,198.192922,91.645833,164.401042
182.763611,191.502035,91.187500,155.070312
184.471944,193.773305,86.531250,147.270833
183.685481,185.618083,90.458333,144.604167
189.319885,178.191666,84.307292,148.572917
193.051615,169.884338,81.500000,145.666667
195.832870,161.465597,80.479167,146.333333
199.322449,156.625549,81.429688,142.601562
203.761190,149.745051,81.812500,146.911458
208.095774,144.424993,83.885417,154.281250
216.587062,138.503962,81.572917,157.406250
222.278412,137.802200,83.760417,157.062500
228.523529,135.208084,85.682292,158.437500
237.323853,136.029989,83.697917,155.450521
247.859406,134.643728,84.307292,158.093750
258.333466,132.576050,84.015625,162.218750
262.651866,137.164642,90.802083,157.546875
278.611196,134.749695,88.317708,159.419271
283.680349,137.727229,92.536458,158.096354
286.573853,139.505249,100.367188,163.257812
307.480072,152.285599,94.742188,155.476562
324.569997,161.942713,88.864583,147.859375
342.624807,166.156662,85.682292,146.510417
355.858358,172.632487,95.710938,141.312500
368.851868,170.741816,83.520833,141.770833
380.687246,171.633698,82.723958,139.125000
392.905202,167.851364,81.625000,139.854167
400.956217,167.761800,83.479167,136.979167
411.042786,167.512573,79.765625,135.234375
419.410299,164.895075,79.000000,135.333333
425.468353,160.245514,83.614583,135.114583
428.867015,137.799983,85.500000,157.000000
428.332937,151.826131,82.750000,140.656250
428.231801,148.714544,82.835938,134.119792
425.370270,144.420212,86.312500,135.531250
419.766235,136.842453,83.671875,137.296875
409.653829,132.738113,82.364583,138.093750
400.554840,132.542496,80.312500,136.492188
387.387095,127.566299,82.835938,138.484375
372.610809,125.160156,81.437500,139.531250
357.046183,119.923177,92.182292,143.333333
333.092651,116.423177,86.166667,148.000000
305.942708,113.854747,92.203125,148.328125
283.573914,112.167343,91.187500,158.218750
261.362183,109.257126,87.250000,163.500000
228.796183,112.883341,98.093750,179.005208
200.729792,114.145432,92.510417,165.718750
172.633377,117.652807,93.437500,153.778646
132.925598,116.136719,103.500000,159.750000
98.031357,121.446259,116.421875,163.109375
72.437841,123.305461,112.682292,165.799479
37.285205,118.753759,121.638021,176.989583
23.772369,118.257309,120.375000,177.078125
7.123581,115.647161,102.721354,181.669271
-0.019059,112.902730,91.890625,171.239583
-2.678131,111.006648,77.708333,169.484375
-9.627665,105.815577,75.218750,174.177083
-14.572659,100.318324,76.455729,167.992188
-12.699980,93.829697,75.156250,163.437500
-4.895955,87.229543,69.783854,163.375000
-1.607891,77.838908,69.942708,158.901042
-0.105288,71.350850,77.927083,153.755208
2.566858,64.271428,86.351563,150.080729
11.310669,54.433487,91.250000,150.625000
21.582649,42.422813,94.125000,153.492188
36.187998,35.547033,93.427083,150.585938
57.111649,34.807109,89.864583,141.312500
70.467865,33.120987,87.132812,135.367188
86.795868,27.396161,85.179688,135.687500
104.801631,22.392741,83.864583,140.973958
121.038147,20.550636,84.203125,135.234375
137.266459,20.533463,78.838542,143.333333
152.365295,18.772614,77.546875,138.562500
169.953705,19.467926,73.408854,141.494792
184.305740,18.266251,73.250000,139.125000
197.144577,19.272972,76.750000,137.770833
213.735453,21.872185,75.031250,139.406250
226.728699,22.092636,75.375000,142.312500
238.996002,25.882533,75.210938,147.270833
248.524292,27.703906,77.197917,147.953125
258.548553,30.812920,74.281250,160.687500
268.033427,36.132726,73.333333,152.447917
274.525879,46.175430,72.601562,144.203125
281.604431,47.143796,71.468750,148.343750
286.068787,43.297836,72.885417,160.864583
285.216797,68.931101,77.677083,143.078125
284.453532,79.272522,78.471354,146.122396
286.234192,90.359573,78.656250,143.187500
285.071136,100.986160,80.273438,143.257812
287.122609,109.307597,76.260417,139.346354
288.519155,120.281260,74.135417,134.364583
285.503520,127.698263,76.000000,136.416667
284.630646,135.344584,74.132812,134.546875
284.720825,141.701324,71.656250,136.078125
282.310567,141.799474,74.033854,146.039063
282.098145,141.922226,73.234375,150.859375
282.580068,167.340983,71.755208,134.890625
283.694031,176.613805,70.268229,127.130208
281.135498,183.470423,72.062500,125.359375
282.374736,192.242523,70.520833,124.375000
282.120422,199.443349,71.908854,122.419271
284.086761,200.695374,72.098958,126.640625
285.458710,204.682241,72.625000,125.348958
289.308105,205.720276,71.445312,122.046875
291.109680,203.242920,73.072917,124.692708
290.514455,203.697489,77.598958,124.354167
292.668091,199.459381,77.171875,123.890625
296.420756,194.873413,75.520833,125.541667
300.541870,192.463913,75.140625,125.921875
302.438141,190.246246,75.140625,124.906250
304.738271,184.430583,74.380208,127.656250
306.578735,179.014603,75.140625,132.015625
307.993530,178.022415,74.773438,132.960938
309.226715,175.424759,75.812500,135.039062
309.718903,173.889603,76.937500,139.164062
308.875153,172.893509,78.625000,141.156250
308.125153,173.737259,81.223958,144.963542
306.681274,175.484650,81.429688,146.000000
304.789347,178.205978,84.075521,147.804688
300.232168,177.638372,86.947917,155.473958
291.874725,179.652588,91.820312,158.421875
290.249542,180.201401,91.375000,160.411458
283.185933,181.997742,94.463542,161.403646
277.093658,180.268636,93.625000,168.239583
267.200745,182.431244,94.937500,182.351562
260.240051,184.932790,90.036458,181.812500
250.011200,190.841003,94.333333,163.666667
241.253693,190.880798,94.375000,168.296875
228.365112,194.049866,92.875000,172.937500
217.164256,193.304026,97.192708,168.348958
203.300766,190.081177,96.625000,173.656250
186.591217,192.186310,102.367188,171.296875
179.223994,194.522247,104.515625,168.005208
167.734940,192.290466,107.476562,169.703125
163.881302,196.244395,99.919271,162.614583
158.045003,197.601715,98.895833,161.072917
147.855296,197.941640,95.312500,160.807292
144.159134,201.300110,92.708333,157.291667
139.530680,203.024648,93.010417,157.291667
137.305684,209.172791,93.885417,152.880208
134.631683,209.000458,93.500000,156.000000
118.656606,219.036184,106.875000,150.989583
118.821431,223.106211,104.958333,149.140625
121.550959,228.464834,103.041667,153.416667
134.171412,239.297506,93.263021,149.140625
139.091715,243.770416,88.825521,144.489583
141.624262,243.894104,88.489583,147.604167
143.078964,247.880707,88.875000,143.500000
144.058273,251.778178,90.458333,141.072917
144.220459,220.787781,98.265625,174.437500
145.084641,233.719411,130.335938,162.361979
146.419927,238.931844,134.041667,158.583333
144.880666,237.277100,116.325521,161.098958
156.209732,239.895142,123.460938,155.687500
158.214767,257.926656,103.781250,136.723958
163.797684,259.426819,114.750000,136.000000
162.846878,254.169688,99.994792,139.354167
165.176966,253.476034,99.507813,140.856771
181.757624,253.755992,85.947917,140.557292
185.746063,257.643901,99.989583,139.125000
188.563431,250.771484,89.398438,147.523438
195.130732,247.393290,89.645833,157.927083
200.167979,246.714732,89.500000,170.625000
201.186172,246.646851,97.093750,170.125000
207.046936,245.478210,97.382812,170.000000
222.272817,244.826233,92.820312,160.687500
230.926300,243.570099,92.687500,164.000000
238.826416,241.864136,95.812500,170.125000
252.425018,241.905853,92.281250,165.041667
258.005249,241.742889,99.656250,154.750000
268.743184,241.219808,101.416667,155.390625
282.713013,244.258209,101.601562,151.265625
282.948934,246.051615,112.145833,150.036458
315.042694,246.910533,96.898438,149.322917
333.598684,246.843577,92.151042,151.276042
347.782094,248.718791,96.869792,142.984375
363.172089,245.507965,89.968750,144.812500
377.562541,242.314056,93.421875,151.481771
391.297384,238.858999,97.078125,147.580729
402.554260,237.097015,91.869792,157.843750
414.750539,233.877035,90.062500,155.622396
424.988230,223.924550,92.796875,171.130208
437.569753,227.433177,102.424479,142.223958
447.277344,225.638458,98.500000,138.718750
451.757721,221.628733,94.442708,139.343750
461.602814,223.604950,87.911458,131.367188
466.834056,214.522888,86.822917,139.208333
470.413971,208.434082,85.406250,140.156250
470.055908,202.306427,87.687500,141.296875
471.896403,193.418396,85.216146,142.898438
469.476156,183.730632,86.177083,144.880208
465.066071,169.457993,84.812500,152.328125
450.027842,151.817612,94.606771,158.591146
448.214650,139.212306,86.890625,160.333333
438.451670,126.819448,90.919271,159.898438
425.227661,110.882523,92.820312,165.773438
406.622101,93.948374,100.658854,169.255208
388.761637,44.299500,97.562500,206.195312
369.192780,39.379639,99.619792,202.466146
346.649078,41.116745,101.406250,184.093750
301.818451,27.476723,125.666667,186.583333
286.474487,16.084137,128.880208,188.359375
284.634491,16.223030,105.687500,182.250000
246.643799,2.941780,116.781250,193.968750
244.521200,4.061366,96.744792,194.033854
218.647268,7.705498,105.096354,191.598958
194.486954,10.682480,107.312500,192.953125
178.937149,21.717911,107.500000,188.500000
161.400177,28.227173,99.406250,215.437500
149.954285,41.311020,98.666667,213.119792
139.409632,41.720088,99.177083,220.010417
132.515976,64.074677,94.882812,199.539062
123.299937,43.416306,97.593750,224.921875
119.806595,91.934418,97.796875,200.739583
120.656479,112.977783,97.250000,187.666667
121.323435,128.903992,98.210938,182.742188
126.221313,137.943212,94.520833,186.645833
130.983180,152.310684,93.822917,181.104167
136.185989,161.732239,93.437500,176.359375
143.602844,170.987823,92.020833,169.656250
151.431468,176.375315,90.843750,162.458333
160.202515,184.172272,92.125000,157.937500
169.084254,188.370341,92.630208,154.135417
180.838272,193.484009,91.489583,150.989583
183.559799,197.413330,98.708333,150.005208
202.499985,195.198700,95.921875,164.265625
219.903346,203.960653,83.523438,146.398438
231.703857,205.013184,84.226562,150.062500
241.893778,208.606934,84.942708,140.510417
254.616241,206.802307,82.000000,141.625000
266.880859,207.481639,82.364583,139.208333
278.285706,206.555145,82.554688,142.882812
288.136292,203.892578,83.695312,143.734375
295.968658,205.656799,83.695312,138.070312
311.350901,206.584595,78.265625,135.375000
319.332631,206.514821,79.322917,138.333333
325.952647,205.436432,80.083333,134.250000
332.797902,201.749756,79.893229,136.091146
337.467214,200.316986,78.286458,134.890625
341.437642,196.055817,77.177083,136.187500
343.143270,192.907745,76.807292,137.666667
343.494822,190.032257,77.177083,136.187500
342.320312,186.592072,75.921875,134.789062
338.979614,184.539551,75.882812,134.945312
337.043060,182.944992,74.828125,133.890625
332.129262,183.215134,74.098958,129.445312
325.743235,180.703008,75.520833,128.604167
320.071706,182.082647,71.976562,124.437500
315.348378,177.984172,70.088542,125.359375
307.169067,176.016174,71.312500,125.023438
300.373230,174.733643,69.723958,121.757812
291.971568,172.597956,71.723958,119.510417
287.113658,168.708059,70.562500,118.869792
281.824554,163.471497,66.765625,121.093750
275.572632,143.482254,66.625000,141.625000
269.628479,147.841629,66.953125,134.875000
262.867249,145.275711,67.476562,138.914062
258.213440,142.746704,66.507812,148.140625
252.171875,139.062907,67.166667,141.604167
245.170349,132.520365,69.221354,131.333333
240.571788,129.339406,68.291667,134.593750
234.195312,124.477844,69.460938,123.039062
227.238129,120.882670,69.411458,125.296875
222.691193,118.490036,69.966146,124.361979
214.244654,112.055923,69.966146,128.247396
205.549093,105.852559,76.010417,133.255208
196.083181,101.867304,74.588542,133.666667
190.047714,98.208817,73.734375,135.039062
181.706395,95.591044,72.515625,135.739583
168.810394,92.596069,77.505208,135.401042
156.963882,87.090485,79.625000,144.437500
150.354248,85.581573,77.007812,157.421875
138.580221,85.935547,79.567708,162.625000
128.690211,87.256002,83.463542,162.442708
120.029114,89.843170,82.281250,150.414062
107.022634,96.221817,86.369792,156.742188
95.076767,102.267044,86.976562,169.320312
81.599988,86.954575,89.125000,184.593750
72.024536,106.720622,90.119792,166.687500
63.051521,112.322433,93.625000,154.562500
53.535202,116.835978,91.447917,150.953125
42.201693,116.022049,91.635417,159.906250
33.628614,123.874715,90.843750,151.937500
25.701134,125.276703,90.578125,150.296875
21.891243,130.066589,86.562500,146.687500
13.850075,135.967229,88.953125,139.695312
9.268246,140.132950,86.622396,136.661458
5.141829,145.812169,88.229167,135.708333
3.584892,150.210770,88.023438,134.289062
2.854759,155.275101,86.789062,132.398438
2.788740,164.477041,86.416667,128.057292
5.795910,171.942932,83.908854,133.234375
9.174877,181.070674,80.958333,126.197917
12.763739,189.830002,79.812500,122.250000
16.042145,195.553146,80.000000,119.000000
20.504687,201.321025,79.177083,115.791667
24.746707,204.919820,75.804688,114.703125
29.379768,205.838501,77.250000,115.375000
34.189087,208.041341,75.885417,113.802083
35.396950,207.027710,78.515625,116.328125
36.327716,205.984558,77.666667,117.916667
39.586411,206.099457,78.148438,119.164062
44.585698,207.022319,75.614583,114.885417
51.017464,205.085531,72.052083,115.992187
52.028877,206.452972,69.989583,113.807292
53.760490,206.950338,68.187500,114.770833
54.079394,209.090169,69.479167,112.729167
53.652972,209.210978,69.778646,113.546875
54.940140,207.083557,67.098958,112.653646
55.486328,208.195190,68.375000,113.875000
54.061963,204.636851,67.098958,118.906250
53.032267,203.546499,67.187500,126.020833
51.494667,205.379924,66.989583,116.953125
51.271327,225.883809,67.000000,108.250000
49.551236,207.739807,69.453125,127.375000
47.703087,206.960815,68.296875,132.828125
47.053596,229.119100,66.697917,115.005208
44.916158,229.241150,67.187500,114.989583
43.556012,233.105428,66.083333,113.750000
38.484421,231.383423,68.382812,108.812500
38.480980,226.566742,67.484375,116.898438
37.214444,228.354604,65.348958,102.119792
25.171672,228.638041,76.898437,108.304688
19.672320,227.337158,78.916667,98.166667
20.180270,209.541128,78.000000,129.333333
29.995136,208.592438,65.382812,128.804688
25.971577,225.923615,67.718750,112.515625
19.185519,226.911753,71.890625,102.791667
19.412748,228.590820,70.875000,106.708333
22.631496,227.692413,66.250000,108.843750
18.347146,226.718455,68.291667,107.250000
17.868580,226.829468,66.015625,105.203125
16.454491,227.063934,67.104167,100.156250
13.898832,224.003367,67.625000,107.770833
11.121845,220.683034,68.291667,109.906250
8.906247,226.958537,69.677083,103.111979
7.423874,224.490143,68.976562,105.171875
5.003274,223.903941,70.265625,106.674479
3.627441,224.335042,69.479167,106.421875
3.446992,224.288167,69.083333,105.812500
2.754284,225.093719,68.687500,109.656250
1.254284,228.097961,68.062500,109.750000
1.595718,227.749949,67.677083,105.520833
0.784702,230.335022,68.093750,110.468750
0.275763,230.285197,68.773438,118.473958
0.224983,232.160970,69.817708,119.781250
0.620094,234.719727,69.625000,120.140625
0.042061,236.850820,71.338542,121.716146
-0.424047,238.622904,72.880208,121.447917
-0.499682,239.630819,74.632812,119.794271
1.647911,240.847534,73.843750,120.109375
1.070580,242.169657,75.614583,118.812500
0.907939,242.898712,76.208333,120.739583
2.458832,245.104248,77.000000,122.000000
3.073415,245.672536,76.781250,123.260417
3.385914,245.544037,77.171875,123.890625
3.617488,246.770457,77.367188,125.223958
4.656099,245.254333,77.953125,127.203125
6.062033,248.344462,77.697917,124.338542
5.750233,249.737396,79.804688,122.789062
6.673897,251.528259,79.375000,122.687500
6.083822,249.858724,81.234375,122.380208
7.430233,252.424011,81.007812,122.570312
7.949764,252.617004,81.007812,124.648438
8.172421,252.348206,80.562500,124.531250
8.987778,254.978912,80.364583,124.223958
10.843074,257.603546,80.166667,122.875000
9.783007,257.931346,81.640625,127.130208
9.837444,258.386525,82.611979,128.187500
9.921173,259.674937,83.213542,130.192708
11.591946,259.858734,82.445312,133.484375
13.689857,261.226196,81.937500,134.437500
17.192745,260.874207,79.750000,137.718750
15.005245,262.514832,84.125000,135.531250
18.534695,263.522430,84.203125,134.125000
16.125233,263.467163,86.921875,134.289062
20.500645,264.061707,84.250000,133.750000
20.068353,262.923686,86.221354,134.919271
20.345848,261.258331,89.875000,137.125000
21.018463,261.560791,92.875000,135.367188
24.255765,262.271698,91.593750,140.375000
31.124344,259.644379,85.937500,143.742188
31.991865,258.840017,86.369792,139.437500
34.781998,259.044586,86.742188,134.757812
38.605105,256.784912,85.570312,134.057292
41.637741,255.868103,83.671875,136.179688
44.818802,254.515238,88.846354,136.661458
47.062505,252.499003,86.742188,134.757812
50.104088,250.639303,88.953125,134.057292
52.970807,247.619314,86.156250,138.385417
56.280492,245.581167,89.765625,135.286458
57.559443,242.983175,89.229167,138.500000
60.386948,241.406657,89.072917,138.903646
62.069224,238.666484,91.315104,137.044271
66.468384,234.762787,91.187500,142.062500
68.631078,235.153992,94.401042,140.510417
73.014969,231.664093,93.372396,142.481771
77.070325,229.172170,95.583333,147.604167
80.436447,230.644440,96.671875,146.960938
85.914505,228.659424,104.468750,151.276042
87.403926,227.803487,103.726562,156.992187
88.394175,227.991323,104.541667,157.606771
98.871440,226.216502,100.057292,159.234375
103.405385,224.764353,103.291667,159.552083
110.335526,225.774994,104.992188,157.630208
113.486521,226.623281,103.065104,160.062500
114.694326,226.722422,110.119792,156.695313
113.316589,226.574727,121.083333,159.291667
117.791519,227.165100,120.437500,154.562500
143.770070,230.289907,101.583333,149.750000
142.465607,228.166880,104.669271,150.445312
144.833730,224.212006,106.257812,150.440104
164.292999,225.832743,92.692708,146.398438
163.735051,223.723897,98.093750,144.151042
167.953049,216.739624,99.125000,146.960938
178.741002,214.692973,99.544271,149.440104
183.348775,212.368286,93.427083,151.802083
183.834050,208.987518,95.846354,153.739583
184.798528,203.724101,100.161458,156.645833
198.646133,194.811951,91.234375,159.554688
203.758453,192.006989,89.750000,157.250000
209.786540,196.889394,88.937500,152.447917
215.722717,198.561371,86.421875,151.390625
220.754211,197.178711,85.312500,151.812500
226.423726,196.484029,85.750000,151.666667
229.815542,193.458771,87.497396,151.481771
234.716136,193.444163,85.036458,152.265625
240.323517,193.373617,82.578125,153.515625
245.304688,193.352193,80.510417,147.158854
248.199341,193.445862,82.562500,148.265625
248.504272,190.320821,84.455729,146.190104
252.501038,190.572194,82.354167,144.229167
256.134644,192.145996,81.614583,142.927083
256.926636,191.392141,81.625000,139.854167
261.221415,188.722351,79.020833,140.322917
261.706106,188.949916,78.841146,138.044271
261.958567,187.961136,79.893229,137.171875
262.241231,187.986247,79.893229,137.171875
261.595551,187.635712,81.859375,136.843750
261.912140,187.531748,81.664062,134.364583
261.002380,184.361038,82.343750,136.929688
259.531077,179.841136,84.216146,139.333333
258.143951,179.479645,85.218750,139.906250
257.446421,178.601746,85.419271,140.236979
252.955475,177.143478,90.687500,142.093750
250.483866,174.404455,94.158854,144.666667
251.784027,170.294846,93.250000,147.250000
249.085327,166.952087,96.453125,151.164062
247.262054,163.198044,98.375000,153.000000
246.275269,143.074066,100.210938,171.929688
246.711304,143.290563,102.671875,171.708333
244.846466,141.332143,104.966146,171.354167
246.615590,142.823822,103.713542,168.848958
249.786886,143.405024,103.286458,169.398437
251.873596,144.245682,103.500000,166.000000
254.455983,144.344920,103.093750,164.854167
255.090749,142.897207,105.635417,165.609375
256.764455,142.640508,106.916667,163.750000
256.845947,140.461243,109.906250,165.000000
261.063293,137.944982,109.463542,166.885417
260.947184,139.374700,112.242188,164.666667
262.426666,139.501343,113.148438,164.710938
263.988525,139.524475,116.421875,164.406250
262.828613,140.214559,118.945312,164.601562
273.222890,140.106308,112.604167,163.333333
276.492421,140.724614,112.604167,163.333333
274.821767,140.673523,115.934896,163.929688
279.231934,139.300262,114.203125,163.257812
282.276276,140.194168,112.945312,164.515625
285.566671,138.902130,112.604167,164.601562
286.045593,138.028625,112.713542,164.177083
288.881470,136.776001,111.000000,164.750000
288.805847,136.801366,111.859375,164.825521
286.509735,134.478058,114.562500,165.171875
292.078796,132.203705,108.843750,165.864583
290.732086,131.307709,111.390625,164.132812
302.818024,128.324936,99.085938,165.687500
297.067383,126.481262,106.125000,165.333333
291.745534,125.244156,111.432292,164.828125
299.496043,122.210215,101.940104,165.179688
305.149882,120.497732,97.075521,163.963542
304.419881,118.370321,97.458333,163.773438
304.195811,118.182103,97.458333,162.567708
304.624766,118.407435,96.252604,161.361979
304.470815,117.138723,95.250000,160.500000
299.016022,116.220530,101.075521,160.156250
299.529999,115.962112,100.210938,159.976562
303.251068,115.354980,94.195312,159.078125
295.849884,115.123795,101.781250,156.859375
295.003662,115.707113,102.046875,155.473958
295.996623,115.502477,100.213542,154.434896
294.139150,115.573405,101.604167,153.049479
294.387563,113.932363,100.916667,150.875000
294.734833,113.289505,100.000000,151.750000
294.390086,113.840444,99.083333,151.468750
291.720428,112.938019,100.843750,149.656250
293.596486,111.244588,98.807292,149.359375
293.935465,110.234746,97.479167,147.911458
294.506704,109.774114,97.020833,147.213542
293.263580,108.316294,97.880208,149.041667
292.850677,107.673813,97.937500,147.507812
291.259979,107.528397,99.502604,145.986979
290.910472,106.832942,100.893229,145.789063
291.246826,106.191635,101.375000,147.000000
284.771464,106.915222,107.562500,145.375000
295.478994,106.186946,97.947917,145.239583
293.932678,105.587982,99.765625,146.851562
295.286011,106.360138,97.401042,146.182292
294.217926,104.799988,99.281250,147.843750
296.001719,108.414744,97.401042,148.505208
291.882853,113.202382,102.520833,148.666667
293.689738,116.900045,98.481771,147.809896
288.473826,119.729355,104.828125,148.666667
287.096130,122.440857,104.312500,148.250000
288.738485,128.062785,103.044271,146.263021
286.424957,132.765839,103.666667,145.666667
284.989248,137.177933,104.244792,146.263021
287.715190,141.969716,99.541667,145.117188
286.756134,141.198441,100.351562,150.640625
285.857300,143.843506,101.208333,152.565104
288.699097,141.003255,99.515625,157.614583
311.052368,155.792277,79.791667,148.416667
312.989878,159.036819,80.750000,147.208333
314.035522,164.698761,82.539062,144.554688
316.713501,168.077423,88.140625,142.882812
318.591919,170.146286,87.132812,142.257812
321.844930,170.217656,92.041667,143.252604
326.608307,172.328644,95.171875,141.109375
331.513428,171.141485,97.687500,144.880208
337.423075,171.125600,103.895833,145.989583
343.307251,170.382477,107.406250,147.604167
349.884247,169.271744,114.039062,147.578125
358.429331,147.468847,117.000000,171.375000
369.589813,168.253143,117.437500,154.140625
381.093709,137.964483,115.760417,188.109375
392.595734,167.437424,114.960938,160.807292
399.274811,166.759964,119.203125,164.359375
409.329468,164.761770,123.518229,166.601562
416.469737,161.120804,118.250000,171.291667
426.612478,158.824320,116.281250,172.549479
433.750702,154.428955,113.109375,180.101562
438.235179,152.767258,114.312500,184.458333
443.583445,147.527278,113.851562,186.299479
447.123627,146.258530,110.281250,185.937500
447.261475,147.134761,109.875000,179.666667
444.115936,143.242188,114.177083,183.187500
441.327759,141.326146,113.963542,182.843750
435.051483,133.447708,115.031250,185.953125
427.828603,135.347748,115.328125,180.255208
419.317393,128.477743,113.429687,185.606771
409.875844,131.146250,117.010417,177.713542
401.259725,111.782511,118.104167,193.955729
388.711253,126.095149,120.854167,175.333333
376.980967,124.711060,118.132812,173.333333
366.864410,115.570328,117.234375,180.757812
356.643372,119.715210,118.333333,173.000000
347.120778,118.781876,118.044271,170.648438
337.315806,113.536652,118.971354,171.992188
328.080170,111.938736,119.203125,171.000000
320.516785,107.636200,125.343750,171.296875
313.988098,103.900380,123.427083,172.664063
307.659729,101.758041,124.515625,174.984375
304.514801,100.191681,123.044271,175.348958
300.692607,97.333018,124.145833,176.348958
296.909281,96.846578,125.583333,175.687500
295.955526,91.177577,126.541667,179.760417
294.861410,91.529867,125.888021,180.783854
299.538137,90.463181,125.177083,182.489583
300.996796,91.082047,124.070312,183.531250
301.747681,90.271993,125.924479,183.473958
305.490845,90.811854,123.057292,185.505208
307.210063,90.375153,123.729167,189.375000
307.686859,92.289846,124.177083,188.630208
307.084534,90.572342,124.401042,193.276042
306.414510,95.272186,122.843750,191.018229
305.532135,101.567195,121.177083,187.781250
304.307922,107.325684,117.807292,186.182292
298.900747,115.658381,115.328125,183.078125
292.139628,121.849569,118.250000,182.458333
289.520579,128.137263,113.536458,182.156250
284.281494,138.517120,111.000000,174.250000
280.836182,141.587723,105.296875,174.828125
272.749532,142.582113,104.677083,180.333333
267.625244,156.624598,100.187500,170.445312
261.837148,160.590871,95.481771,170.002604
257.890859,162.420400,92.145833,175.479167
252.645762,142.863592,90.427083,196.950521
247.609375,149.395289,89.333333,165.244792
244.210286,150.222748,90.072917,164.736979
239.540375,145.318837,91.044271,162.065104
238.290985,134.098724,89.593750,171.859375
236.473724,126.196340,90.304688,164.078125
236.709951,116.429576,88.148438,170.244792
235.198242,108.652837,89.958333,184.000000
233.854309,103.765137,95.500000,186.062500
232.884338,94.492340,99.281250,189.593750
230.000946,85.161896,105.921875,185.609375
231.913513,79.022583,107.250000,190.921875
234.048798,72.880814,107.458333,176.656250
234.417511,63.834167,109.210938,182.687500
231.270386,57.245855,113.611979,185.520833
233.713735,50.814433,112.585937,185.598958
232.346222,47.564590,116.421875,184.562500
229.599579,47.140732,118.468750,182.796875
229.073517,44.963623,119.125000,183.812500
224.573547,44.456345,122.609375,183.414062
224.035583,41.029938,120.437500,187.265625
220.602671,39.433990,119.562500,191.546875
215.113922,41.325775,121.195312,187.656250
208.347646,56.688212,124.979167,175.697917
203.340932,57.830704,122.437500,175.479167
196.623016,59.797226,121.041667,175.479167
193.621490,61.949005,119.250000,174.250000
186.576080,65.021042,117.875000,193.500000
178.939153,65.814194,115.117188,168.653646
175.306061,66.712616,113.437500,166.979167
171.797175,66.735723,109.020833,158.583333
166.829773,65.593877,110.958333,155.666667
163.317235,64.466578,103.179687,154.856771
158.890335,63.810109,101.557292,153.005208
156.476059,63.108582,98.562500,151.989583
152.421967,60.508458,98.869792,154.632812
149.235494,60.592819,97.687500,151.786458
148.177536,59.998672,95.960938,150.703125
147.172104,59.283859,95.937500,149.057292
147.197968,56.483480,95.739583,148.125000
145.409348,54.848249,96.182292,147.692708
146.041550,53.326950,97.078125,148.468750
145.540695,45.680852,97.302083,153.291667
146.044434,45.196373,97.937500,151.914062
149.656408,44.261467,95.703125,151.218750
148.322601,41.139267,97.515625,151.875000
152.016815,42.390358,94.187500,148.546875
150.765915,43.035881,98.734375,149.773438
152.852005,42.619815,97.062500,148.958333
153.306875,41.383352,97.479167,150.104167
151.936707,41.437261,99.671875,150.104167
151.732534,42.260773,100.768229,151.200521
152.797674,47.336416,100.197917,147.010417
151.062149,41.608363,101.750000,155.916667
150.889262,44.677114,101.312500,154.812500
151.547770,39.093928,100.458333,163.750000
150.695923,38.225220,99.437500,163.890625
148.628830,56.871643,99.000000,146.833333
146.632782,40.437202,101.312500,161.500000
145.510508,41.102089,99.218750,160.020833
144.647532,38.870969,98.838542,164.447917
143.479675,56.249588,98.875000,148.416667
140.957962,42.269058,99.765625,161.781250
138.892675,55.363002,100.213542,149.820312
136.985499,57.713501,100.007813,146.666667
135.862137,60.647827,99.093750,145.859375
133.872177,62.818197,98.645833,147.468750
132.364746,65.485580,99.093750,145.859375
131.525299,64.886841,97.289062,146.000000
130.453842,72.086838,96.846354,140.822917
130.455012,74.198563,95.062500,142.093750
131.534027,73.273188,93.968750,143.773438
129.054855,76.753647,94.411458,140.567708
128.768158,77.299408,92.875000,144.281250
128.810069,77.965983,92.861979,140.414062
128.395106,79.595815,90.052083,142.625000
128.241165,78.562119,90.906250,145.492188
127.882746,80.767705,90.468750,141.593750
128.811717,80.629710,90.031250,143.026042
127.386922,78.733714,88.971354,145.145833
127.309489,78.002955,88.552083,143.005208
127.793839,78.603546,87.695312,152.984375
129.584274,78.468669,86.515625,154.489583
128.701609,76.960749,87.200521,143.940104
128.971313,76.621262,87.062500,145.500000
129.305751,76.629552,87.041667,155.875000
129.889918,75.815918,84.916667,140.125000
129.334930,76.315491,85.093750,141.156250
130.642624,74.235413,84.015625,143.312500
132.159164,72.645081,82.937500,142.234375
133.712519,70.899938,81.664062,141.893229
134.920624,69.941116,81.359375,141.085938
137.342061,69.355123,78.250000,141.552083
138.240479,69.799632,77.177083,140.479167
138.744451,70.410029,77.875000,138.734375
141.658376,70.767329,76.252604,137.726562
143.930084,70.007192,73.593750,136.718750
145.483078,70.295059,73.734375,137.117188
146.090393,69.026825,72.695312,137.117188
147.833603,67.753215,73.848958,136.437500
151.687678,67.188838,70.947917,135.752604
153.195145,67.213776,71.078125,135.062500
154.241425,66.813965,72.093750,134.046875
156.484441,65.200953,72.458333,134.729167
159.425354,64.915059,71.796875,134.385417
160.570623,64.908244,72.924479,134.718750
165.149119,63.016721,71.257812,134.388021
167.347336,61.501610,71.000000,132.000000
168.587891,61.829918,72.000000,131.000000
171.742249,61.603333,70.000000,129.000000
174.285060,61.707677,69.541667,128.291667
174.787399,59.460861,69.966146,129.218750
176.752599,57.750977,69.966146,130.190104
178.399841,56.924337,69.723958,129.611979
179.142365,55.390549,69.781250,128.875000
180.397166,55.748281,68.994792,129.218750
180.582550,53.940872,69.226562,129.765625
182.041931,54.570424,68.486979,128.369792
182.596451,53.158493,68.500000,129.437500
183.644379,51.915565,67.562500,125.687500
184.503128,50.954793,66.638021,124.880208
183.560806,51.384605,67.726562,121.656250
184.797068,50.138034,66.776042,121.739583
185.375219,50.289347,66.966146,119.377604
186.293070,50.103032,67.098958,117.119792
187.367340,49.148911,66.328125,116.648438
188.350530,47.629817,67.015625,118.067708
189.536458,48.179316,65.255208,115.427083
190.875916,47.737918,66.429688,115.283854
192.780182,47.976138,65.843750,114.260417
193.967484,48.661865,66.312500,112.718750
195.565002,48.705910,66.312500,112.718750
198.212631,48.914200,65.453125,112.718750
200.392934,49.483877,65.257812,113.236979
200.455643,49.616943,65.718750,113.406250
202.752411,49.587260,65.062500,112.895833
203.609212,50.301015,65.322917,111.872396
205.564255,51.379318,65.125000,111.531250
206.752467,51.130623,64.927083,111.190104
206.900803,51.577680,65.166667,111.000000
207.181575,51.989970,65.390625,110.794271
208.859695,52.742355,64.765625,109.484375
209.150457,53.095116,65.187500,108.802083
210.014501,51.922793,63.739583,109.968750
211.248581,52.021179,63.109375,109.484375
213.233668,50.760450,62.328125,109.755208
214.559362,51.149221,62.132812,109.408854
214.840347,51.227788,61.510417,109.755208
213.914536,49.588445,62.914062,110.794271
214.847275,51.259735,62.281250,110.312500
214.513972,51.517929,62.718750,109.625000
214.539098,49.390816,62.718750,111.270833
215.114339,49.921305,62.403646,111.190104
215.620575,48.986137,60.625000,112.796875
213.533117,50.458677,63.304687,111.486979
213.362940,49.922155,62.213542,111.687500
213.363215,51.122360,61.375000,110.848958
212.220540,50.256617,61.833333,112.666667
211.565323,51.385918,60.906250,111.531250
210.910599,50.816925,60.721354,112.872396
209.812668,51.736567,60.536458,111.687500
209.499771,51.888702,60.166667,112.666667
208.909012,51.720146,59.515625,113.851562
208.689667,51.728004,58.552083,112.718750
209.034393,50.376457,57.843750,113.851562
209.081421,52.261070,57.843750,111.343750
209.316086,52.294571,57.312500,111.140625
209.182388,51.059680,57.489583,112.317708
209.791204,51.139376,56.833333,111.833333
210.033747,52.298581,56.658854,111.486979
210.844818,52.057693,57.312500,110.312500
211.617421,51.290405,57.135417,111.619792
213.326009,52.741178,56.833333,110.166667
213.740331,50.363564,57.135417,111.619792
213.782221,50.147654,58.500000,112.666667
214.544149,48.022074,59.398437,113.565104
215.787033,48.931630,60.117188,113.236979
217.892960,48.612572,58.578125,113.578125
219.162689,50.714539,58.906250,112.554688
220.100189,49.345070,65.520833,114.760417
221.467102,49.559166,61.562500,117.671875
223.331685,49.893832,61.385417,116.442708
224.391556,47.583923,63.679688,120.179688
225.938426,47.017517,62.979167,134.072917
227.521688,44.501704,62.333333,126.541667
228.180608,44.230871,64.041667,137.281250
229.817434,43.837840,64.307292,138.328125
231.266296,44.217354,64.000000,136.843750
232.551544,44.102437,66.080729,135.046875
233.900116,44.496574,66.953125,134.875000
234.448456,44.279289,67.476562,139.906250
236.899465,45.022947,67.859375,137.757812
239.403046,47.577972,67.515625,134.031250
240.230896,48.976982,70.453125,137.921875
240.985555,52.869926,71.437500,142.895833
244.110586,55.727671,72.875000,140.583333
246.530090,56.670914,73.734375,140.234375
249.892242,59.603905,72.875000,141.625000
253.942169,62.316284,74.281250,144.421875
256.686157,64.559901,75.739583,146.208333
260.652039,48.131485,77.015625,161.718750
263.746714,71.437648,78.385417,142.114583
270.156738,76.674815,77.731771,143.656250
272.273010,84.041153,81.859375,145.468750
280.158722,91.150330,80.312500,144.203125
282.320618,95.036367,82.708333,145.645833
284.764231,99.607936,85.179688,146.911458
292.289093,107.172633,81.755208,146.359375
293.679932,112.377914,85.960938,149.398438
303.865977,118.878591,80.213542,147.604167
308.389272,125.646139,82.187500,147.588542
312.589264,132.383799,79.523438,145.528646
314.121633,139.221385,79.020833,143.666667
316.663910,143.936798,79.210938,142.000000
317.695068,146.120346,79.750000,144.281250
319.383982,148.851964,79.950521,144.445312
319.247874,153.455180,79.385417,142.093750
318.943431,158.009384,79.580729,139.346354
319.469818,161.540802,78.656250,138.812500
318.678833,164.102310,77.015625,140.000000
316.944722,167.177582,77.916667,137.500000
316.086222,169.814067,76.104167,135.114583
315.140208,173.667333,76.562500,132.184896
314.719320,175.258336,75.143229,132.578125
313.823751,177.169790,75.625000,133.666667
312.931925,182.086812,76.000000,137.458333
312.739817,188.275614,75.192708,129.247396
312.271576,189.382065,74.687500,129.953125
313.395406,194.751556,74.500000,126.562500
313.616079,196.461161,73.937500,126.614583
313.911530,200.946126,75.385417,125.645833
315.444397,202.211375,74.950521,128.640625
316.336395,203.109955,75.710938,130.976562
318.671448,208.257233,76.281250,129.906250
320.327362,207.249420,76.851562,131.921875
320.863312,210.133026,79.710938,132.184896
323.889648,212.240753,80.203125,133.718750
324.983551,214.496053,82.054688,133.929688
329.476562,216.084869,81.937500,135.531250
332.988658,215.215078,81.223958,139.468750
335.795593,216.429749,80.875000,139.671875
339.532074,216.633942,79.765625,139.671875
341.065206,217.843445,80.125000,139.468750
342.484772,218.436035,81.414062,140.898438
345.472900,218.002441,80.320312,140.648438
346.511566,217.818756,80.687500,140.453125
346.417816,216.545319,81.984375,141.890625
347.826050,217.860931,79.567708,139.054688
348.045349,217.341309,80.843750,139.906250
344.071818,218.321971,84.007812,137.132812
343.283468,217.699585,83.479167,139.208333
343.396159,218.842631,84.057292,137.932292
339.652212,217.128927,85.619792,138.369792
