255.000000,151.000000,73.000000,210.000000
257.625000,145.916667,65.583333,208.958333
258.252289,146.839722,67.234375,208.289062
258.210449,146.525330,66.390625,208.070312
257.993062,145.157674,68.520833,209.591146
258.214335,146.442312,65.455729,208.960938
258.106669,144.907450,67.458333,210.041667
258.106211,145.321136,66.671875,210.177083
257.706340,145.199443,67.028646,209.890625
257.546885,145.153625,66.671875,210.177083
257.760132,147.972809,65.593750,206.968750
257.730520,145.098541,66.109375,210.796875
257.589966,148.540070,65.593750,206.968750
257.912974,145.679291,66.109375,210.796875
257.718953,148.221095,65.731771,208.630208
257.887604,146.203186,65.179688,209.281250
257.596018,144.262421,67.458333,212.458333
258.093648,149.669189,66.283854,206.705729
258.147268,147.675715,64.627604,208.690104
256.885284,146.238770,65.179688,210.492188
258.151276,142.650085,67.601562,212.914062
258.016357,147.572998,67.234375,208.289062
257.428650,150.834788,66.953125,206.187500
256.948517,146.047145,67.458333,210.041667
258.759969,149.731211,66.145833,207.500000
257.845764,144.154175,66.953125,212.294271
256.309987,148.182170,66.283854,207.937500
258.109344,146.220520,66.390625,210.492188
257.142487,147.179016,68.031250,209.406250
257.864319,148.739380,66.812500,208.187500
257.912333,151.000000,65.455729,206.528646
257.515167,149.400421,66.109375,207.179688
257.984365,146.309219,66.250000,210.041667
257.283539,151.347015,67.234375,205.835938
258.204926,150.081635,66.390625,206.859375
257.610291,148.600723,65.179688,206.859375
257.834991,149.050125,65.179688,206.859375
257.919545,150.614797,66.109375,205.973958
256.916779,148.735413,65.968750,206.734375
257.272369,146.264267,65.179688,210.492188
257.485168,144.782257,66.812500,211.843750
258.087921,146.354248,65.187500,209.609375
258.251099,150.541901,65.593750,205.750000
258.648427,147.096664,65.828125,208.690104
257.246989,147.583135,65.731771,208.630208
257.734355,149.651520,65.731771,207.408854
258.412750,148.877151,65.593750,206.968750
257.873657,145.672658,66.671875,211.393229
257.992421,149.092484,65.869792,206.625000
258.376383,150.443370,66.109375,205.973958
257.857239,148.287364,66.671875,207.744792
257.193481,149.943827,66.531250,207.302083
256.781647,147.587214,67.744792,208.515625
257.469076,146.962458,66.671875,210.177083
257.844106,148.890081,65.869792,206.625000
258.200694,148.132787,66.109375,208.385417
257.708496,147.404312,64.645833,209.072917
257.595815,148.736257,65.317708,207.302083
257.859772,147.011612,65.968750,210.343750
258.433187,146.289561,65.869792,210.296875
257.270599,149.133372,66.531250,208.515625
257.053192,150.377055,66.953125,206.187500
257.870728,146.961136,66.390625,209.281250
257.164490,148.161682,66.007812,208.289062
257.602570,145.861206,65.179688,210.492188
257.937205,149.688746,65.731771,207.408854
257.413055,150.780538,65.455729,205.312500
256.953796,148.073247,66.250000,207.625000
257.772278,148.051468,66.812500,208.187500
258.599752,147.845840,65.869792,209.072917
258.769297,151.019674,65.317708,206.088542
258.232849,149.423325,66.390625,206.859375
257.565613,149.815445,66.250000,206.416667
257.353729,149.353516,66.671875,206.528646
256.895508,149.592972,66.250000,206.416667
257.809316,150.383993,65.455729,206.528646
258.485087,150.827525,65.317708,206.088542
257.948608,148.020218,66.390625,208.070312
257.090668,149.892008,66.531250,206.088542
258.021749,146.807048,66.250000,210.041667
257.424286,147.152206,66.007812,209.515625
257.730062,146.728755,66.671875,210.177083
258.137929,147.100739,65.869792,209.072917
258.339478,148.343170,66.390625,208.070312
257.524078,144.673691,66.671875,211.393229
257.760173,148.471710,65.731771,208.630208
258.325256,150.089798,65.593750,206.968750
258.582865,145.944300,66.109375,210.796875
257.524353,144.383036,65.731771,212.294271
258.719543,146.846100,66.007812,209.515625
257.203186,149.705907,66.250000,206.416667
258.208425,147.213699,65.455729,208.960938
258.748779,149.656204,65.593750,206.968750
257.837555,149.177073,66.109375,207.179688
257.101196,147.382156,66.250000,208.833333
257.524373,146.505178,65.731771,211.072917
257.831777,147.181758,66.671875,208.960938
258.348938,149.824875,66.812500,206.968750
258.646830,147.130178,66.109375,208.385417
256.594899,147.525909,66.531250,208.515625
258.185089,148.371994,65.317708,207.302083
258.264048,147.637761,66.109375,209.591146
257.701538,148.518097,66.007812,207.062500
258.382243,149.244659,66.109375,207.179688
256.839050,149.148621,66.812500,208.187500
257.921763,148.121989,65.731771,208.630208
257.081512,149.441386,65.731771,207.408854
257.424856,147.396057,65.455729,208.960938
257.965210,149.838562,65.593750,206.968750
258.197306,148.136017,66.109375,207.179688
257.354675,150.526138,66.390625,204.437500
257.904887,145.154643,66.109375,212.002604
258.715668,148.028590,65.052083,207.937500
257.557739,149.039810,65.968750,206.734375
257.971751,147.860204,64.239583,207.744792
258.566345,150.477091,64.489583,205.843750
257.897064,147.253138,65.828125,209.890625
257.562449,147.964005,65.455729,207.744792
257.439596,149.874339,64.903646,205.973958
258.042460,146.257146,66.109375,210.796875
257.776326,146.974731,65.731771,208.630208
258.087799,146.548584,66.390625,208.070312
257.665924,145.438812,66.007812,210.742188
257.910522,146.533813,65.593750,209.406250
257.941172,148.625514,66.531250,208.515625
258.683411,147.704330,65.593750,208.187500
258.441996,149.459966,65.041667,207.625000
256.920990,148.207275,65.968750,207.937500
258.450348,148.347967,65.041667,208.833333
258.087423,147.804881,65.317708,208.515625
256.559804,148.728287,66.250000,207.625000
258.963074,147.373306,65.179688,210.492188
258.138774,148.199163,65.041667,208.833333
256.474843,147.156952,67.458333,210.041667
257.811310,146.215714,65.593750,210.625000
258.724640,147.633743,65.317708,208.515625
257.329203,149.929392,64.903646,207.179688
258.689941,148.098694,64.765625,207.937500
257.495483,146.215881,66.390625,210.492188
258.690155,147.295212,65.731771,209.851562
258.224386,147.561625,65.317708,209.729167
258.303162,145.475555,65.179688,210.492188
257.386414,146.581955,66.953125,209.851562
258.723633,148.656504,66.953125,208.630208
258.277354,146.876516,66.109375,210.796875
257.512573,145.300873,65.869792,211.520833
257.558350,144.766037,66.812500,211.843750
258.308563,146.757324,66.421875,209.609375
258.536377,145.506973,65.593750,211.843750
258.436188,147.316757,65.593750,209.406250
258.507182,149.343821,66.531250,207.302083
258.863169,148.660578,65.317708,208.515625
256.969950,146.613708,66.671875,210.177083
258.136749,148.301483,66.390625,208.070312
257.397614,148.254623,65.179688,208.070312
257.621338,148.237625,66.390625,208.070312
256.991089,148.375554,66.250000,208.833333
258.817352,148.925268,64.510417,207.408854
258.256327,147.921432,65.828125,208.690104
257.964620,148.407776,65.317708,208.515625
258.009664,147.194016,66.250000,210.041667
257.468781,145.791687,65.869792,211.520833
257.523285,148.595596,66.812500,208.187500
258.449361,147.702031,65.869792,209.072917
257.433411,149.417984,66.390625,206.859375
256.889862,148.834981,66.250000,207.625000
257.927124,149.002441,66.812500,206.968750
257.273834,147.626195,66.671875,208.960938
257.806173,148.669596,65.455729,207.744792
257.316528,147.919118,66.671875,208.960938
257.958781,148.102885,65.317708,209.729167
257.977132,146.209656,64.510417,209.851562
257.690745,144.448364,66.109375,213.208333
257.367126,147.674316,65.187500,208.375000
257.258626,148.708206,66.109375,208.385417
257.663513,148.797073,65.179688,208.070312
256.987732,149.181188,66.531250,208.515625
258.033407,147.182978,65.869792,210.296875
257.739563,149.211136,65.593750,208.187500
257.967611,146.683329,66.250000,210.041667
258.557454,146.673467,65.869792,210.296875
257.395050,150.217662,66.671875,206.528646
258.055135,147.224314,66.250000,208.833333
257.650574,146.875224,65.731771,209.851562
258.218353,145.779053,65.593750,211.843750
258.150513,148.433578,65.593750,208.187500
258.759888,147.214828,66.812500,210.625000
257.461029,149.399999,66.671875,207.744792
258.294739,147.301056,65.179688,209.281250
258.697083,147.847931,65.593750,209.406250
258.759959,146.633423,65.317708,210.942708
257.871948,147.183746,65.869792,209.072917
257.910156,149.704559,66.390625,208.070312
258.455048,147.140823,66.390625,209.281250
257.723602,144.108322,66.007812,211.968750
256.995636,145.719894,66.007812,210.742188
258.332092,148.499207,65.593750,208.187500
258.446533,148.193726,66.390625,208.070312
257.923737,144.867269,66.953125,211.072917
258.382955,147.474721,65.869792,209.072917
257.356079,146.138382,66.531250,210.942708
257.935059,147.564072,65.593750,209.406250
258.111308,149.038706,65.731771,207.408854
257.518677,147.244583,66.671875,208.960938
258.051259,149.331273,66.671875,207.744792
257.419067,148.324224,66.671875,208.960938
257.854360,151.496379,65.455729,205.312500
257.836131,148.906535,66.250000,206.416667
258.338501,148.468018,66.390625,208.070312
257.942637,146.412628,65.455729,210.177083
257.509776,147.802526,65.869792,209.072917
258.106618,149.364675,65.455729,207.744792
257.498535,148.982193,66.671875,207.744792
258.019084,151.842611,65.317708,203.661458
258.896698,149.704590,64.765625,205.531250
258.295135,148.123291,64.765625,207.937500
257.482635,143.818604,66.390625,211.703125
257.670085,145.200378,65.731771,209.851562
258.165029,144.772212,64.645833,211.520833
258.300446,144.838135,65.593750,210.625000
258.304799,146.104843,65.455729,210.177083
257.871928,141.374919,65.869792,213.968750
257.295461,139.854975,66.559896,214.997396
257.430186,159.416295,65.729167,195.187500
257.331014,148.822449,66.169271,207.171875
257.061066,147.797180,66.390625,208.070312
256.746724,144.562307,66.953125,211.072917
256.721934,146.291835,66.145833,209.958333
258.110128,147.520996,64.916667,208.729167
257.683736,144.974818,65.317708,210.942708
257.027079,144.241069,65.869792,212.744792
257.756104,143.957214,66.421875,213.312500
257.345113,144.664805,66.559896,211.286458
257.070557,143.102921,66.421875,212.078125
258.007690,145.585058,65.322917,210.049479
257.576223,144.689657,65.731771,211.072917
257.142446,144.859131,66.145833,211.187500
256.843516,143.634623,66.283854,211.632813
256.814423,147.034439,66.421875,209.609375
257.001984,145.564804,66.007812,210.742188
257.547526,154.175776,66.145833,202.583333
257.563741,145.796819,65.687500,209.437500
256.880269,148.156102,66.953125,208.630208
257.182566,145.683629,65.869792,207.848958
257.412730,147.349798,66.953125,207.408854
257.267761,145.959061,66.812500,209.406250
258.074341,148.780691,65.869792,207.848958
258.030233,149.080083,66.531250,207.302083
257.787191,148.062831,66.531250,207.302083
257.442668,146.846761,66.671875,208.960938
257.395243,143.917903,65.869792,212.744792
257.736389,144.480545,66.421875,212.078125
257.764028,146.674205,65.869792,209.072917
258.371674,147.748586,65.317708,208.515625
257.694580,142.053268,66.671875,215.041667
257.557404,145.587463,66.421875,210.843750
257.592753,144.976471,65.731771,211.072917
258.000315,143.916768,66.145833,213.645833
257.835693,149.147293,67.234375,207.062500
257.937073,144.255768,66.812500,211.843750
257.397664,146.234446,67.375000,209.958333
258.006022,145.152873,67.375000,211.187500
257.152293,145.346837,67.093750,210.296875
257.631053,144.433070,66.145833,212.416667
257.616730,144.562973,65.187500,210.843750
257.115835,146.891098,66.953125,208.630208
258.128733,146.400462,65.731771,209.851562
257.831156,146.789790,65.869792,209.072917
257.604258,148.013748,65.869792,209.072917
257.377360,145.950907,65.869792,210.296875
257.921631,146.341537,67.234375,210.742188
257.545308,146.736928,66.145833,208.729167
257.001038,141.437454,66.007812,215.648438
257.061503,153.194570,66.559896,202.627604
258.370392,156.543503,66.390625,199.593750
257.451121,154.173665,65.828125,202.687500
258.074626,140.326284,65.687500,216.625000
258.053782,144.428335,66.973958,212.614583
257.248454,145.522181,66.283854,210.401042
257.864339,145.522181,67.515625,210.401042
256.286794,145.732691,67.515625,211.632813
256.568064,142.611379,66.697917,214.208333
256.131022,141.939504,67.111979,214.304687
256.907532,141.014694,66.000000,214.750000
257.110657,140.669907,66.835938,215.898438
257.445282,142.672119,65.593750,214.656250
257.968842,149.304932,65.322917,207.575521
256.531352,151.868739,66.531250,203.661458
256.912252,152.475505,66.531250,202.447917
257.364380,152.691650,66.390625,202.015625
257.408061,152.467133,65.828125,202.687500
256.719788,150.091588,65.828125,205.088542
257.727102,149.811447,66.250000,205.208333
257.516174,149.376653,65.455729,206.528646
258.134735,151.255356,65.179688,204.437500
257.740204,155.143860,65.968750,200.718750
256.988332,160.162089,67.028646,194.283854
258.687602,162.333445,64.843750,192.531250
258.015717,158.353745,65.023438,196.562500
256.996185,175.916245,65.882812,179.132812
257.437805,177.251984,65.570312,178.851562
257.760803,169.823201,65.273438,187.054687
258.031230,176.705994,67.307292,177.057292
258.115631,172.289347,66.098958,183.950521
258.673706,174.805206,66.015625,180.078125
259.192312,176.515340,65.273438,179.161458
258.982819,176.804901,64.145833,180.289062
258.360687,176.539637,64.976562,177.216146
259.348124,171.998494,64.828125,183.526042
258.496216,175.596522,65.273438,178.033854
257.705424,170.919088,64.976562,183.950521
256.975037,171.082169,64.875000,182.359375
257.120870,176.546834,64.583333,179.260417
256.716461,174.638753,63.854167,179.460938
256.097748,174.375824,64.679688,180.867188
255.320618,176.020045,64.976562,177.216146
253.945394,173.668330,64.382812,177.804688
254.428477,173.113820,64.531250,178.218750
254.144928,168.439285,65.796875,180.867188
253.410502,163.340627,65.947917,184.645833
251.044617,154.058945,68.296875,191.484375
253.155233,143.899572,67.945312,198.312500
252.021016,151.202698,66.770833,185.393229
251.836294,134.013346,67.458333,201.520833
251.806854,135.272944,69.281250,197.458333
249.723073,131.676325,64.984375,188.213542
248.622803,132.628169,66.757812,182.122396
248.038778,125.313782,66.312500,182.041667
247.698578,119.944448,63.591146,183.083333
246.722443,115.426178,66.250000,185.500000
244.486806,125.719289,67.760417,169.052083
243.083160,127.234055,68.671875,166.296875
239.219482,127.244431,74.218750,160.750000
237.238922,125.438324,72.500000,159.640625
232.713654,123.286407,65.343750,157.421875
226.760864,118.749954,76.937500,159.203125
226.437836,117.349686,59.796875,157.421875
221.857595,106.465790,59.916667,163.020833
218.960526,101.699005,59.906250,165.531250
216.024490,102.637268,59.906250,161.468750
209.927322,107.715317,60.000000,151.000000
209.863683,105.575322,59.750000,142.000000
206.186717,101.348353,57.388021,145.315104
200.229792,97.397456,59.286458,142.955729
198.655584,94.039795,58.500000,145.708333
191.349136,87.095566,62.953125,148.734375
144.151179,83.096369,106.723958,219.429688
142.468079,62.936676,105.687500,251.203125
143.746343,78.249619,103.203125,281.234375
140.234879,76.899572,104.828125,283.643229
138.753433,78.161072,103.929688,280.726562
138.356155,78.539017,96.312500,281.854167
138.246567,60.340927,94.515625,301.585938
138.745132,67.984451,92.067708,292.416667
139.050746,73.091003,92.223958,286.442708
137.987910,79.248952,93.656250,277.424479
137.716146,77.291153,83.742188,283.296875
138.591110,73.143555,85.937500,280.979167
136.772568,72.090744,82.656250,286.796875
129.008163,74.361877,92.875000,284.281250
124.626526,71.522919,93.812500,290.265625
121.909561,81.062683,96.976562,278.265625
111.046097,80.831146,111.450521,279.395833
109.071584,79.480988,108.369792,281.695312
106.897400,60.913793,113.312500,298.940104
103.868317,65.517715,117.437500,293.710938
95.873245,63.055954,124.718750,295.250000
84.970093,77.515767,136.151042,283.588542
80.579890,70.518270,137.958333,291.135417
79.679866,64.415705,135.895833,294.489583
61.382268,84.622645,151.820312,276.572917
59.653778,81.166122,157.718750,279.406250
54.431310,84.290227,161.802083,275.859375
53.762441,88.813492,165.325521,270.567708
42.634109,85.455673,175.375000,274.187500
40.888746,88.397995,81.104167,167.216146
31.150675,73.942790,84.645833,185.401042
26.999003,86.732147,80.520833,174.500000
1.336759,89.561106,102.252604,174.330729
1.417154,80.423482,95.552083,185.213542
0.006769,91.174861,90.869792,176.091146
-0.313667,54.753825,87.809896,215.817708
-0.704085,68.283895,81.898438,209.632812
0.018097,36.495402,76.541667,245.161458
-4.567726,0.908829,79.750000,278.031250
-5.299639,2.620255,74.828125,280.070312
-5.695593,1.077118,73.000000,287.500000
-12.441519,0.743301,77.375000,287.406250
-12.729816,-1.663422,74.843750,299.270833
-9.650436,0.727722,69.281250,299.359375
-19.796602,-0.774490,77.463542,303.968750
-15.948254,1.520523,70.718750,302.609375
-21.994489,2.908966,73.606771,307.726562
-15.462086,2.816696,66.885417,313.955729
-6.524821,3.376770,57.406250,312.718750
-21.106393,2.549856,75.807292,322.812500
-24.033034,3.154022,79.533854,325.507812
-19.046986,1.856964,78.734375,330.593750
-20.644493,0.844940,84.822917,333.067708
-31.529394,0.374176,99.125000,336.260417
-15.216188,105.865692,88.656250,234.750000
-55.739742,1.849350,133.257812,335.726562
-13.963732,-1.688019,96.958333,347.135417
-14.458434,-0.052795,101.770833,353.697917
-4.570546,-1.146220,98.229167,356.260417
-6.407734,-1.574677,103.687500,365.250000
-7.563238,-3.153183,110.283854,368.591146
-2.617766,0.679626,110.406250,367.713542
-3.602600,-0.131149,116.500000,372.250000
-5.713181,47.457932,124.531250,327.625000
-2.725624,37.862320,126.507812,337.679688
-5.127446,38.614248,137.268229,338.619792
-1.857162,25.616119,139.361979,354.132812
-1.043533,80.963440,190.750000,300.718750
-0.369011,32.053741,161.859375,352.171875
-1.558647,103.555593,165.054688,281.557292
41.250326,125.285131,125.322917,260.947917
47.303009,128.770396,161.937500,258.500000
2.617867,123.435791,205.356771,264.346354
63.578712,127.031967,149.132812,261.890625
70.392105,108.974731,139.703125,278.406250
84.612885,94.661764,128.666667,290.244792
94.133759,90.578710,119.505208,292.406250
101.731750,120.663086,113.786458,259.854167
111.061101,121.514369,115.088542,259.015625
127.313461,120.793030,106.796875,257.687500
136.774689,120.730408,105.625000,257.500000
137.621908,120.601593,111.872396,255.153646
138.014974,106.098694,118.424479,265.643229
137.642446,106.100021,127.859375,263.911458
136.178136,121.621597,138.437500,245.333333
136.976883,126.584468,144.945312,237.070313
137.577830,125.519196,153.033854,233.861979
137.196060,124.366180,160.468750,233.312500
136.973480,135.416361,165.213542,223.289062
138.811981,131.664597,168.343750,226.117188
215.278920,132.849731,95.856771,214.932292
229.279561,135.202306,85.333333,209.916667
239.364685,138.931274,77.453125,204.875000
244.687602,144.530401,73.734375,198.421875
246.032664,141.975749,73.302083,199.830729
247.741730,147.738937,71.312500,191.625000
248.290436,134.692017,72.250000,204.359375
249.107208,150.294703,71.442708,186.968750
251.365255,135.276357,69.265625,203.119792
251.986877,143.845093,69.765625,194.562500
254.534973,147.120799,67.458333,190.708333
255.317312,147.176341,66.770833,198.312500
254.931458,148.198380,66.742188,192.250000
254.309875,170.743189,65.166667,172.500000
254.683411,171.819550,64.234375,172.953125
255.114003,177.682582,63.195312,166.854167
254.035187,172.616318,63.078125,171.179688
256.383942,174.441742,62.453125,169.187500
255.834971,174.806702,63.841146,169.286458
256.808044,172.981888,63.078125,167.968750
255.788228,174.602173,64.906250,169.286458
256.096069,164.241928,62.007812,177.601562
255.224060,173.041794,63.343750,168.343750
256.555908,170.946899,62.927083,170.765625
256.418854,166.637553,63.229167,174.812500
256.626984,161.552795,62.898438,180.179688
255.215240,146.819672,63.789062,194.875000
254.973145,140.653229,63.437500,202.187500
256.682872,144.013255,63.385417,197.572917
256.375580,144.733948,62.833333,197.000000
257.094320,144.804220,63.718750,197.286458
256.459869,144.274658,64.736979,198.005208
255.607819,143.798187,63.109375,199.046875
255.497019,143.530706,64.880208,198.447917
255.810048,145.417948,64.421875,198.312500
256.319641,142.763519,63.859375,198.890625
255.556030,142.030375,65.166667,199.333333
256.422618,143.634811,64.421875,199.486979
256.978180,144.073517,63.109375,197.875000
255.888977,143.148529,63.859375,198.890625
256.022664,143.989970,62.833333,198.166667
255.856384,142.689590,65.750000,199.875000
256.253357,143.300461,63.109375,199.046875
256.082591,146.557988,63.718750,197.286458
256.201314,145.183055,63.578125,196.846354
256.348958,143.661967,63.578125,200.322917
255.627838,143.178970,63.859375,200.054688
256.003805,143.741313,64.140625,198.606771
255.430878,144.345942,64.000000,198.166667
255.336487,143.701614,65.453125,197.875000
256.481812,143.905029,63.109375,197.875000
256.106812,144.197479,63.859375,197.726562
256.404002,146.234339,62.557292,196.125000
255.963898,142.046844,64.593750,201.031250
255.499115,143.060862,64.421875,199.486979
256.196157,142.866516,64.140625,199.776042
256.617065,143.637863,64.281250,200.218750
255.877777,142.459320,63.109375,200.218750
255.610962,142.962601,63.859375,200.054688
256.886780,144.101461,61.802083,199.776042
255.634226,142.669174,63.578125,201.481771
256.719635,143.975428,62.971354,199.776042
255.805908,142.289424,64.736979,201.481771
255.998444,142.416016,62.343750,200.367188
166.134949,146.862218,152.666667,205.166667
180.156514,141.153519,139.307292,212.744792
190.617716,142.728953,129.385417,211.552083
206.722575,145.101776,115.661458,207.390625
218.977071,146.459549,103.000000,206.416667
235.869141,142.245743,97.653646,210.664062
247.406952,139.442454,100.367188,211.255208
253.966471,140.605723,177.562500,208.460938
254.375793,152.979462,177.046875,195.578125
254.303782,143.388123,175.937500,203.473958
255.660919,132.063446,176.421875,212.187500
254.273031,142.576701,183.218750,199.296875
354.173401,141.647278,102.250000,201.625000
351.453003,152.970093,120.343750,189.812500
379.351400,158.694987,105.947917,178.734375
407.835571,156.333878,91.125000,178.031250
366.402069,149.144613,141.635417,189.023438
364.267507,150.023376,153.395833,190.291667
365.836863,155.817373,161.065104,184.653646
442.858480,158.687531,91.179688,172.518229
450.484802,159.378586,90.023438,174.007812
457.118093,149.384501,87.203125,184.580729
460.669027,154.323044,84.502604,180.151042
462.458618,158.031754,81.645833,175.252604
461.104207,179.915436,79.078125,151.677083
458.866231,183.546214,76.520833,149.437500
455.676249,177.361308,75.218750,156.859375
450.744080,181.298813,76.166667,152.507812
449.921000,185.851329,74.562500,151.468750
448.828379,186.296621,72.432292,152.656250
446.373383,191.324768,73.757812,147.601562
447.764801,191.460663,72.710938,147.632812
450.036947,191.062256,71.838542,147.963542
452.372508,188.218140,72.895833,147.963542
452.121155,188.336212,73.781250,148.703125
451.939178,188.968964,73.781250,148.703125
451.435588,189.781881,74.671875,147.276042
451.955475,189.270711,74.671875,148.343750
451.924408,188.530060,73.781250,148.703125
453.114624,203.854370,74.851562,132.648438
453.080536,207.652283,74.687500,127.906250
454.154877,200.953949,73.000000,136.000000
452.545288,182.137187,73.294271,154.752604
451.242360,161.329814,75.739583,176.104167
452.691579,162.221873,73.955729,174.971354
451.339162,161.866262,75.333333,175.218750
452.932444,160.422424,73.333333,174.833333
453.077240,161.558502,74.171875,176.380208
453.105988,160.143097,73.171875,175.609375
452.275055,160.951263,74.335938,175.609375
453.802551,160.072266,73.010417,175.218750
451.213959,160.749512,75.500000,176.773438
452.698456,159.764409,73.817708,177.171875
452.912069,160.614360,73.494792,176.390625
450.921356,160.891215,75.666667,176.000000
453.445099,160.965500,72.325521,175.221354
452.447510,160.480998,74.171875,176.380208
452.465983,160.316833,74.664062,175.221354
452.853760,161.545074,73.656250,175.609375
453.440725,161.700638,72.166667,174.833333
452.765564,161.183426,72.687500,175.593750
452.667236,160.746918,73.843750,176.750000
451.521535,160.033106,75.666667,177.166667
452.679220,160.206777,73.817708,177.171875
452.743500,160.427826,74.828125,176.781250
453.810944,160.153076,72.484375,175.609375
452.801819,161.343430,73.171875,176.773438
454.151194,160.597809,73.333333,176.000000
452.824738,160.209183,73.171875,176.773438
452.458089,161.421926,74.664063,175.221354
453.575887,159.429433,74.664063,177.559896
452.389842,160.180552,75.156250,177.562500
450.526164,160.966492,76.666667,175.979167
450.213908,159.671636,76.666667,177.161458
452.538452,160.224625,74.140625,176.773438
451.666290,159.266342,74.828125,175.609375
453.401744,161.365153,73.494792,175.221354
450.645020,161.127284,75.833333,176.390625
452.073364,160.527069,74.828125,176.781250
451.680400,161.066203,74.664062,176.390625
452.191355,161.709671,74.992187,175.997396
452.579844,160.832911,73.494792,176.390625
452.074341,161.181702,73.656250,175.609375
452.525391,161.453334,74.500000,174.833333
454.719065,161.862569,71.848958,176.380208
453.251343,160.672195,72.848958,175.986979
452.283966,159.376684,73.333333,176.000000
451.665975,160.498174,74.664063,176.390625
452.772064,159.710032,73.333333,177.166667
453.253387,160.510768,73.494792,176.390625
452.156514,160.297689,74.992188,177.171875
452.863993,160.286311,73.979167,175.208333
453.262512,161.118668,73.494792,176.390625
452.880514,160.878881,73.817708,175.997396
453.404297,160.539520,73.171875,175.609375
453.071269,160.486552,73.494792,176.390625
453.121613,160.774261,73.171875,175.609375
452.090088,159.664352,74.335938,176.773438
452.526947,160.820185,73.817708,174.822917
452.741547,141.146052,83.463542,194.963542
451.409861,173.294779,92.601562,163.440104
420.401255,161.282216,106.234375,176.390625
450.433757,161.561351,75.979167,175.541667
456.068431,161.205617,71.000000,176.000000
452.568420,160.468908,73.333333,174.833333
453.354614,159.469849,73.171875,176.773438
452.200500,159.808873,74.992188,175.997396
451.523071,161.282257,74.828125,175.609375
453.276845,160.139201,73.333333,177.166667
452.163869,159.761515,74.500000,177.166667
452.379456,160.148717,73.817708,177.171875
451.534983,160.989370,74.664062,175.221354
452.868245,160.897207,73.010417,175.218750
451.771505,160.497925,74.007813,175.986979
452.599711,160.243724,73.494792,176.390625
450.604980,161.552734,75.500000,174.445312
452.128225,160.319677,74.500000,177.166667
452.828298,160.069427,72.643229,177.171875
452.345632,160.044642,73.333333,177.166667
454.005493,160.243378,73.171875,176.773438
451.552002,160.664276,75.500000,175.609375
452.340963,161.017832,74.500000,174.833333
452.430481,160.765778,74.335938,174.445312
451.520782,160.665497,75.666667,176.000000
453.301147,159.335327,72.484375,177.953125
452.074463,160.218399,73.656250,176.781250
452.467041,159.279241,73.494792,177.559896
452.538666,161.271515,73.494792,176.390625
453.550883,160.374644,72.166667,177.166667
452.018545,160.068548,74.007813,175.986979
453.690226,160.774058,72.848958,173.669271
451.822906,160.981567,75.000000,174.437500
454.163757,161.373423,73.010417,174.057292
452.302958,161.416387,74.171875,175.218750
453.864319,161.116842,73.010417,174.057292
452.122142,161.116872,74.171875,174.057292
451.493683,160.767532,74.335938,175.609375
452.998047,161.281713,74.171875,175.218750
453.380341,161.750854,74.335938,174.445312
451.425354,160.925049,75.500000,175.609375
454.089976,160.983877,73.333333,176.000000
453.782928,161.014821,73.333333,176.000000
452.832123,180.786713,73.656250,155.687500
453.393433,162.451981,72.166667,173.356771
451.432170,162.976151,74.666667,173.656250
451.876343,159.712799,74.335938,176.773438
452.664948,160.341624,73.494792,176.390625
453.276927,161.357864,73.817708,175.997396
451.074046,160.510162,75.666667,176.000000
452.729085,161.245458,74.500000,174.833333
450.939219,160.455841,75.666667,176.000000
451.760040,160.502782,74.664062,175.221354
452.244761,160.195791,73.333333,177.166667
453.653453,161.284002,73.333333,176.000000
452.428457,160.741720,74.500000,177.166667
450.999980,161.839742,76.166667,174.822917
451.899821,162.310343,74.664062,174.052083
451.339742,160.708252,75.333333,175.218750
452.614563,160.903824,73.656250,174.437500
451.016764,160.158951,75.166667,174.828125
452.557821,160.244212,74.171875,176.380208
452.750397,161.803268,73.656250,174.437500
452.286011,161.622574,74.335938,175.609375
453.209961,160.304733,73.494792,176.390625
453.521271,161.539856,73.656250,175.609375
452.704498,161.469727,73.656250,176.781250
452.135661,160.550308,74.664062,176.390625
451.490153,161.804433,75.666667,174.833333
451.822184,160.194097,74.500000,177.166667
451.258046,161.675166,75.833333,174.052083
452.475769,161.786423,74.335938,174.445312
449.811584,160.763992,76.494792,175.218750
450.943125,160.036575,75.666667,176.000000
452.064962,160.612854,74.500000,176.000000
451.003276,160.676824,75.666667,176.000000
453.363678,160.172984,73.494792,176.390625
451.186452,161.745478,75.833333,174.052083
452.948425,161.137833,72.960938,174.414062
453.029816,161.329961,72.848958,174.828125
452.379974,161.273026,74.335938,175.609375
452.356934,161.503510,74.335938,174.445312
453.243561,160.958206,73.171875,175.609375
452.543427,162.309733,73.494792,174.052083
452.411601,161.264252,73.679687,175.200521
453.168020,160.080185,73.333333,177.166667
452.075195,161.849533,74.335938,175.609375
453.530304,160.976517,73.171875,175.609375
453.037781,162.006317,74.335938,174.445312
453.165863,161.706665,74.335938,175.609375
451.277608,161.421636,75.833333,175.221354
450.570007,161.302414,76.000000,175.609375
450.998393,162.303686,75.666667,174.833333
451.670085,161.548625,74.664062,175.221354
451.798452,161.094243,75.666667,176.000000
452.778208,161.906845,73.494792,175.221354
451.795909,160.089910,74.664062,176.390625
451.656901,161.499954,74.664062,175.221354
453.126282,162.001923,73.494792,175.221354
452.306101,161.569021,73.333333,176.000000
451.700653,160.512955,74.335938,175.609375
453.166250,161.635284,73.333333,176.000000
452.781921,160.664230,73.171875,174.445312
451.275085,161.763931,74.171875,175.218750
452.487986,161.663457,73.494792,174.052083
452.579508,161.241272,81.572917,173.656250
455.175537,161.410299,154.333333,199.854167
452.958710,162.385742,143.132812,214.828125
460.333130,160.717285,129.070312,217.531250
467.166901,160.800858,111.833333,215.739583
464.633291,160.927943,102.901042,219.359375
456.862478,148.273092,100.361979,231.825521
449.391500,148.926137,96.734375,234.533854
438.462809,206.611359,97.661458,178.453125
368.940613,204.258097,155.786458,183.182292
366.468689,194.884125,159.125000,196.500000
368.716441,159.186188,158.083333,230.583333
387.105194,161.728149,137.390625,227.789062
376.310547,161.126984,149.101562,233.968750
371.019379,160.790802,151.276042,233.403646
258.061523,143.760101,68.929688,201.117188
254.906158,134.045227,171.989583,266.208333
255.087687,144.355865,174.919271,257.302083
227.961090,168.243622,198.953125,235.468750
164.075083,162.253825,212.914063,239.151042
257.096914,175.063202,102.750000,223.578125
231.959127,205.563609,113.729167,190.223958
168.855794,148.754506,75.546875,207.437500
169.046361,146.285339,153.687500,244.572917
169.717901,140.966339,147.981771,247.242188
164.948639,166.838155,152.208333,221.843750
168.322708,146.323476,150.500000,238.666667
165.253448,160.510590,151.218750,226.328125
172.082453,160.441956,144.945313,229.393229
174.038396,144.784536,142.992188,245.226563
170.597137,141.392517,147.484375,251.000000
169.805908,138.352051,148.421875,254.007812
158.275116,145.270396,160.440104,249.242188
148.536835,145.905629,169.697917,249.932292
138.525314,167.758484,86.000000,226.250000
129.321772,170.439524,93.838542,223.005208
120.166784,168.288188,96.833333,225.250000
109.709208,168.264709,108.552083,223.395833
106.120809,171.122884,117.028646,220.934896
94.470586,173.135234,93.239583,217.343750
88.432571,171.790375,88.656250,216.156250
83.124011,168.082713,87.242187,218.875000
78.156982,144.900543,87.250000,239.625000
76.805923,141.096863,86.000000,241.833333
74.495674,153.347839,87.718750,229.359375
74.056953,143.608124,85.843750,238.562500
73.264526,140.909841,90.286458,240.057292
77.482740,143.713308,88.846354,237.177083
76.517929,149.047902,90.906250,232.187500
77.925893,168.168386,92.166667,214.671875
85.931694,165.971924,87.625000,216.875000
86.654587,135.190175,91.559896,248.994792
95.825272,137.787933,88.656250,246.437500
101.511541,129.787974,86.888021,252.841146
107.891871,162.822357,91.190104,219.596354
117.312312,84.914337,90.932292,296.906250
124.293350,161.534241,98.500000,220.375000
131.440887,200.956482,91.937500,181.359375
142.546768,159.736430,85.966146,222.776042
146.619858,162.801300,88.117188,219.484375
155.918625,174.401611,87.218750,209.593750
164.019999,146.165390,155.364583,239.200521
171.445033,140.542552,147.562500,242.479167
170.018748,141.408386,147.614583,241.447917
173.525574,142.000153,145.671875,241.093750
173.595825,146.211212,144.929688,235.492188
167.989375,150.229777,150.416667,230.218750
167.595500,147.151103,149.059896,232.901042
164.857213,143.268290,156.408854,235.049479
167.173375,144.707896,162.010417,236.625000
164.942500,146.815704,82.458333,208.718750
247.682780,166.697988,126.768229,213.838542
244.350250,170.877838,135.023438,210.296875
254.807210,171.316203,133.604167,210.375000
256.011861,150.087168,173.992188,228.161458
253.638245,146.447784,175.414062,234.164062
253.133209,145.993418,97.354167,197.562500
254.832886,131.737000,174.919271,244.486979
361.805115,210.882690,83.640625,166.281250
373.781240,162.439819,150.692708,212.760417
377.803589,161.063782,145.218750,211.781250
375.009837,159.903687,148.656250,212.458333
386.227570,159.061035,138.156250,209.406250
367.850769,159.452494,156.833333,206.416667
364.890818,159.759303,161.153646,202.541667
258.426748,171.759435,57.833333,171.500000
426.778687,155.857895,126.437500,201.351562
457.782623,162.620987,111.968750,194.781250
456.127116,160.536936,125.260417,194.468750
451.852620,160.638006,142.796875,193.213542
454.711243,160.821777,151.244792,189.218750
451.792786,165.864716,163.000000,183.250000
528.689453,151.667709,97.632812,195.960938
551.548279,153.068726,83.078125,194.125000
555.622660,149.777802,83.546875,196.666667
561.023987,153.700287,79.468750,188.453125
565.466349,152.788732,75.531250,188.708333
568.034668,158.969193,74.500000,180.812500
567.327006,160.235077,73.197917,176.515625
567.863688,161.510966,73.278646,175.179688
565.462687,160.966721,74.007812,174.828125
562.695312,160.813365,77.656250,175.218750
562.913086,159.675156,78.000000,173.666667
559.714111,163.058167,80.156250,172.117188
560.738220,164.138885,77.828125,173.281250
558.233582,166.642746,78.343750,170.921875
559.905863,167.309570,72.848958,171.351562
556.274495,166.412587,73.333333,172.791667
555.723633,167.719772,72.859375,173.234375
554.941101,168.105331,74.500000,172.117188
552.897990,166.489695,75.309896,173.627604
551.942322,165.806229,73.843750,173.281250
548.819092,168.648697,75.648438,170.968750
549.505595,168.130559,75.479167,171.729167
549.550924,166.883718,73.515625,173.656250
549.447489,167.553686,74.166667,172.484375
545.025757,166.676417,78.208333,174.718750
548.913879,163.643631,73.843750,175.593750
547.616069,160.284729,74.666667,179.411458
547.096598,135.276932,86.166667,205.166667
530.873535,133.974019,105.036458,205.401042
542.675618,161.455526,79.473958,179.817708
543.535380,158.873693,76.723958,182.981771
542.996480,136.300593,78.018229,204.802083
545.995605,139.885590,75.531250,200.992188
545.548075,136.667160,76.614583,205.531250
544.046794,133.530935,78.177083,207.635417
544.002441,135.790451,81.333333,205.598958
546.261454,135.743479,75.687500,205.145833
545.522786,136.882350,75.843750,204.325521
547.365051,135.912338,76.000000,206.000000
546.465251,135.940053,76.932292,203.901042
546.161194,135.433624,78.015625,205.960938
547.361125,137.612732,74.903646,203.921875
547.053202,134.743739,76.614583,205.531250
547.398519,136.580429,75.057292,204.343750
542.693359,135.439148,81.234375,205.906250
545.258525,136.832438,77.408854,203.921875
542.027649,135.336502,81.742188,205.960938
543.639587,135.493332,80.078125,205.598958
544.683085,136.958384,78.338542,204.325521
544.847555,136.122437,77.567708,205.598958
543.520854,135.987040,79.093750,204.291667
540.519226,136.864009,82.080729,204.325521
544.176147,134.976812,78.661458,205.174479
547.274455,135.565323,75.843750,204.325521
546.131877,136.441060,75.687500,205.145833
545.498454,135.613541,78.661458,206.427083
545.478475,134.869588,78.177083,206.390625
546.518656,134.994787,76.455729,206.338542
545.748372,136.043940,78.338542,204.325521
546.145691,136.984558,78.015625,203.476562
544.731079,135.820099,79.257812,204.718750
543.913961,136.608068,80.166667,205.101562
541.450012,135.199931,82.419271,203.921875
546.022603,135.449259,77.854167,206.770833
544.371867,134.416458,79.421875,205.145833
538.974955,135.093943,83.328125,206.820312
546.116882,136.162323,77.781250,205.750000
540.027059,135.909958,83.671875,203.921875
540.784302,136.802383,83.156250,206.390625
545.154317,136.397959,78.822917,204.343750
545.966105,135.198227,78.661458,206.427083
544.022156,136.320124,79.585938,204.325521
545.927490,136.648666,78.015625,204.718750
545.361654,136.421366,80.166667,205.101563
546.842529,135.011892,76.932292,203.901042
547.640320,134.981776,77.208333,206.270833
546.049032,134.904917,78.822917,205.598958
541.283264,103.376022,82.984375,237.015625
540.701965,119.286011,85.804688,221.492188
541.980245,135.453496,81.244792,205.494792
545.546143,136.006805,78.015625,203.476562
539.282227,135.175888,84.052083,206.770833
459.648132,135.119751,163.937500,268.859375
539.496216,135.119751,84.937500,205.906250
459.648499,134.295273,164.750000,271.000000
461.378357,136.192810,162.250000,269.750000
458.805481,135.244919,163.750000,271.375000
463.092082,134.648865,159.424479,271.010417
464.709534,132.613851,158.822917,270.312500
457.661133,132.132339,165.250000,273.229167
460.528137,126.834590,162.231771,275.572917
465.338623,133.764476,158.401042,270.591146
458.964986,134.317535,162.958333,270.343750
461.935649,136.775436,159.786458,268.721354
458.359253,137.592712,163.968750,264.854167
451.578613,136.862661,172.062500,269.812500
454.732585,78.132009,167.765625,330.255208
454.031433,133.758118,169.359375,265.885417
455.934245,135.102529,165.843750,271.343750
457.503092,200.794678,159.437500,203.447917
452.825236,138.332601,168.291667,268.666667
456.437317,133.786041,166.656250,273.460938
456.203939,178.091482,164.416667,226.250000
452.767171,134.334015,170.804688,273.526042
455.672913,100.719177,166.234375,302.828125
449.142639,200.670837,169.812500,206.812500
449.058309,172.553904,165.843750,231.781250
454.631958,138.895416,165.789062,265.914062
463.470520,135.727386,160.687500,265.687500
466.696574,134.448985,155.312500,271.046875
465.314616,135.591532,157.807292,269.812500
465.481445,88.203603,159.640625,316.247396
465.079997,136.206187,156.885417,263.656250
467.818563,136.811666,152.083333,268.458333
467.559875,171.148346,149.281250,234.593750
467.689758,135.754089,155.375000,269.226562
466.475667,170.281097,148.901042,233.994792
467.315409,138.289205,153.033854,266.578125
466.103271,133.149394,156.002604,272.757812
466.216980,136.650879,154.515625,269.140625
466.939148,170.229614,149.281250,234.593750
464.817505,136.025635,157.304688,269.226562
465.105774,138.802724,154.979167,266.411458
466.198303,172.676392,150.421875,234.343750
464.764160,139.281921,156.625000,267.507812
466.358805,139.499308,154.979167,264.385417
467.216227,135.493378,156.403646,269.424479
466.491313,135.895325,155.770833,265.739583
466.642822,133.301880,155.375000,273.187500
468.416585,133.249542,155.572917,271.502604
464.896871,137.607330,156.166667,266.416667
465.494710,138.031189,154.979167,266.411458
467.044067,138.925100,152.953125,266.411458
468.085978,135.745616,153.148437,268.781250
465.144002,135.225169,158.208333,268.458333
466.783875,137.282990,154.320312,266.755208
467.160034,133.420288,158.007812,272.195312
466.688965,137.429565,155.296875,268.447917
466.297424,141.319458,153.539062,265.401042
466.942993,138.623077,152.757812,266.070312
465.557576,169.793142,151.119792,232.265625
467.114705,171.318807,149.385417,230.322917
466.140605,139.097117,155.656250,262.442708
466.020101,139.068837,155.583333,261.859375
465.455383,135.679820,156.002604,268.731771
465.462138,131.315470,159.234375,270.809896
467.043518,138.263519,154.515625,267.093750
467.230225,139.109029,152.953125,266.411458
467.359680,140.708822,154.583333,265.729167
468.013753,136.065847,154.979167,266.411458
467.312297,170.967916,152.953125,236.020833
467.164083,171.326497,153.033854,231.937500
467.172038,139.938700,154.781250,262.794271
466.004456,136.343414,154.958333,268.502604
466.380473,139.112915,154.385417,267.406250
465.709737,169.116425,152.562500,237.437500
465.425537,137.271118,154.750000,270.062500
467.704529,140.202240,152.171875,265.046875
466.843038,139.583923,152.562500,267.750000
466.265991,138.556763,154.187500,267.062500
468.370951,171.293813,150.541667,237.437500
466.582499,169.753632,152.622396,235.151042
465.678324,170.270009,151.119792,233.502604
467.090210,140.439880,154.562500,264.250000
466.994486,170.796702,152.622396,231.312500
466.281311,170.928772,151.546875,234.164062
466.100993,170.019124,151.333333,235.666667
464.425212,137.142446,156.611979,268.286458
465.764526,170.147044,151.109375,233.861979
465.671814,170.962646,152.734375,233.171875
466.143107,169.888397,152.302083,236.156250
466.162476,169.902313,152.085938,234.000000
465.596741,135.967997,155.505208,268.203125
466.407471,141.095194,153.708333,264.421875
467.530863,137.967590,153.197917,267.346354
465.931824,167.774933,154.781250,237.742188
466.273926,169.214417,150.906250,233.546875
466.481079,168.692535,152.734375,231.343750
468.237142,170.217092,151.119792,233.502604
466.538045,169.361003,152.518229,236.492187
464.677938,170.070780,152.518229,234.666667
464.636292,170.196259,152.302083,236.156250
466.577942,170.469269,151.119792,233.502604
465.797567,170.123220,154.125000,234.333333
465.740356,171.103363,149.625000,233.000000
465.880514,170.667145,154.619792,234.140625
466.666504,170.254974,148.445312,234.000000
464.867798,171.477295,155.726562,234.000000
465.333537,169.793783,155.947917,236.156250
465.831848,170.717499,151.333333,233.833333
466.203491,171.362793,152.734375,235.000000
465.976278,155.839091,150.692708,247.445312
466.681763,170.901530,150.500000,236.750000
466.681152,170.378601,154.562500,235.000000
465.914612,170.285095,150.375000,234.398438
467.642924,172.301748,151.119792,235.333333
466.375366,170.506073,154.562500,235.000000
467.223328,168.341980,153.906250,237.640625
466.281982,170.928009,150.359375,233.546875
466.526123,169.959910,152.302083,230.687500
467.169067,169.031555,152.085938,235.820312
465.994019,170.636597,152.187500,235.156250
465.583435,170.979950,153.598958,234.494792
465.967590,168.755585,153.382812,232.328125
464.937134,168.892395,154.031250,235.156250
467.544942,170.398132,150.554688,233.640625
467.411702,166.583903,149.289062,238.994792
464.879822,169.085429,148.916667,237.666667
464.731812,166.812836,141.966146,235.333333
465.615092,168.867137,136.546875,237.755208
466.634603,169.594126,118.075521,236.898438
466.585470,167.100230,120.437500,239.875000
466.399170,136.029907,111.468750,270.859375
466.327576,167.588257,87.940104,238.109375
466.761495,172.364431,88.151042,233.903646
467.096476,168.007894,86.625000,237.895833
467.243958,168.886230,87.875000,237.010417
466.640747,169.055044,88.369792,237.328125
466.312317,169.189453,88.210938,236.898438
466.304077,170.425344,88.052083,236.468750
465.570068,170.050863,89.802083,235.895833
466.330383,171.224162,88.052083,236.468750
466.738607,169.342957,88.369792,235.895833
466.996094,169.469635,88.687500,236.750000
466.977722,170.624451,86.781250,235.468750
466.260315,171.387705,87.893229,234.614583
466.740479,169.698608,88.671875,237.148438
465.905334,168.646271,88.687500,238.187500
465.457764,170.362061,88.528646,236.322917
466.566488,169.417328,88.369792,237.328125
466.011759,168.807882,89.005208,236.161458
466.177734,170.713765,89.005208,236.161458
466.857178,170.543620,88.369792,235.895833
465.670024,169.988749,89.479167,236.468750
465.387695,169.071289,89.164062,236.585938
466.158691,169.915741,89.640625,236.898438
465.969788,170.263702,88.528646,236.322917
466.567505,169.176799,89.317708,237.463542
466.770264,169.383219,88.369792,237.328125
466.694641,169.433278,88.369792,237.328125
466.258789,170.654846,89.963542,236.322917
466.173828,170.982819,88.687500,235.312500
465.437439,170.046305,88.846354,235.736979
466.710286,170.421356,88.369792,235.895833
465.507731,169.777293,90.286458,235.736979
465.573730,168.739441,90.125000,238.187500
465.948242,170.168101,89.005208,237.604167
465.751038,170.920593,88.687500,236.750000
465.588989,170.013336,89.802083,235.895833
466.944641,169.606537,88.210938,236.898438
466.258850,169.739624,89.005208,237.604167
466.269836,170.856883,88.369792,235.895833
465.644226,168.953217,89.802083,237.328125
466.164246,170.153717,89.963542,236.322917
466.550578,170.650391,89.963542,236.322917
465.645874,168.794149,89.322917,238.458333
466.639852,169.545990,89.005208,237.604167
466.354065,170.191650,88.210938,236.898438
466.113220,170.464661,88.369792,235.895833
465.597168,168.965790,89.640625,238.328125
465.653870,169.929515,89.802083,237.328125
466.654948,170.365021,88.528646,236.322917
466.367004,171.154266,89.164062,236.585938
466.200256,169.597809,89.164062,236.585938
465.895610,174.003225,89.005208,233.276042
465.580322,169.347036,88.528646,237.757813
465.806702,168.676758,88.687500,238.187500
466.281087,169.632019,88.846354,237.177083
466.159871,170.848134,88.846354,237.177083
466.393758,170.134715,87.406250,237.177083
466.125346,170.227600,87.562500,237.604167
465.540344,171.436646,87.718750,235.140625
465.510234,170.558431,89.005208,236.161458
466.694214,169.849843,88.031250,234.533854
466.803060,169.677612,87.406250,237.177083
466.605164,169.941711,86.734375,234.953125
465.726257,169.524231,88.687500,236.750000
466.840210,170.257965,86.119792,234.718750
466.811829,170.534851,87.406250,234.296875
465.398315,169.244690,89.640625,235.468750
465.361471,173.440165,89.479167,229.333333
464.928772,201.565125,90.286458,199.734375
467.075521,209.755402,87.296875,191.401042
465.651306,217.976095,88.763021,187.005208
464.778524,220.841034,89.585938,184.591146
465.364502,222.530965,89.585938,184.591146
465.687134,225.475220,89.406250,184.218750
464.411804,211.094818,89.945312,202.093750
460.690491,239.835175,87.500000,178.054688
447.610077,241.758759,96.390625,182.757812
444.823954,244.031901,94.750000,191.104167
362.841858,186.025513,172.000000,257.500000
363.834778,187.608846,162.419271,264.885417
363.760111,212.201345,148.395833,245.677083
365.445160,217.393829,129.390625,239.218750
363.620239,224.188873,103.375000,231.750000
347.635345,212.202393,118.937500,235.281250
323.272858,203.882996,143.109375,233.390625
295.542460,185.667938,171.255208,232.687500
279.476471,186.202332,185.375000,201.968750
239.826345,187.988871,225.447917,198.359375
224.398000,185.282389,240.927083,202.229167
221.316315,178.861618,244.140625,207.882812
233.957916,174.638397,231.343750,210.015625
365.205200,187.825836,99.083333,197.166667
364.666290,183.874725,102.625000,197.898438
363.790985,182.720886,101.651042,202.302083
363.815521,184.485016,102.307292,201.703125
364.497945,182.717611,102.645833,204.291667
364.365835,180.905324,102.713542,206.151042
364.715973,181.336416,102.557292,205.752604
363.237651,182.782928,103.781250,201.890625
363.258921,183.636261,104.541667,203.645833
364.374908,184.739960,102.882812,201.812500
364.172607,187.800171,102.343750,199.281250
364.500417,184.205210,102.901042,203.346354
363.943980,185.340108,103.242188,201.039062
363.462331,183.772085,104.177083,202.932292
364.216675,186.068085,103.421875,199.906250
364.641673,184.755198,103.062500,203.645833
363.093323,184.957825,103.812500,202.218750
363.445119,185.279948,103.242188,201.039062
363.638896,185.618490,103.242188,201.039062
362.970540,181.595723,103.994792,205.518229
363.303609,182.723521,103.601562,201.742188
363.647970,182.594401,103.062500,205.125000
363.955617,184.137248,103.781250,202.093750
363.375600,183.942169,105.088542,203.229167
362.338593,186.361450,103.960938,200.953125
362.591909,184.524434,104.541667,202.166667
364.061035,181.541840,103.781250,205.072917
363.382609,183.112559,103.781250,202.093750
363.428752,185.626475,103.781250,202.093750
364.613098,183.833934,101.760417,202.520833
364.857737,185.443085,102.523438,201.104167
363.837870,181.643168,102.703125,204.406250
364.627563,185.236359,102.882812,201.812500
365.285065,183.598236,102.882812,203.289062
363.554962,185.530324,103.601562,201.742188
364.414856,183.992625,104.177083,204.406250
364.429220,185.073374,102.645833,201.302083
363.720388,170.186066,103.447917,216.140625
364.657349,183.015900,103.070312,205.140625
363.488586,184.366048,103.601562,201.742188
363.908580,182.806407,103.601562,201.742188
365.308533,183.595642,102.882812,203.289062
363.339325,184.331268,103.421875,202.875000
364.021332,179.393463,103.421875,205.843750
365.022919,182.079895,102.645833,204.291667
362.509918,182.402679,104.359375,203.289062
364.421936,182.276581,103.421875,202.875000
363.250336,184.734039,103.447917,201.505208
363.059875,187.205811,102.882812,200.335938
361.437256,185.760712,105.835938,201.812500
362.609344,184.276764,102.718750,202.984375
363.236023,189.968618,104.859375,195.171875
362.524516,186.067495,103.802083,200.812500
333.440287,185.564382,133.572917,200.604167
362.264811,191.147532,104.296875,193.507812
251.701955,175.288920,215.125000,209.177083
362.877981,183.556864,103.953125,202.226562
363.540049,170.283203,103.242188,217.338542
364.249278,184.036153,102.223958,203.447917
360.917979,182.711436,106.020833,205.125000
362.856262,185.089294,104.593750,199.046875
326.265503,179.893117,140.257812,207.640625
362.578003,175.709707,103.239583,210.197917
363.446381,184.409668,104.593750,203.617188
325.471588,181.204742,141.226562,204.554688
357.983826,159.171743,108.666667,227.416667
363.111471,184.360728,103.539062,199.567708
250.474854,158.175293,217.562500,226.843750
361.996216,185.217651,105.000000,199.250000
362.779307,181.069366,104.466146,206.388021
363.140432,199.562297,104.723958,187.703125
363.156362,199.761312,103.562500,189.031250
361.283702,210.244405,106.604167,177.958333
363.804749,212.756470,103.656250,173.968750
361.131317,211.054382,106.687500,176.218750
358.971853,210.650543,108.270833,176.020833
354.034373,210.163717,113.533854,176.210938
346.449005,190.267090,119.968750,196.343750
329.373169,189.180908,136.666667,195.250000
249.197174,156.743164,217.703125,225.789062
249.247660,170.476135,216.966146,211.864583
249.796438,197.219248,136.572917,182.953125
250.337433,160.015869,216.304688,219.695312
318.544973,158.000387,146.848958,159.299479
296.223572,161.566406,170.010417,156.489583
317.965342,182.335861,148.890625,134.101562
371.097168,177.683502,94.750000,141.625000
331.047363,182.054214,136.078125,137.562500
401.773529,173.636459,64.632812,145.234375
400.917572,148.235535,65.500000,170.312500
401.742147,177.847992,66.078125,141.364583
399.748423,182.317469,66.531250,135.703125
402.123057,182.213501,64.307292,136.822917
402.373993,174.503494,64.437500,144.281250
402.077484,171.313110,66.460938,147.507812
402.288269,173.706070,64.937500,144.343750
401.586629,181.729355,65.333333,136.703125
401.786245,181.273478,65.796875,137.466146
403.849030,183.948873,64.333333,134.593750
400.862183,182.529968,65.906250,135.656250
403.163167,181.875158,64.815104,136.484375
402.304281,179.333328,64.645833,139.062500
403.063426,175.233800,65.153646,143.125000
403.261749,173.787109,64.492188,144.109375
402.525370,177.045451,65.333333,141.729167
402.670156,180.985891,65.166667,136.351562
401.910655,180.905813,64.815104,137.466146
401.813039,178.560323,64.815104,139.429688
402.442301,180.665446,65.322917,137.562500
401.579213,181.484131,65.153646,137.203125
402.104553,180.270859,65.968750,137.828125
403.551117,176.794601,63.507812,141.890625
403.506887,164.172918,64.333333,154.385417
403.349091,181.372971,64.382812,137.117188
403.147451,169.176539,64.166667,149.046875
403.460551,179.263077,64.291667,138.812500
403.298218,177.662399,64.000000,140.781250
403.499868,179.640076,63.343750,138.552083
402.579030,179.829610,64.307292,138.328125
403.406189,177.981339,64.000000,140.781250
402.355509,175.403239,65.153646,143.125000
403.041799,176.690364,64.328125,141.729167
403.016998,174.517517,64.500000,143.875000
402.971395,176.966705,64.328125,141.729167
402.490987,178.068349,65.661458,140.270833
402.897746,171.790710,64.833333,146.619792
403.710846,171.538971,63.968750,146.234375
403.321991,174.362900,63.484375,145.117188
402.938538,173.170258,65.000000,145.000000
401.882843,172.980743,65.833333,145.861979
402.118032,175.210083,64.291667,142.895833
402.133545,181.842850,65.000000,136.000000
402.095245,175.710037,64.815104,142.375000
401.976471,179.532822,65.000000,139.000000
401.768127,178.653529,65.153646,140.164062
399.885193,181.124893,66.656250,137.286458
399.920013,179.770228,67.127604,138.190104
400.974711,182.022064,66.656250,135.296875
332.589478,172.715688,135.502604,182.627604
335.360504,191.118774,144.343750,167.031250
398.608276,181.316661,110.153646,176.078125
401.924357,136.480626,65.718750,182.666667
401.353251,176.211446,65.867188,142.114583
401.078827,172.572688,67.083333,146.166667
401.926860,181.340586,65.804688,136.781250
401.547821,180.008489,66.140625,137.203125
401.476685,178.202133,66.484375,139.906250
395.486338,184.405701,72.184896,133.343750
401.864960,181.658915,65.666667,137.406250
402.364522,139.193166,66.312500,179.125000
402.252899,180.099854,66.460938,138.156250
401.139699,171.020579,66.828125,147.617188
402.036692,171.422226,66.132812,146.773438
402.543722,182.599106,64.614583,135.411458
403.157827,182.408839,63.333333,136.380208
401.690826,182.533005,64.937500,134.687500
403.000031,169.616119,63.333333,148.067708
401.269826,177.724274,127.302083,146.500000
402.395223,186.131078,127.127604,137.726562
401.212229,162.689138,126.653646,161.125000
402.793264,172.013840,123.773438,151.835938
400.987000,171.780029,126.109375,151.867188
401.908844,177.022085,125.786458,146.369792
400.741058,129.816177,128.046875,194.273438
399.087372,131.230138,141.507812,192.601562
400.456106,208.285777,126.125000,112.718750
400.573995,217.226786,127.083333,104.416667
401.093221,190.105453,131.596354,132.942708
402.337199,213.361430,124.385417,109.632812
403.535858,129.605118,139.804688,193.289062
407.823425,128.224319,125.242188,194.710938
406.897003,176.968979,125.924479,145.575521
408.045868,217.011307,124.765625,105.296875
405.783702,217.187988,125.354167,106.833333
407.126241,130.682414,140.328125,194.302083
407.985504,218.529760,124.864583,105.098958
404.958862,129.068746,143.796875,195.153646
401.972819,207.370768,129.880208,118.044271
401.959320,172.373993,149.625000,150.906250
394.557607,129.321772,155.830729,194.875000
463.002340,128.401372,81.453125,195.781250
462.614065,130.232758,78.786458,194.125000
463.943146,129.318787,86.320312,194.562500
463.670522,129.105657,83.328125,193.098958
462.553680,126.043640,86.976562,197.171875
463.770386,129.160721,87.250000,194.750000
464.648051,128.971771,84.359375,195.505208
463.853953,128.678975,80.049479,195.583333
464.649445,127.838898,85.583333,195.541667
462.774028,128.818761,88.507812,193.770833
462.488647,126.196874,89.934896,197.658854
463.195760,127.368912,89.111979,196.950521
463.077749,127.979731,88.148438,195.505208
463.582133,128.519923,87.070312,195.593750
464.390991,128.881836,86.710938,194.781250
463.998220,126.066788,86.890625,197.677083
464.140533,129.458099,86.669271,195.354167
464.052073,128.520269,83.156250,195.187500
464.685211,128.860291,87.250000,193.500000
463.810496,126.590937,81.911458,196.432292
462.947601,126.971191,84.406250,197.250000
462.356883,127.834417,89.500000,193.979167
465.175110,127.116379,85.468750,196.023438
463.164836,128.825078,88.687500,194.166667
463.020742,126.180801,89.380208,197.677083
462.946686,125.846700,88.864583,198.067708
463.913289,128.322479,86.354167,195.557292
464.069336,126.184509,80.726562,197.250000
463.703481,128.252757,81.260417,193.864583
463.489746,126.828735,90.031250,195.906250
464.041931,123.618881,85.622396,199.294271
463.715220,128.340810,85.971354,193.770833
464.114410,129.126801,84.937500,192.328125
464.095306,128.845515,81.609375,193.973958
463.455912,124.619924,89.018229,197.533854
463.851552,128.350098,86.885417,194.242188
462.652232,128.098053,84.052083,195.614583
463.804647,129.173492,86.791667,194.333333
463.310109,128.086060,85.812500,193.979167
463.201925,128.149078,88.000000,194.333333
463.106018,127.856781,87.406250,194.796875
462.609070,128.563278,89.875000,194.796875
463.878448,128.089813,87.250000,196.000000
380.761912,114.548787,172.216146,210.401042
392.013316,115.377899,158.901042,209.377604
402.759827,116.020721,147.812500,207.625000
404.096273,122.186244,146.562500,200.791667
402.472982,120.399750,147.744792,203.148438
400.788676,188.796076,131.552083,134.697917
396.102702,129.516052,154.963542,193.828125
391.112244,135.678436,161.171875,186.296875
452.442810,135.559006,99.906250,185.625000
394.213511,135.782669,157.510417,187.247396
391.692719,134.170954,157.106771,188.328125
387.635345,132.558807,165.023438,187.468750
456.003387,127.139069,85.750000,195.218750
463.679942,117.279455,89.885417,203.927083
453.894684,104.414612,96.625000,217.750000
459.688110,129.561218,91.937500,193.484375
464.607859,126.849538,87.406250,198.294271
464.532074,127.132309,85.765625,196.507812
463.806722,130.467814,88.065104,193.322917
464.067322,127.642288,81.234375,196.031250
464.648560,126.582077,85.312500,196.937500
463.928050,104.550547,84.052083,219.166667
464.800466,128.596507,86.145833,195.437500
463.499919,127.942871,88.937500,196.416667
465.241455,127.955795,84.750000,196.000000
464.675751,128.344681,87.953125,194.781250
464.617981,128.803507,85.822917,193.098958
465.002543,128.609645,87.041667,193.979167
465.029612,129.308238,88.317708,191.851562
464.163259,128.641001,88.825521,191.494792
465.769552,128.851690,88.317708,194.346354
464.403900,127.527771,87.062500,195.906250
465.043406,127.653178,89.500000,195.208333
464.710388,127.785583,87.789062,195.960938
465.175659,127.721456,86.890625,196.432292
464.880117,125.329656,84.052083,198.093750
464.494771,125.726852,88.135417,196.432292
385.185343,149.532898,64.085938,164.281250
386.383046,152.483373,63.247396,161.903646
385.103638,153.102692,63.416667,160.385417
464.609141,124.237330,85.791667,200.260417
464.642517,127.640889,82.174479,196.708333
463.707357,127.895218,87.526042,196.268229
463.315796,128.729111,86.859375,193.570312
464.395111,128.190643,86.677083,194.385417
464.552572,118.348485,87.070313,204.325521
452.254537,127.529811,99.166667,192.166667
464.149404,128.443095,89.190104,193.661458
463.542480,127.666870,82.210938,194.359375
463.983582,127.794718,87.223958,194.388021
462.857788,127.242157,84.937500,196.031250
464.255809,129.032776,87.588542,193.968750
463.457794,127.997620,85.645833,195.187500
463.609568,129.974014,88.135417,193.942708
463.816284,126.985962,88.328125,195.906250
464.584473,162.143926,86.351562,160.570312
385.563100,151.689885,63.385417,159.906250
464.978638,157.057343,83.671875,165.226562
464.861135,127.872548,82.364583,194.937500
464.161469,128.588130,82.848958,195.098958
464.253815,128.733154,88.085938,194.796875
463.473053,128.567688,89.195312,194.781250
463.187866,128.492198,86.177083,195.153646
464.901398,128.547638,88.640625,193.562500
463.932760,128.926366,87.070313,194.346354
464.320740,128.775696,86.531250,192.187500
465.139069,129.291550,85.273438,190.929688
463.031158,128.056076,86.710938,196.023438
463.528168,127.031998,89.195312,194.781250
464.313192,127.237427,85.622396,194.242188
465.061971,126.551432,87.070313,196.841146
464.265991,128.713979,85.098958,195.557292
464.640167,127.163620,86.710938,196.023438
464.246094,127.946615,86.890625,193.942708
463.651357,127.796265,89.010417,195.614583
464.678772,128.130524,87.789062,194.703125
464.489594,127.879684,87.250000,194.750000
463.877106,129.538315,88.317708,191.851562
463.832794,127.284271,85.273438,194.703125
464.466370,128.059586,84.226562,194.781250
463.804820,128.626368,86.890625,195.187500
465.704193,128.843338,86.710938,193.539062
465.145589,129.619263,85.822917,191.851562
463.995483,127.725601,85.273438,195.195312
464.265940,128.487274,89.588542,193.953125
463.968770,127.953695,87.609375,194.302083
464.277028,121.731369,86.177083,201.416667
463.685364,128.555791,89.585938,194.861979
463.978892,127.409490,84.875000,196.708333
463.271881,126.102773,85.822917,198.088542
465.085052,127.735697,85.645833,195.187500
463.625071,128.036738,86.708333,196.364583
464.267120,127.828995,87.789062,194.703125
464.383392,128.616974,87.953125,193.539062
464.252106,128.211746,85.291667,194.375000
464.506154,129.023921,86.351563,192.731771
464.731201,128.913417,87.041667,193.979167
465.519786,128.513387,86.354167,194.302083
463.914886,128.665273,84.575521,194.346354
467.227539,128.318924,83.703125,194.796875
466.057983,128.356827,86.000000,194.750000
467.049917,129.020289,84.187500,193.843750
465.738444,127.739019,86.421875,193.846354
465.189362,128.385605,86.531250,194.703125
465.630615,126.487244,85.046875,195.835938
463.699463,128.330933,86.000000,194.750000
464.173279,127.844452,82.984375,194.781250
464.972046,128.974930,85.453125,195.609375
466.156799,129.040298,86.000000,194.750000
463.703471,127.822123,87.968750,196.364583
463.265320,127.771612,87.609375,195.557292
464.676605,118.940552,88.640625,203.437500
462.869283,122.644999,88.833333,201.208333
463.213786,125.072072,86.669271,196.632812
464.224121,126.317047,84.015625,197.218750
463.641724,127.571274,86.000000,196.000000
464.963623,128.243530,84.937500,194.796875
464.863739,128.684560,85.453125,194.385417
463.744019,128.338974,83.528646,194.388021
463.697418,128.377848,87.346354,194.367188
464.235046,127.971451,85.114583,195.205729
464.546906,127.922775,85.992188,194.388021
462.879913,128.305486,84.575521,194.346354
464.519348,128.523972,85.632812,194.796875
464.103973,128.375860,85.291667,194.375000
463.690084,116.485463,87.070313,206.820312
463.548533,127.626887,88.302083,194.861979
464.211060,125.754654,89.765625,197.828125
463.799805,118.957408,86.421875,204.200521
462.916300,127.734126,91.052083,195.255208
463.583791,127.020432,87.541667,196.041667
464.509349,124.299021,85.622396,198.031250
463.471517,123.500549,87.968750,197.625000
463.977214,128.314148,87.192708,195.255208
464.278931,127.605240,86.531250,194.703125
463.708679,128.742391,84.052083,194.375000
463.103628,124.603546,87.770833,198.093750
464.331350,111.532776,84.924479,211.437500
464.176280,128.110840,85.906250,193.968750
464.177175,126.929784,86.708333,195.104167
464.064555,126.789586,90.489583,196.364583
464.950775,128.072815,87.593750,193.289062
464.784515,125.654739,85.796875,197.171875
463.915354,128.174881,85.822917,194.346354
464.368988,128.331512,88.640625,194.796875
463.685181,128.124222,86.531250,194.703125
464.081919,111.639221,85.645833,211.369792
463.839386,128.128810,83.333333,196.541667
463.167450,127.836090,87.901042,195.609375
463.502777,127.491318,81.000000,194.750000
463.810811,125.512563,86.351563,196.442708
464.480225,120.277832,87.250000,202.250000
462.777008,128.939850,87.416667,194.166667
464.803813,128.429438,88.937500,193.973958
463.340546,126.958211,88.135417,196.432292
464.413228,103.606613,84.924479,220.205729
463.923848,127.722560,78.591146,191.690104
463.868286,117.915863,86.000000,204.750000
463.856211,128.495880,89.585937,193.578125
462.496002,127.606186,89.010417,195.140625
463.345703,127.075760,87.070312,195.593750
463.651733,127.351822,86.710938,196.023438
464.110443,127.345520,86.000000,196.000000
463.297577,118.065704,86.710938,204.718750
463.699554,103.976471,88.328125,218.687500
464.462372,129.085449,86.000000,194.906250
464.164724,127.805099,88.148438,195.505208
464.645752,128.713542,85.645833,193.942708
463.792867,128.768514,87.588542,195.205729
463.734080,127.829742,89.229167,195.104167
464.711528,128.509008,88.302083,193.578125
464.152893,128.359650,88.328125,195.906250
463.665131,127.932022,81.226562,194.562500
465.048421,128.744904,86.677083,194.385417
464.557261,128.540909,86.531250,195.614583
463.265503,129.061707,88.500000,194.750000
464.242605,127.920614,87.609375,195.557292
465.021423,128.835449,86.000000,194.750000
464.068512,128.875112,84.052083,194.375000
465.174154,129.020493,86.677083,194.385417
463.499481,127.206406,86.000000,196.000000
463.087097,128.631887,89.010417,194.375000
463.426544,128.736176,87.250000,194.750000
463.312653,119.589172,87.789062,204.765625
463.272644,128.577805,87.367188,194.359375
463.596680,129.503479,87.406250,192.328125
464.525146,129.266342,88.640625,193.562500
464.751902,129.751139,88.682292,192.648437
464.176066,128.906184,87.947917,194.075521
464.527496,128.565491,86.320312,193.289062
464.243134,120.367172,85.468750,203.476562
462.807048,127.364827,88.507812,196.307292
463.624268,128.234070,87.953125,194.781250
463.586049,127.961263,87.609375,194.302083
464.284760,127.587896,85.822917,195.593750
464.482727,126.760345,85.468750,197.265625
464.896362,128.073181,82.984375,194.781250
463.759766,128.093318,84.924479,195.153646
463.960286,128.387690,81.403646,195.205729
464.874603,129.232910,85.765625,194.750000
464.011912,129.769058,86.677083,193.161458
464.219259,128.466319,86.494792,195.195312
464.123169,128.135239,87.406250,194.796875
464.456421,127.873774,89.565104,195.593750
452.488220,128.912979,98.252604,195.505208
464.572144,129.174667,89.984375,194.906250
464.100128,122.306168,85.562500,199.593750
464.170125,128.245453,87.416667,195.437500
465.346741,127.933960,85.632812,193.570312
464.671265,127.684952,83.877604,195.205729
464.411682,128.603653,84.406250,194.796875
463.507874,128.782852,86.312500,193.562500
464.767914,128.307297,84.406250,194.796875
463.891754,128.561503,85.453125,194.385417
464.800964,127.052643,88.562500,195.583333
465.150665,129.185272,86.885417,194.242188
463.217733,126.430954,88.302083,196.145833
463.478038,128.485992,89.765625,193.968750
463.322764,127.987284,86.708333,196.364583
463.857208,126.924337,86.885417,196.768229
464.706187,118.430730,85.622396,205.609375
454.981954,128.750829,96.583333,194.750000
463.829244,128.281067,86.476563,196.375000
463.170013,128.524246,80.921875,194.359375
464.059387,129.352168,90.348958,194.385417
465.370605,126.123184,82.333333,196.708333
463.538177,127.378952,85.632812,196.023438
463.981344,127.655411,87.770833,195.614583
464.598857,116.663325,84.924479,206.427083
464.309001,128.148717,85.447917,196.364583
464.871826,129.215118,86.312500,193.562500
463.786133,128.094147,88.085938,194.796875
463.685435,128.317357,86.531250,194.375000
467.837199,129.069946,85.114583,193.968750
464.687124,126.917389,85.098958,195.557292
463.937866,127.753937,85.468750,196.023438
465.090302,127.606018,86.171875,196.031250
464.051341,128.859329,86.531250,194.375000
463.909485,127.658325,84.937500,196.031250
463.987834,128.892731,87.588542,193.968750
464.583038,127.959381,82.000000,195.906250
464.551239,127.737381,86.351562,195.205729
464.478984,128.041290,87.770833,194.375000
465.077301,128.444906,80.666667,193.942708
464.048248,128.419856,85.992188,194.388021
463.911346,128.638840,86.531250,194.703125
464.777913,128.579646,85.622396,194.242188
464.338348,128.702845,85.114583,193.968750
464.409668,127.666183,85.645833,195.187500
463.382284,128.505208,87.770833,194.375000
464.628174,128.865356,87.070312,193.098958
464.711060,129.076324,86.710938,194.781250
463.626862,128.721481,85.632812,194.796875
464.685130,129.304967,88.270833,193.979167
463.835683,127.499385,88.864583,195.557292
464.391510,128.472829,86.145833,194.166667
464.495911,127.049138,87.429688,195.153646
463.872925,128.340408,88.656250,194.359375
464.942057,126.111827,86.669271,196.632812
467.075297,127.581853,85.466146,194.622396
464.866007,128.154048,87.192708,195.255208
464.863861,128.016541,88.125000,194.468750
463.292084,126.530807,88.125000,195.750000
464.025726,128.608215,85.796875,193.375000
464.435944,128.234177,85.468750,194.781250
465.063904,124.540482,87.953125,198.507812
464.398376,126.735519,87.593750,195.835938
468.726685,125.400625,82.833333,197.911458
455.522339,127.322937,97.385417,196.307292
464.157562,128.676107,87.497396,193.955729
464.543121,127.590856,86.885417,195.505208
464.218648,127.325094,84.575521,195.593750
464.784546,128.186981,88.328125,194.640625
464.744598,128.459712,89.765625,195.255208
464.811961,128.065384,86.250000,196.041667
464.471720,118.997040,83.671875,203.921875
463.493347,128.613251,86.708333,196.364583
464.802338,128.555893,86.171875,194.796875
464.752085,129.757375,86.531250,194.375000
466.069722,128.604436,85.114583,193.968750
466.415273,128.575928,85.114583,193.968750
464.598236,127.692245,86.351562,195.205729
463.777730,128.799423,87.041667,193.979167
463.717794,128.479192,81.911458,195.187500
464.688080,128.568893,83.875000,193.562500
464.372192,128.814423,86.976562,194.750000
464.496124,128.535187,86.171875,194.796875
464.644063,128.830429,89.010417,194.375000
465.031728,128.416341,87.609375,194.302083
464.275340,128.227422,88.864583,195.557292
463.976908,127.762985,89.229167,195.104167
464.511098,126.926071,88.148438,196.768229
464.133820,128.147868,88.148438,195.505208
462.735992,128.095622,86.177083,196.406250
463.272970,128.398198,87.070313,195.593750
463.472626,126.099136,86.710938,197.265625
463.759338,129.466181,86.890625,193.942708
463.424611,128.381963,88.864583,194.302083
464.106201,125.523224,85.796875,198.437500
463.691203,126.901891,89.229167,196.364583
464.087728,129.094991,88.302083,194.861979
464.126495,128.615906,85.796875,193.375000
464.719818,128.073481,85.453125,194.385417
463.598877,128.583084,87.588542,193.968750
465.141856,128.394638,86.351562,195.205729
464.766907,128.191177,84.750000,194.750000
464.720184,128.547028,85.291667,195.614583
463.645304,128.256322,85.291667,195.614583
466.348846,127.776423,83.528646,195.619792
463.432505,127.977417,91.187500,196.406250
463.467326,128.317657,89.585937,194.861979
464.130524,128.398300,86.531250,193.445312
464.566661,120.953344,85.645833,202.656250
462.120412,127.733220,88.239583,195.010417
463.197632,127.006958,88.507812,196.307292
463.571971,127.381780,88.239583,195.010417
464.925751,126.528488,83.265625,195.906250
464.420746,126.159912,85.273438,197.218750
463.242513,127.960002,80.166667,195.205729
463.730316,129.351593,87.625000,194.703125
463.682678,128.912547,86.531250,191.895833
464.314433,128.516464,86.351562,193.968750
463.750183,127.458349,87.588542,195.205729
463.532766,129.522710,87.770833,193.135417
463.522054,128.757624,88.455729,194.388021
464.755066,128.796875,87.406250,194.796875
464.797211,128.148112,86.531250,194.375000
463.730642,128.783452,85.645833,195.187500
464.903992,128.753952,85.468750,194.781250
463.375509,128.832474,89.010417,193.135417
464.345306,127.485107,87.953125,196.023438
464.837545,129.072896,86.354167,193.046875
463.849548,128.760529,84.937500,194.796875
463.346212,129.491247,89.588542,193.953125
464.316060,127.409617,87.070313,196.841146
465.166931,127.966064,83.500000,196.000000
464.126953,128.170293,86.494792,195.195312
464.777466,128.263535,86.171875,194.796875
463.684347,128.734258,86.531250,194.375000
464.466522,129.451625,85.453125,194.385417
464.408508,129.481420,88.937500,193.973958
464.495667,128.391846,86.710938,194.781250
464.604431,128.991877,85.291667,191.895833
464.028076,129.074234,87.406250,194.796875
464.623861,127.721466,87.070313,194.346354
463.797424,127.639648,86.890625,195.187500
464.378733,117.381816,85.645833,206.390625
464.230347,128.643341,77.406250,195.835938
464.106445,127.848485,85.812500,195.208333
464.644073,127.918193,85.453125,194.385417
464.463348,129.313797,86.312500,194.781250
464.780680,129.321838,89.687500,194.388021
464.412130,126.973790,85.098958,195.557292
465.483907,129.424561,85.992188,194.388021
464.491730,128.924667,85.114583,193.968750
465.583099,128.712891,84.937500,194.796875
465.823222,129.914551,85.812500,192.750000
463.561218,127.766693,85.468750,196.023438
464.166931,127.691284,86.531250,195.960938
463.823883,124.867004,81.500000,198.476562
464.812673,127.697978,84.229167,196.833333
464.507334,129.464722,87.770833,194.375000
465.318075,128.611140,85.291667,193.135417
464.255544,129.051503,86.351563,193.968750
464.921844,129.035248,85.632812,194.796875
465.171885,128.959325,87.041667,193.979167
465.487956,129.612712,85.645833,193.942708
464.284108,129.686707,87.070313,193.098958
465.022441,128.515717,86.351562,193.968750
464.201202,128.784353,87.770833,194.375000
464.755666,127.881958,87.070313,194.346354
463.933167,128.521840,85.822917,194.346354
465.091949,127.892619,85.114583,193.968750
464.470235,128.624639,86.531250,194.375000
464.582123,128.975052,87.041667,193.979167
465.485657,129.450699,88.085938,193.570312
464.095194,127.932597,84.924479,195.153646
464.328461,128.498642,85.093750,194.781250
464.250509,129.394318,85.812500,193.979167
464.269012,128.987620,87.901042,194.385417
464.601105,128.969376,85.291667,194.375000
464.541636,129.555542,87.041667,193.979167
465.114471,129.088776,86.710938,194.781250
464.247345,128.210052,87.070312,194.346354
464.690755,128.783574,87.070313,195.593750
465.077301,127.188004,86.000000,196.000000
464.533223,129.144755,84.575521,194.346354
464.955973,126.194570,87.588542,196.442708
465.178172,123.708730,87.947917,199.190104
464.874420,129.029480,85.804688,194.093750
465.477651,128.110041,86.531250,194.375000
464.651001,128.071899,86.000000,194.750000
463.328135,124.925288,87.968750,197.625000
465.025238,128.724930,87.367188,194.359375
464.652893,128.264435,84.750000,193.500000
465.333089,129.040232,87.588542,193.968750
465.528229,129.273117,85.468750,194.781250
465.997670,127.967351,85.114583,195.205729
465.615102,119.428085,83.671875,203.921875
463.668427,129.146627,89.776042,195.039062
466.110779,127.099731,87.062500,197.171875
465.112976,127.408417,81.718750,194.468750
465.487752,128.551219,85.992188,195.619792
467.971944,128.617269,83.843750,195.557292
464.936188,128.720062,86.000000,194.750000
465.394307,128.983953,86.531250,194.375000
464.900665,128.046478,88.640625,194.796875
464.302795,129.050064,80.078125,194.302083
464.102722,128.449066,87.531250,194.781250
464.515686,127.386047,85.468750,196.023438
464.837260,128.203568,86.351562,195.205729
465.304810,128.546432,87.223958,195.619792
465.807149,128.214066,87.070313,194.346354
464.382273,127.450114,85.447917,193.843750
464.477783,127.983597,86.710938,196.023438
464.702698,128.355530,84.052083,194.375000
464.700185,128.980433,87.901042,194.385417
464.549662,129.023204,85.447917,193.843750
