83.000000,52.000000,62.000000,70.000000
85.220520,43.312500,66.312500,84.187500
87.847679,43.830065,65.921875,84.677083
88.414787,44.479584,67.687500,82.843750
89.411057,43.600723,67.406250,83.812500
91.013535,45.074816,66.059896,82.520833
90.641469,43.478775,66.520833,84.250000
91.370636,43.739098,65.843750,83.031250
90.646678,43.174726,64.979167,83.479167
89.409767,42.361595,65.312500,83.687500
89.191017,42.124898,64.208333,84.250000
88.004924,43.839432,64.763021,83.200521
87.157857,42.988508,64.330729,81.880208
86.566315,45.297325,64.656250,79.054688
85.640238,44.505699,62.385417,78.656250
83.867650,45.316933,63.200521,80.031250
82.785446,46.211777,61.859375,79.671875
80.744459,46.807116,63.200521,79.299479
79.537773,48.778275,62.385417,78.656250
78.499006,49.629990,62.979167,79.750000
78.659487,49.340271,62.385417,80.135417
78.124268,49.154826,62.169271,80.593750
78.385984,50.528229,61.645833,79.395833
78.379153,49.714071,62.250000,79.750000
79.629150,49.706764,61.953125,78.843750
79.710508,49.523209,62.250000,79.020833
81.064677,50.020170,61.736979,78.567708
81.644104,49.111885,62.031250,78.015625
82.530785,49.118965,62.031250,78.742188
83.649925,47.656075,62.979167,78.291667
85.411987,47.527466,62.757812,77.289062
86.272942,46.706406,63.484375,77.289062
88.012054,47.066149,63.932292,78.567708
89.155286,46.924978,63.125000,77.177083
90.146624,46.511363,62.250000,81.937500
92.056264,47.328367,61.328125,78.458333
92.042666,46.735196,63.260417,81.359375
92.522624,46.666789,63.781250,79.476562
93.992897,46.336281,62.601562,77.445312
94.775436,46.816719,62.031250,76.562500
95.822311,46.770760,62.812500,81.500000
96.085332,45.913989,63.033854,78.729167
97.727257,46.864555,61.953125,78.843750
98.307986,46.681000,62.250000,79.750000
99.557983,46.903908,61.953125,81.046875
99.205630,48.235428,63.864583,78.656250
98.835841,47.399025,63.864583,78.656250
100.684794,49.287646,63.864583,77.177083
100.378062,48.362887,63.200521,78.567708
98.865952,47.773544,64.937500,78.742188
98.989009,47.764099,64.604167,79.395833
101.222046,49.543686,63.343750,78.929688
101.165878,49.954582,62.169271,76.908854
99.555125,49.172155,63.036458,76.742188
99.695312,49.645612,63.757812,76.020833
99.506104,49.112221,62.093750,76.468750
99.258741,48.156603,61.872396,77.627604
98.300151,47.870928,62.536458,76.291667
97.373052,47.685903,61.651042,77.348958
97.090988,47.866081,62.812500,76.468750
97.519254,46.599078,60.440104,77.627604
95.734947,46.071915,60.937500,80.203125
95.078697,48.027074,61.520833,76.104167
94.881121,47.537145,60.937500,77.348958
94.281072,48.021093,61.156250,78.343750
93.792923,47.513873,60.872396,77.463542
91.953008,47.339462,61.156250,78.343750
90.743505,47.553594,61.593750,76.742188
90.363098,48.310501,61.375000,77.906250
89.499949,48.381833,60.872396,77.463542
88.867101,48.432650,61.156250,79.059896
87.399096,47.748110,62.536458,79.187500
87.456650,47.531273,61.953125,80.312500
87.717066,48.127627,61.432292,78.382812
86.307182,48.449239,61.812500,79.187500
85.183797,47.751790,62.250000,78.291667
86.179794,48.269562,62.031250,78.742188
85.354327,48.785441,61.520833,79.020833
85.099121,48.561485,61.304688,77.289062
84.572731,47.174767,61.375000,80.781250
84.650856,47.409142,61.953125,78.109375
84.115555,47.225693,61.304688,79.468750
84.372065,48.543401,62.250000,79.020833
84.262688,47.306422,62.468750,78.567708
83.530917,46.574654,63.200521,81.494792
82.652237,47.784210,62.601562,78.929688
83.343643,46.358429,62.687500,80.312500
83.694453,47.310679,62.169271,79.856771
82.450394,48.042091,62.687500,78.843750
82.072609,47.428268,61.953125,78.843750
81.694377,47.474515,63.708333,78.291667
82.235786,47.281387,62.906250,78.382812
82.683749,46.959727,61.005208,78.567708
82.389481,48.007423,62.315104,79.627604
82.203285,48.399353,63.421875,79.578125
81.735748,48.352478,62.601562,78.187500
82.470202,48.032593,62.250000,77.562500
82.191480,46.269646,61.812500,79.187500
82.253031,47.692299,62.250000,76.833333
82.371773,48.684764,62.315104,78.906250
83.071742,48.356911,61.520833,78.291667
82.429921,47.908997,61.812500,79.187500
83.171936,47.091743,61.304688,78.015625
81.584696,47.862083,63.036458,78.906250
81.916105,47.598839,62.468750,78.567708
83.518555,48.048253,62.250000,78.291667
83.020564,48.048251,62.250000,76.833333
83.843007,47.506116,63.036458,80.348958
84.353081,48.536385,62.687500,79.578125
84.000587,48.271996,62.687500,78.109375
83.991030,47.952543,62.979167,78.291667
84.017019,47.814519,63.200521,79.299479
83.790248,47.490158,63.643229,79.119792
84.587766,47.269073,62.906250,77.645833
85.871346,47.204247,62.031250,80.195312
85.433846,47.742007,62.906250,82.804687
86.028058,47.252441,63.033854,80.223958
86.398537,47.137558,63.343750,79.671875
86.275230,48.591550,62.906250,79.119792
86.275230,47.854568,62.906250,82.804688
86.633430,47.815338,63.250000,78.250000
86.682579,48.020737,63.421875,78.109375
86.818230,48.156387,63.421875,78.843750
87.076042,48.018366,62.906250,79.856771
86.742098,48.678767,63.643229,79.856771
86.104459,47.214521,63.864583,78.656250
88.505819,48.195295,62.385417,78.656250
88.464149,48.007373,61.736979,77.835937
88.197004,48.779505,63.984375,79.911458
86.740247,47.772453,64.307292,79.947917
87.896952,48.702136,63.125000,77.177083
87.605283,48.874013,62.979167,77.562500
88.779119,47.841105,61.088542,79.911458
86.970222,49.610339,62.250000,78.291667
87.201398,49.112348,62.250000,76.833333
86.313850,48.797244,61.593750,76.020833
86.866224,49.203496,60.937500,79.489583
85.822510,48.487350,62.757812,77.289062
85.259468,49.475700,62.757812,75.835938
85.579689,49.706726,62.093750,75.031250
85.671534,48.677381,61.651042,76.635417
85.538765,48.180102,62.588542,77.627604
86.035863,50.575439,61.812500,77.739583
86.265261,49.127520,61.812500,77.739583
86.494654,49.127523,61.812500,79.187500
87.005068,48.846275,61.520833,79.020833
86.749863,49.348877,62.031250,78.015625
86.534042,47.996193,62.757812,78.742188
86.540466,48.330910,64.156250,79.578125
86.201365,47.000280,64.307292,79.203125
86.853971,46.793516,63.562500,79.947917
87.365532,47.231537,62.601562,78.929688
87.322563,47.041374,62.687500,80.312500
87.103813,46.528211,62.385417,80.875000
85.882462,47.636185,63.343750,78.929688
86.838191,47.541133,62.169271,79.856771
85.844704,46.348701,62.687500,79.578125
84.742297,46.843681,62.906250,79.856771
85.139216,46.101278,63.125000,78.656250
84.899178,47.416603,62.687500,78.109375
84.388761,46.367984,62.250000,79.020833
82.314761,46.363864,63.932292,79.299479
82.376266,46.687088,63.343750,77.445312
78.922549,47.124713,66.859375,77.104167
80.206683,46.708188,65.117187,77.645833
81.368220,47.815951,63.125000,80.135417
79.258995,46.623657,64.085938,80.414062
79.680255,45.385447,64.528646,79.476562
79.525307,45.428955,63.343750,80.414062
77.943825,45.290749,63.343750,81.156250
78.646174,44.770353,62.817708,81.437500
78.211566,45.502838,62.817708,81.437500
78.282824,45.696426,63.562500,79.203125
77.834023,46.375114,61.953125,80.312500
78.094439,45.497510,62.169271,79.856771
77.835327,45.773827,62.687500,81.046875
77.241043,45.183800,63.343750,79.671875
77.856819,44.235817,62.601562,81.898438
76.014887,44.874870,64.528646,80.971354
77.985420,45.629733,62.817708,81.437500
77.266118,46.236501,64.528646,81.718750
78.627764,45.923876,62.927083,83.317708
77.979182,45.066477,65.192708,79.541667
79.348152,44.638977,64.750000,83.500000
78.898949,45.249817,66.078125,83.687500
81.435555,44.552902,64.421875,81.437500
83.624852,46.351097,63.466146,80.023438
83.962776,47.402184,64.085938,80.414062
86.690890,46.860542,64.528646,78.729167
87.682073,46.759277,64.307292,81.437500
90.084183,47.043236,64.000000,79.000000
91.662209,47.215012,62.601562,79.671875
92.751282,47.995491,62.906250,80.593750
94.526329,47.714241,63.343750,81.156250
94.820513,47.432991,65.276042,78.729167
94.820513,46.450938,65.276042,80.223958
95.239784,46.036878,65.192708,81.807292
95.288910,44.896255,65.635417,80.843750
94.908704,46.556920,66.395833,80.083333
95.226318,46.435593,66.171875,79.054688
94.831434,45.369820,65.723958,80.776042
94.735545,45.716176,64.875000,80.843750
94.436483,43.346387,64.437500,82.562500
91.653465,43.825556,65.635417,83.885417
90.713364,43.745193,66.742188,83.757812
89.255463,42.869738,66.406250,84.315104
87.572006,42.608551,66.625000,84.593750
85.686513,40.785912,67.184896,86.651042
82.526497,42.012962,67.937500,86.265625
81.028659,39.866409,66.924479,85.986979
79.157565,40.151700,68.291667,88.875000
77.238169,40.627373,67.411458,86.848958
76.066297,41.724976,68.156250,85.744792
75.378799,41.862999,67.937500,87.859375
73.309555,40.123917,68.593750,84.687500
72.703995,40.168004,69.307292,89.164062
71.203311,40.765884,69.468750,84.955729
70.694336,39.979571,69.979167,85.218750
71.135124,40.245193,69.398438,83.882812
70.019264,39.743942,70.328125,85.468750
67.247660,38.431669,73.656250,88.994792
70.544309,39.609286,71.656250,85.114583
71.938316,38.466059,70.283854,86.585938
69.215482,36.708216,73.890625,85.229167
70.430573,38.305389,73.645833,85.203125
75.433390,36.654348,70.343750,86.854167
74.492719,35.908991,72.385417,87.625000
77.578982,36.703715,71.169271,86.854167
77.197449,35.478546,73.080729,90.088542
81.942215,36.221639,70.947917,90.697917
81.685783,35.219795,73.187500,88.773438
87.277774,35.677249,71.656250,91.843750
90.339811,36.128909,73.338542,90.161458
94.292018,36.295273,74.010417,90.989583
98.812190,36.791049,75.312500,90.687500
99.721909,37.350502,78.492188,89.562500
108.405848,36.011136,76.854167,89.783854
112.249700,39.013237,78.578125,88.921875
116.636790,36.438797,81.406250,92.645833
122.555354,34.890399,78.257812,94.242187
131.281235,36.661593,75.817708,92.541667
133.925852,35.721837,80.541667,92.645833
143.504959,38.560837,76.445312,92.921875
144.437881,37.065244,79.440104,88.059896
149.668854,35.428802,79.203125,89.515625
153.136434,36.681625,81.536458,88.390625
158.240952,35.603134,79.914062,88.585938
161.039408,36.297379,80.302083,88.059896
164.563319,36.828789,80.151042,88.848958
168.450439,36.347183,80.062500,86.078125
171.459442,34.763130,78.343750,87.796875
174.006694,36.447098,78.729167,90.687500
180.263794,34.457870,74.500000,88.500000
182.780655,36.062241,74.562500,89.609375
179.049515,37.304108,77.640625,88.710938
184.569239,37.065826,75.354167,86.593750
181.201726,35.731300,79.226562,88.479167
181.547470,36.593285,77.312500,93.789062
184.336217,37.222343,76.260417,93.083333
180.950968,36.316994,76.854167,89.783854
184.861562,36.749753,74.268229,85.473958
179.128494,37.759135,79.088542,85.734375
179.395289,37.666753,78.255208,85.895833
178.357061,37.259727,75.861979,89.320312
176.430354,37.980331,76.395833,89.247396
178.286982,37.394201,72.750000,85.562500
172.673213,38.244092,76.708333,86.583333
169.517604,37.435046,77.427083,87.395833
167.532689,38.429532,76.557292,90.140625
162.226089,39.047417,79.914062,85.117188
160.195592,37.825328,76.833333,87.666667
159.625086,38.740026,74.791667,90.723958
154.243434,39.086248,74.682292,86.677083
148.042262,39.322492,80.822917,89.052083
146.375005,39.522865,76.218750,88.322917
142.545197,39.489014,72.111979,86.677083
135.958049,40.790194,75.296875,88.505208
130.213089,40.261551,75.085938,87.859375
124.952235,42.202253,78.145833,85.692708
120.103790,41.110054,73.382812,87.859375
116.493912,41.641520,73.645833,84.377604
113.955505,41.348160,74.125000,85.500000
106.968989,43.461085,74.104167,84.903646
105.968811,43.510396,72.820312,81.901042
101.936829,44.689255,70.203125,85.492188
97.739446,43.594381,70.427083,81.729167
95.084699,45.726267,68.411458,84.088542
94.998866,44.770643,66.708333,84.125000
90.518829,43.348885,66.625000,85.375000
88.974342,43.854093,65.489583,85.937500
87.427597,43.553734,65.062500,83.812500
86.029406,44.876650,64.208333,87.333333
82.723518,44.539513,67.406250,81.468750
81.959234,45.286242,65.750000,86.562500
81.277992,44.074796,64.635417,84.036458
79.534569,46.413338,66.299479,82.432292
78.166509,45.588320,67.067708,84.736979
78.228861,47.010699,67.291667,81.166667
79.078639,45.808784,65.192708,84.072917
75.488205,45.443209,69.372396,83.200521
77.005094,46.672714,68.742188,81.200521
77.460887,45.483706,67.835938,83.200521
79.434789,45.301748,66.187500,80.932292
80.405907,45.975433,66.929688,80.570312
80.510190,45.022507,67.382812,82.643229
82.579175,47.126862,67.067708,80.127604
85.143692,45.761103,66.395833,81.604167
86.473450,46.451096,66.843750,84.453125
88.826050,46.593208,66.742188,81.437500
90.486941,46.864042,67.835938,83.200521
94.250590,47.137568,68.062500,81.166667
98.934759,48.187388,66.520833,81.166667
101.356567,47.692596,67.609375,82.156250
104.453827,47.409543,68.908854,82.643229
108.737991,47.401756,67.515625,82.210938
113.529449,47.395523,67.291667,81.166667
114.400869,48.509583,71.145833,81.166667
118.391652,47.691368,71.546875,80.953125
122.021591,47.747584,72.567708,82.005208
128.405279,47.770523,71.458333,81.750000
134.614365,48.685170,70.208333,82.791667
137.970164,49.410057,70.197917,79.322917
142.371114,47.954788,71.856771,81.200521
150.524602,48.906197,67.718750,82.015625
151.379120,50.518639,70.479167,78.031250
155.532969,50.083618,70.908854,78.591146
160.427734,49.954536,70.609375,82.984375
163.652939,50.937492,72.156250,80.664062
167.003357,51.305036,72.330729,79.385417
173.236694,51.046102,69.291667,80.932292
177.051971,49.417137,68.375000,82.921875
179.758286,49.903305,68.445312,81.328125
186.893519,50.092049,64.635417,82.484375
187.886566,50.820854,66.929688,81.328125
190.356247,49.045906,65.856771,81.117188
194.554789,51.409058,64.875000,81.604167
197.815409,48.579605,63.781250,80.971354
196.692729,49.670883,66.541667,82.927083
198.819641,49.931610,65.500000,82.750000
200.510188,50.147649,65.192708,81.807292
200.729324,50.198433,64.656250,79.812500
200.937408,48.478622,65.276042,82.466146
202.877899,48.869497,65.052083,82.927083
202.427358,49.517059,65.723958,82.281250
202.702972,49.322289,65.414062,82.085938
201.147141,49.206436,65.192708,79.541667
200.128916,50.094460,66.476563,83.033854
200.815552,49.537069,64.208333,80.395833
198.669724,48.734985,66.250000,82.750000
199.266866,48.803797,63.354167,81.604167
195.430038,48.605881,66.250000,84.250000
194.889160,46.927689,65.312500,82.156250
192.835907,46.927689,66.843750,83.687500
190.017181,47.639305,68.289062,83.757812
188.468979,46.890923,66.299479,81.664062
186.470627,46.717117,68.375000,85.218750
184.722626,46.615837,66.625000,80.687500
178.730682,46.647087,70.671875,85.984375
178.807877,45.167908,67.718750,83.604167
176.893814,44.925723,66.059896,85.656250
175.050598,45.269234,66.187500,85.588542
170.930695,44.558187,70.208333,85.937500
168.152588,43.213318,69.307292,85.192708
162.813507,43.210719,69.755208,89.742188
159.800624,43.678851,71.234375,89.802083
156.209681,42.695475,72.593750,87.406250
152.892680,41.750102,72.593750,89.875000
150.692637,42.732239,74.333333,90.166667
146.777954,40.760941,73.382812,93.820312
143.934265,39.964462,74.682292,96.101562
142.702718,40.673848,73.406250,95.817708
139.827718,38.961199,74.010417,93.536458
136.552582,40.250519,76.093750,92.968750
136.721746,39.131159,72.085937,98.414062
132.073730,39.661606,73.187500,95.531250
129.785985,39.837781,74.932292,96.677083
128.402176,40.580170,72.328125,96.390625
126.175517,39.718280,76.218750,93.510417
126.280533,39.327942,72.976562,96.390625
122.519867,40.558968,73.843750,96.390625
122.103160,40.156743,74.062500,96.677083
121.236867,38.959641,74.932292,98.416667
121.203018,39.119278,72.296875,95.182292
120.360026,38.234919,73.625000,94.375000
120.167104,38.390925,75.130208,96.679687
118.766113,38.192657,74.500000,92.875000
118.764028,39.288111,76.854167,100.127604
120.435196,38.785461,73.390625,91.929688
120.025965,38.798452,78.109375,92.674479
120.102992,37.455076,77.083333,96.104167
119.652008,38.500412,76.250000,93.750000
122.746017,37.334282,76.250000,96.375000
122.659154,39.144867,74.718750,95.781250
124.505569,37.543282,77.578125,96.942708
125.820140,37.121391,76.481771,100.458333
128.076157,37.290276,76.218750,100.687500
130.454971,37.346962,75.312500,97.968750
131.957525,36.656072,77.369792,99.570312
135.737701,35.479370,75.354167,99.541667
138.237930,35.356102,78.265625,98.929688
140.197189,34.373398,78.000000,102.750000
144.110463,33.276550,77.020833,102.979167
147.249934,33.052734,79.802083,104.833333
151.495178,32.419312,79.531250,104.773438
154.309545,31.236847,80.244792,105.416667
157.345856,31.976504,80.908854,105.351562
158.245992,30.711441,81.572917,107.166667
164.189072,31.736066,81.190104,105.343750
168.868713,31.282077,80.541667,105.458333
172.328384,30.778163,80.843750,105.557292
176.377548,29.738942,80.843750,108.408854
180.164754,30.860229,83.122396,107.276042
184.383377,29.902746,79.046875,105.062500
188.176234,28.173381,80.625000,109.062500
191.575251,29.405866,83.416667,106.416667
197.415375,31.716522,78.835938,98.054688
201.906291,29.080694,78.916667,97.250000
204.329620,29.284172,79.164062,93.539062
208.088348,29.164902,77.367188,95.335938
210.611242,29.910324,79.145833,98.682292
212.321625,29.041534,78.937500,99.781250
216.084193,29.459414,77.588542,98.312500
215.809530,28.609235,78.473958,94.880208
217.318502,29.926651,78.489583,95.609375
218.371155,29.695450,79.164062,98.031250
220.220703,29.524437,79.138021,97.523438
223.539703,29.202822,76.166667,98.166667
221.441518,28.778587,78.489583,100.114583
220.589040,28.060351,78.656250,97.145833
222.600199,29.009343,77.343750,97.338542
220.390330,28.894374,78.937500,100.437500
220.312195,27.480309,78.164062,95.828125
218.516123,28.236506,78.713542,100.401042
216.978109,27.491150,79.385417,97.614583
215.711853,28.373825,79.843750,99.781250
211.932434,27.563950,81.656250,98.875000
212.074615,27.219452,79.359375,95.031250
210.018656,27.620453,79.617188,98.593750
205.512426,26.117513,81.208333,95.791667
201.857005,26.160993,81.208333,95.791667
197.751460,25.536947,81.666667,101.833333
194.452983,24.790591,82.072917,97.156250
191.307851,25.377736,81.895833,98.442708
186.650996,25.646128,81.208333,98.526042
178.809875,22.792618,85.697917,102.817708
178.640274,23.612361,79.677083,100.531250
173.789286,24.064781,82.328125,99.497396
169.637777,22.996641,81.666667,102.750000
160.100250,21.884041,88.390625,105.125000
157.538773,24.462845,84.007812,100.609375
154.235611,21.478493,84.875000,105.843750
153.137558,22.817360,82.703125,104.359375
148.683787,21.525055,82.236979,101.351562
145.400635,22.258858,82.125000,104.250000
140.349670,22.379740,82.236979,98.484375
137.739899,24.028308,82.109375,101.687500
132.236328,23.567093,85.132812,99.312500
130.065155,22.126081,84.645833,99.854167
127.549016,23.601288,82.072917,97.156250
125.987544,22.804059,82.583333,101.125000
123.888580,20.798073,85.828125,104.890625
121.991989,22.573723,82.015625,102.984375
119.978058,25.891930,85.104167,97.528646
118.613724,25.146927,83.041667,98.890625
118.986115,25.583611,84.187500,96.476562
119.495621,25.695885,81.625000,98.500000
118.590668,25.317825,81.882812,97.687500
118.011241,29.258957,83.041667,95.161458
118.745438,27.991872,81.895833,95.684896
119.100021,27.797653,81.203125,97.796875
119.743698,30.133672,81.895833,94.765625
121.347641,29.474075,81.666667,94.500000
121.539693,29.444692,80.729167,95.062500
123.351273,32.938553,81.437500,92.406250
125.305573,30.446190,80.729167,93.270833
127.532974,32.247709,80.520833,90.460938
131.133387,32.626343,79.106771,91.393229
133.292007,34.961014,78.687500,91.929688
137.993561,35.934464,73.843750,89.453125
139.608144,35.745934,74.859375,90.140625
139.198598,37.128728,77.252604,90.104167
144.744059,38.757706,73.625000,91.781250
143.505753,37.477173,74.406250,92.125000
143.948766,38.875351,76.557292,89.291667
145.218369,38.512624,74.791667,89.885417
145.567719,39.895187,74.406250,91.281250
147.827479,40.558581,72.666667,90.166667
146.353099,41.832662,74.333333,89.333333
150.267344,41.146202,71.611979,86.565104
150.556519,42.399887,70.726562,85.492188
150.740433,42.137848,70.062500,85.500000
148.190842,43.263873,71.234375,84.151042
149.534454,44.030838,70.427083,84.151042
149.207275,41.491778,69.979167,85.218750
148.542526,43.114853,68.593750,83.882812
146.964361,43.139633,69.875000,83.333333
145.794876,41.819527,69.531250,84.671875
145.407547,43.268356,68.734375,83.078125
144.016724,43.815430,68.859375,83.851562
142.035502,43.366310,69.083333,84.125000
141.150055,44.909210,69.648438,83.062500
139.055313,45.026520,68.070312,83.062500
136.779124,45.297353,68.411458,83.304688
133.429688,45.369347,69.372396,83.968750
130.932968,45.711212,68.968750,82.250000
129.566788,46.043668,68.833333,85.020833
125.260361,46.361743,70.299479,81.979167
123.095398,46.426015,69.291667,82.484375
120.412262,46.917063,68.604167,83.968750
117.380219,47.917358,68.833333,81.937500
112.951996,47.452759,69.140625,84.453125
112.304474,49.719604,65.968750,79.890625
105.914215,49.336884,68.500000,82.750000
107.687012,51.068237,64.421875,80.664062
104.783798,51.652321,64.085938,78.929688
98.979599,51.582649,67.054688,81.156250
98.209671,52.988503,65.500000,79.750000
98.239532,52.888318,62.385417,80.135417
96.077576,54.006447,61.304688,78.742188
94.105024,53.783791,61.088542,77.015625
92.375898,54.552020,61.156250,77.627604
91.281708,54.279663,59.937500,77.906250
88.866987,53.713900,61.651042,79.489583
84.714363,54.284103,63.984375,79.187500
85.203354,55.802292,63.484375,75.835938
85.611730,55.097356,61.916667,76.791667
86.154752,55.192678,59.843750,77.356771
86.568113,55.971825,60.500000,76.791667
84.122739,56.610598,61.692708,77.218750
82.964106,56.114179,62.398438,76.513021
82.739466,57.319387,62.645833,73.153646
85.373080,56.407392,59.843750,74.554688
84.371758,58.639359,60.125000,72.500000
86.512777,58.571157,58.531250,72.914062
84.109225,58.116915,62.406250,71.958333
85.935641,57.214798,60.585937,73.598958
87.567657,57.460782,59.677083,73.322917
87.968109,56.470955,59.901042,73.598958
87.822604,55.168187,60.572917,74.427083
89.917361,56.693293,58.968750,73.460938
91.754153,55.772257,58.531250,74.968750
93.285027,55.782555,58.750000,74.562500
93.261403,55.055298,59.005208,75.192708
96.118963,56.283442,58.994792,73.322917
97.162142,55.121991,59.901042,75.653646
98.378571,55.157822,60.125000,75.250000
100.697474,54.884173,59.901042,74.283854
101.645701,55.503960,61.041667,73.322917
104.099609,55.000999,60.812500,74.562500
107.740560,54.828974,58.531250,74.968750
109.845566,55.638657,59.677083,74.005208
112.435445,54.025970,59.229167,73.447917
112.975622,54.668813,60.585938,75.653646
115.136195,54.708341,61.039062,76.911458
117.664159,54.084063,61.958333,75.119792
119.063558,54.109718,62.406250,73.322917
119.528178,54.965060,64.510417,73.583333
121.132034,55.612946,64.984375,71.312500
123.925568,54.339455,64.984375,73.421875
129.759888,55.083160,61.651042,74.494792
133.079788,55.801193,61.265625,72.348958
134.859670,55.094940,60.583333,72.093750
138.023148,55.919350,60.132812,75.765625
140.527308,56.965014,59.187500,75.119792
141.165629,57.808139,61.039062,75.531250
142.822286,57.500486,60.359375,69.911458
145.249578,56.304408,60.583333,74.125000
147.741643,57.103045,58.494792,74.427083
147.487427,56.679268,60.812500,74.562500
149.394257,56.192825,60.125000,74.562500
150.219757,56.586754,60.125000,75.250000
151.526337,55.963557,59.216146,77.023438
151.751923,55.523799,60.348958,73.460938
152.028300,55.622126,59.901042,75.653646
151.636246,56.164101,61.500000,76.625000
151.721909,56.177567,60.765625,76.937500
151.559392,56.278951,60.348958,78.291667
151.807434,55.829109,60.281250,77.218750
150.581131,54.696838,61.468750,74.828125
149.790451,54.531410,61.468750,76.937500
148.389684,54.227150,62.645833,77.356771
147.362528,54.322543,62.588542,76.911458
147.610214,53.571607,63.036458,77.463542
145.052719,52.811592,62.812500,78.625000
144.777873,51.502701,62.588542,76.911458
142.951574,53.230471,63.078125,76.635417
142.050715,51.528081,63.304688,79.776042
139.554301,50.069949,63.932292,79.299479
138.800954,51.274399,64.437500,78.291667
137.204219,50.320724,63.984375,78.463542
136.264303,48.600006,63.984375,79.911458
133.933762,48.804352,64.210938,79.468750
131.641164,49.372765,65.052083,82.927083
129.476527,48.018405,65.276042,81.718750
128.235591,48.074216,66.541667,81.437500
126.539566,48.050888,67.000000,81.250000
121.111379,47.882762,71.234375,81.052083
120.153646,45.558245,70.140625,83.200521
121.850367,45.155800,68.742188,82.757812
121.462245,46.235733,67.835938,81.664062
121.463989,45.829292,68.289062,82.984375
120.595139,45.237907,67.609375,82.156250
121.324300,44.622724,66.619792,82.643229
121.790543,45.063113,66.520833,81.937500
120.750356,46.113045,65.856771,81.880208
119.751709,45.850952,67.687500,82.085938
120.272278,45.217888,67.515625,82.984375
119.111348,45.730919,69.520833,83.536458
121.177266,47.010310,67.739583,80.156250
121.391083,48.324135,68.445312,81.328125
119.498454,47.390958,71.916667,82.708333
120.577713,46.516853,72.015625,83.851562
124.998642,44.750351,69.750000,85.375000
125.367874,46.500114,69.750000,83.031250
127.981613,45.165337,68.289062,83.757812
131.169429,46.167992,68.635417,86.723958
133.752955,45.377322,67.184896,85.093750
134.538269,45.145432,68.968750,83.031250
137.253372,43.799599,68.859375,85.429688
141.630854,43.705482,66.843750,84.872396
144.169479,42.635389,68.635417,85.151042
145.608582,40.497002,69.531250,87.859375
146.943110,40.418043,71.914063,86.585938
150.698608,40.687714,71.687500,84.687500
150.699387,39.451622,74.125000,90.375000
156.390773,39.298286,72.940104,85.635417
156.914291,38.492058,74.937500,90.375000
160.189377,39.165161,75.085938,89.562500
162.750554,38.814512,76.557292,85.895833
166.921585,38.515762,75.020833,85.955729
169.328262,37.389463,76.468750,89.046875
173.396769,39.684209,77.252604,85.820313
179.357676,37.292241,73.786458,89.020833
182.358673,38.000648,74.406250,87.906250
182.652603,37.587051,75.020833,89.320312
186.430283,35.832794,75.085938,90.414062
190.258016,37.893557,75.539062,89.247396
195.025375,37.333031,72.093750,89.867188
198.183273,38.424655,71.437500,89.046875
199.539342,36.046097,73.500000,88.500000
201.878922,38.579951,71.656250,88.479167
200.131348,36.891238,75.765625,89.888021
203.938990,37.374313,75.130208,86.335938
207.091675,36.302699,71.656250,91.002604
208.959849,37.329244,71.437500,90.723958
210.066569,36.457003,72.276042,91.562500
209.895106,36.125409,72.093750,92.406250
210.368006,34.987770,72.497396,90.161458
211.364029,35.514877,71.875000,90.437500
211.473404,34.811752,71.656250,91.843750
211.586634,35.086751,72.497396,91.843750
210.749201,34.593618,72.940104,91.559896
210.889221,34.501762,72.531250,92.117188
208.955775,34.938914,73.786458,92.406250
208.377151,35.028074,73.604167,94.104167
207.118744,33.289085,74.710938,92.054688
209.197337,34.805428,70.614583,90.989583
206.650299,33.250580,72.890625,92.117188
205.012278,33.538340,72.750000,96.666667
202.325368,31.938029,74.682292,95.244792
200.104406,32.459274,76.218750,95.239583
199.300446,31.943993,73.843750,94.656250
195.447952,32.771927,76.625000,93.812500
190.195969,31.528130,78.875000,97.250000
185.991028,30.661987,81.656250,92.531250
185.885025,30.450516,78.484375,97.187500
180.419815,30.582001,80.960938,95.335938
177.936574,28.621071,78.713542,94.979167
175.582535,28.747063,78.484375,97.187500
170.765793,27.751358,80.033854,98.682292
167.491669,26.414202,78.937500,99.541667
160.773712,27.656487,82.351562,98.804688
157.148916,26.824463,82.354167,95.296875
155.969488,26.434835,79.385417,95.791667
155.750997,27.026914,76.434896,96.429688
152.526688,23.547554,76.921875,100.757812
144.050537,24.248978,82.757812,101.625000
141.475052,25.005302,80.281250,99.640625
142.248459,25.960220,75.671875,97.796875
136.285065,25.278000,79.604167,101.041667
131.117157,23.968536,82.354167,99.919271
131.002396,25.054192,76.867188,105.203125
124.643921,24.646184,82.583333,102.979167
120.103048,23.544706,83.729167,100.651042
119.441086,26.539711,80.023438,100.476562
116.279516,24.882375,82.335937,101.968750
112.128774,24.455928,83.973958,102.619792
107.609563,26.152835,86.755208,100.244792
106.659042,24.155439,83.786458,103.265625
103.532038,24.141304,85.333333,101.625000
103.106222,23.841451,84.669271,99.710938
103.364365,25.826904,84.187500,101.203125
99.901606,24.955551,82.789062,100.651042
98.117655,23.867783,86.546875,103.656250
98.049550,24.750621,84.375000,102.583333
96.690130,24.060519,83.565104,102.992188
97.288757,24.235011,80.843750,103.656250
95.757355,23.775864,82.968750,103.937500
97.699376,24.947894,80.325521,101.351562
98.225433,25.674507,82.109375,100.755208
99.447596,26.160751,79.531250,98.229167
99.496445,25.097900,81.666667,99.083333
99.835403,25.058347,79.312500,99.822917
100.747182,26.078064,80.057292,100.281250
102.858673,24.856155,79.312500,101.687500
103.281036,25.512405,81.625000,99.437500
105.069199,25.655752,80.729167,100.197917
105.857666,24.789871,78.218750,101.200521
107.906733,25.653956,80.976562,100.281250
110.402868,25.069333,78.000000,99.083333
111.056839,27.071266,79.843750,98.875000
113.103058,26.873350,79.802083,101.125000
115.315058,26.511322,77.447917,99.822917
115.472595,27.708290,79.843750,98.875000
118.445897,28.145126,80.729167,97.416667
119.514801,28.712527,79.580729,94.372396
121.062668,29.920954,80.520833,97.690104
123.360443,28.868881,80.523438,94.234375
125.820857,30.735408,76.906250,98.593750
125.193222,31.508606,79.843750,94.343750
126.028926,31.699514,78.489583,96.510417
127.236913,32.483243,78.937500,93.270833
125.859202,32.916588,80.497396,94.789062
128.318339,32.747627,78.252604,91.885417
127.986308,33.034088,77.145833,96.625000
127.874029,32.775584,78.710937,91.216146
128.153809,31.637871,76.921875,94.578125
128.233836,32.810870,75.596354,93.148437
127.620946,33.005534,75.802083,92.328125
127.021779,34.261676,77.541667,92.328125
126.122650,33.136673,75.156250,93.695312
124.375626,34.259254,77.125000,93.750000
121.594091,33.637619,75.354167,91.781250
119.685064,34.331805,76.218750,90.052083
118.949392,35.733630,75.539063,91.817708
117.006226,34.836868,75.354167,91.781250
112.580282,34.832153,76.395833,90.104167
110.285044,34.739031,76.218750,91.781250
104.106216,36.053129,79.822917,91.817708
103.399811,36.582901,75.812500,87.390625
95.717794,36.099312,77.171875,90.713542
94.257589,36.483185,77.406250,90.140625
91.691592,37.710175,72.536458,88.239583
87.295570,38.126778,72.054688,87.937500
84.406578,37.509646,68.692708,89.330729
78.852946,37.649831,70.283854,88.216146
73.248756,38.601654,71.546875,87.132812
68.364260,39.180484,72.958333,86.041667
67.116788,39.505809,68.221354,87.658854
58.857188,40.625849,73.656250,85.765625
58.029236,39.818192,72.218750,85.468750
56.423439,40.216629,71.546875,87.132812
52.835754,41.913902,72.367188,85.492188
50.738640,42.582054,71.546875,85.492188
49.726852,42.052361,69.250000,84.687500
49.471031,42.289108,71.125000,83.875000
47.552503,42.572970,74.552083,84.945312
46.372434,43.113739,70.427083,82.536458
44.003601,43.125799,76.455729,82.809896
43.675468,43.877419,72.500000,82.250000
42.409843,43.463356,75.031250,82.273438
42.849747,43.613566,75.270833,82.536458
41.968915,42.623543,72.385417,84.416667
43.986219,43.320539,71.098958,83.325521
44.546115,43.325872,75.593750,82.812500
44.233261,42.884789,73.421875,84.687500
47.559738,43.827952,75.411458,83.588542
49.224731,43.553558,75.109375,85.468750
51.769264,44.081306,73.656250,82.250000
52.937561,44.353676,75.218750,81.468750
54.284317,44.206276,72.804688,83.062500
59.196627,44.944417,71.458333,80.958333
62.425179,45.201978,68.833333,81.166667
60.866119,45.482437,72.234375,81.328125
67.560170,44.919312,66.059896,83.304688
69.401871,47.323105,68.604167,81.664062
73.380641,48.708954,66.299479,80.895833
76.169835,48.542877,64.971354,81.528646
81.850164,48.764786,65.192708,81.052083
84.893984,49.791812,63.562500,80.692708
89.141782,49.734395,63.864583,78.656250
94.529101,50.053622,61.736979,78.567708
95.377327,49.374222,64.210938,78.742188
99.398122,50.232798,62.906250,79.856771
102.535980,51.358269,63.421875,77.375000
105.718760,52.101435,62.979167,77.562500
109.213135,51.771118,62.757812,78.015625
111.115021,53.743233,62.031250,77.289062
111.285329,53.636470,64.020833,76.195312
110.980342,53.816004,68.083333,78.291667
115.754100,54.110339,63.562500,76.223958
113.987000,55.887138,65.664062,75.835938
115.920451,55.470996,65.395833,75.640625
119.708984,55.710480,62.687500,75.906250
115.927729,55.980133,67.359375,76.635417
120.857666,55.462257,63.421875,75.906250
121.309235,55.922918,64.505208,76.635417
122.450684,56.041481,61.429688,75.648438
122.962463,57.074966,61.945312,76.656250
124.177129,57.065079,60.281250,76.513021
121.661652,57.806145,63.578125,75.531250
121.139999,57.966164,63.809896,76.513021
122.104065,58.169563,60.765625,75.531250
121.694717,58.034599,61.492188,76.093750
120.735128,57.386319,61.020833,74.979167
119.935577,58.566292,61.729167,74.841146
120.135335,57.911123,59.187500,73.041667
119.494059,60.031420,60.359375,73.322917
119.308563,59.450823,59.906250,74.125000
116.071813,60.701485,61.723958,73.322917
119.097285,61.290202,59.216146,72.914062
119.256892,61.965739,59.226562,72.611979
118.547791,62.777740,60.125000,72.890625
119.855250,62.571948,57.875000,71.416667
118.897034,61.781705,59.226562,72.611979
117.057200,62.793442,62.614583,73.447917
121.215342,62.927371,58.312500,73.322917
120.957596,62.966675,58.781250,73.562500
124.041072,62.907430,56.549479,71.273438
124.593089,63.280368,57.885417,71.776042
125.542140,62.112073,56.549479,73.281250
125.172796,62.527120,59.000000,73.666667
127.290019,61.625692,59.226562,73.281250
127.967239,62.118805,59.453125,72.218750
132.805171,62.183652,56.562500,72.437500
132.126831,60.890831,59.437500,72.718750
135.960622,61.513832,58.552083,73.447917
137.299067,61.947314,59.226562,71.273438
138.759211,61.474874,61.666667,71.666667
142.764730,60.795275,59.906250,71.416667
143.072200,60.592171,63.291667,73.447917
150.633240,59.769295,60.765625,73.421875
149.799693,60.154689,63.968750,73.447917
158.138062,59.738007,57.953125,81.859375
157.903046,59.879272,64.250000,73.593750
159.460256,59.772090,65.221354,74.395833
164.027059,59.518949,64.708333,74.119792
166.864487,58.727346,67.364583,74.578125
171.970871,59.061485,63.708333,73.187500
174.558324,61.206678,64.729167,82.046875
178.337570,59.753822,64.937500,74.382812
185.326472,59.701586,59.880208,71.656250
187.618937,60.784917,59.901042,70.859375
189.065521,61.812876,61.028646,71.145833
194.265666,62.206134,58.312500,80.145833
195.886856,61.324112,59.296875,70.671875
197.005819,60.864220,59.679688,71.820312
199.308767,60.326675,60.359375,73.322917
201.380346,60.196485,59.216146,72.229167
202.438217,60.146133,59.453125,71.687500
203.654236,59.739703,59.005208,72.494792
204.614609,59.938601,59.677083,74.687500
205.279277,59.943972,59.187500,72.348958
205.716782,60.353587,59.677083,74.005208
204.291972,60.059659,61.265625,72.348958
205.916977,60.273201,60.101562,71.921875
204.861537,59.648750,60.585938,73.598958
204.887894,60.145805,61.492188,72.617188
203.948934,59.186012,61.020833,74.281250
203.021851,58.080681,60.062500,75.531250
201.119380,58.834246,61.718750,74.979167
200.328440,57.311963,61.208333,75.375000
199.046036,58.123192,62.171875,74.125000
197.271993,57.367386,63.333333,75.375000
194.270045,56.551308,62.315104,77.463542
191.852147,54.468040,63.260417,78.463542
187.440643,55.246796,66.390625,78.015625
187.142715,53.701187,64.156250,77.375000
184.077708,52.806557,65.166667,79.020833
180.527003,54.026560,66.023437,75.739583
177.352142,51.543930,66.359375,78.109375
171.272924,49.525159,69.041667,80.135417
165.781769,49.645999,71.677083,78.591146
164.279170,49.248866,69.195312,77.817708
160.861206,47.845222,72.203125,77.562500
162.087769,47.063972,68.968750,80.687500
158.797272,46.579890,67.739583,79.380208
152.596832,48.012115,72.203125,79.093750
149.383382,47.031123,73.354167,79.645833
154.398168,45.756671,66.130208,78.838542
148.169571,45.921750,70.479167,80.296875
149.203420,46.377482,68.411458,82.520833
146.561925,45.840591,67.627604,81.736979
141.073649,45.078875,72.395833,80.932292
144.146220,44.653969,67.718750,80.427083
143.833344,44.284175,66.520833,82.708333
142.032104,43.372719,67.515625,81.437500
141.258667,43.902710,68.289062,85.304688
140.637573,43.023804,68.734375,83.875000
140.856323,43.044212,67.500000,83.333333
140.649943,41.882751,68.411458,88.791667
139.711243,43.414993,70.062500,83.875000
140.664368,43.279577,68.156250,87.343750
139.640930,42.193642,69.398438,87.101562
140.381282,42.319944,69.841146,84.419271
141.661997,42.321246,69.979167,89.229167
140.062729,41.380905,72.367188,90.414062
141.519887,42.208415,73.338542,85.955729
142.582392,40.133957,72.593750,86.583333
143.335373,40.428596,72.218750,90.437500
144.660950,39.851746,73.562500,88.750000
145.237518,39.007996,74.406250,87.062500
147.112371,38.938182,73.114583,89.046875
148.418742,38.380887,74.179688,88.479167
150.039449,35.570989,74.632812,93.252604
151.405228,34.731987,75.578125,92.054688
153.011439,36.726687,75.802083,87.979167
150.705353,33.380333,80.195312,90.414062
152.913366,33.229500,80.218750,89.901042
154.098109,31.095769,81.098958,92.541667
155.202393,30.312073,82.046875,91.843750
156.447784,29.371971,82.093750,94.708333
158.754822,28.678535,84.179688,94.234375
161.240417,27.983727,82.562500,96.156250
162.232697,29.268285,83.734375,94.765625
163.901215,27.500404,86.734375,96.875000
164.738063,28.462763,86.250000,94.500000
166.705231,27.013817,85.364583,98.343750
167.650208,26.503944,87.497396,97.002604
169.964691,23.662949,85.601562,98.617188
170.285797,24.372599,84.437500,99.270833
171.259710,23.810102,86.059896,96.572917
171.481903,24.520630,85.375000,99.437500
174.604797,24.660332,83.640625,97.093750
172.384186,22.881686,85.609375,101.591146
171.599640,20.733002,89.393229,104.934896
169.976196,21.969009,89.687500,100.773438
170.169708,22.553879,92.546875,98.453125
169.278198,18.098597,89.828125,103.645833
168.596700,20.116674,89.229167,102.263021
165.833684,21.560127,90.765625,100.739583
165.421056,20.327944,89.359375,101.140625
162.517365,18.735306,91.802083,102.658854
158.280390,18.274536,93.184896,107.367188
155.793605,20.019028,90.833333,103.083333
152.210266,18.519025,94.968750,103.052083
148.759598,18.188995,93.578125,106.950521
152.498611,12.851349,85.164062,108.023438
145.522614,12.363068,90.000000,110.000000
140.561381,12.285817,90.604167,108.932292
134.894343,13.659838,94.369792,110.786458
127.091944,13.001516,96.664063,112.093750
123.228780,10.991915,98.872396,112.854167
119.530548,9.306305,98.031250,113.125000
115.904826,10.313670,97.562500,112.583333
119.044693,11.197927,91.125000,113.656250
113.718643,12.233958,93.940104,111.692708
107.670293,11.037023,96.028646,115.869792
104.206029,10.390396,97.093750,113.109375
102.816747,11.391584,97.562500,110.437500
105.266739,10.653198,91.703125,114.906250
98.732697,9.587814,96.354167,117.083333
96.078837,8.972855,97.213542,114.130208
95.548559,12.274989,96.104167,110.153646
102.081863,14.144943,89.593750,109.632812
103.618347,14.726753,86.312500,107.640625
103.366735,18.475769,85.437500,105.541667
103.746882,19.591883,84.893229,103.645833
104.707932,22.347168,84.007812,100.609375
105.304128,25.193522,83.416667,100.666667
105.416112,24.373210,83.192708,99.440104
107.647883,29.692070,81.572917,97.687500
109.710383,30.784376,80.244792,98.890625
111.215591,29.523956,80.023438,98.617188
112.716894,32.905467,79.802083,96.489583
112.944229,31.956429,78.695312,98.804688
113.651861,35.928309,79.138021,93.846354
115.268509,34.117874,76.468750,94.437500
113.436193,33.909541,78.031250,93.968750
115.417491,33.125732,76.260417,97.510417
116.647700,36.174693,76.250000,91.479167
116.163986,36.326391,76.026042,90.856771
115.794189,37.301651,75.578125,89.453125
113.940008,34.674024,76.395833,90.104167
115.417491,35.450485,73.625000,90.052083
113.793482,34.981733,74.859375,89.291667
113.523865,35.943687,74.010417,90.140625
111.064178,34.400787,75.937500,89.562500
111.370107,36.580953,73.161458,90.140625
109.895335,37.406069,72.940104,86.481771
108.291931,37.912582,72.218750,87.953125
106.778997,36.529770,72.442708,87.395833
104.812393,37.928434,72.442708,86.565104
101.426824,38.350385,73.645833,86.028646
100.296153,40.154015,72.820312,85.203125
97.489990,41.932660,71.770833,85.760417
97.152588,40.974325,69.687500,86.041667
93.506653,42.323280,71.234375,85.765625
91.430687,42.414785,70.283854,85.770833
87.724266,41.988754,69.398438,86.296875
85.849614,44.272608,68.812500,84.151042
82.926959,45.340317,68.513021,84.398438
80.798325,45.513410,68.291667,84.125000
77.292603,45.425377,68.859375,83.062500
75.963203,47.792564,68.859375,82.273438
70.819817,47.533450,71.781250,82.791667
71.581820,48.435926,69.177083,81.208333
70.759102,48.696342,67.406250,80.687500
68.863780,49.360405,67.835938,80.895833
63.609871,49.089569,72.929688,81.437500
62.779572,49.480586,72.953125,80.148438
66.376488,49.381966,67.140625,82.281250
65.546532,49.137947,66.963542,79.380208
66.069636,50.307215,66.395833,80.083333
66.308688,48.786385,64.875000,80.083333
66.122401,49.192632,66.476563,80.776042
66.580800,48.319354,65.856771,81.117188
66.440549,49.463882,65.093750,79.591146
66.472183,49.009453,65.500000,78.250000
66.584162,50.264661,65.276042,78.729167
62.612523,48.022471,71.255208,80.223958
67.543177,49.175952,66.843750,80.169271
70.650457,48.759672,65.856771,81.117188
70.783272,48.954224,66.929688,79.812500
72.306834,49.157199,67.229167,77.765625
75.337532,50.526978,65.723958,79.270833
78.229553,50.111165,65.052083,77.713542
77.627019,51.446078,68.802083,78.382812
79.240005,49.900764,70.718750,79.812500
83.534360,50.335147,70.140625,78.591146
86.568336,51.564812,69.906250,77.562500
91.821017,51.981984,69.372396,77.822917
93.957102,52.039782,70.958333,77.041667
99.154332,52.121068,70.239583,76.260417
102.664841,52.106560,70.000000,77.500000
110.751297,52.431676,66.023438,79.476562
111.516129,53.356842,70.023438,75.218750
115.470128,53.390325,69.760417,76.486979
118.399943,52.164309,70.958333,76.281250
121.885529,54.345749,70.239583,76.260417
127.218781,54.281952,69.250000,75.250000
132.316879,54.820943,68.031250,74.734375
134.112193,54.448639,69.539062,74.697917
138.747177,54.318283,67.054688,75.218750
144.419189,55.744471,64.380208,73.960937
147.746745,56.157229,63.757813,73.135417
147.276337,55.834312,66.645833,74.494792
153.658798,56.639252,61.304688,74.382812
156.544540,54.740000,60.986979,74.395833
157.487686,54.653206,62.171875,75.531250
158.955276,54.619751,63.562500,74.937500
162.778631,54.842433,60.937500,75.208333
164.296753,55.027229,61.692708,73.690104
164.890823,54.588737,62.171875,74.125000
160.545074,56.219543,69.000000,74.666667
162.789795,55.520958,67.828125,74.437500
165.381973,53.908913,66.359375,75.906250
165.257853,55.412582,68.065104,75.434896
165.483749,56.484179,68.802083,73.223958
166.369232,56.325584,68.562500,73.703125
167.365387,55.435046,68.302083,75.697917
168.997253,56.097717,66.770833,75.739583
173.210907,56.358131,64.828125,75.218750
173.770803,57.009173,64.437500,75.375000
173.520798,56.643494,65.664062,77.289062
175.437820,56.854088,64.210938,75.835938
174.462484,56.587092,64.437500,76.833333
175.763509,55.910823,63.757812,77.463542
173.594559,54.719749,65.625000,77.375000
174.387355,54.055148,64.604167,91.229167
173.165792,53.813807,66.187500,78.604167
173.397558,53.995768,65.723958,92.065104
167.851425,53.731636,70.437500,83.062500
169.981578,52.764699,67.848958,81.218750
170.860850,52.056653,66.476563,83.033854
169.271962,50.757306,65.947917,84.828125
168.020477,51.480934,67.229167,80.776042
166.765778,49.644750,66.395833,85.406250
163.620005,49.728325,68.908854,82.643229
162.231018,47.509697,69.750000,86.156250
162.715942,45.987610,67.406250,86.156250
158.589462,45.724215,70.666667,92.041667
153.994436,45.103078,72.442708,85.734375
153.813548,43.519183,72.958333,88.494792
156.220454,43.948624,68.289062,85.734375
153.098358,43.703150,71.458333,88.875000
153.704163,43.408394,69.250000,87.937500
152.039541,43.047549,70.427083,91.416667
150.580073,41.782104,71.611979,89.057292
148.107193,42.127838,73.421875,89.515625
144.564209,41.493963,75.765625,89.888021
143.744278,41.675659,74.562500,90.445312
143.944916,40.337585,75.085938,88.710938
143.594147,41.198016,75.630208,91.562500
141.751556,41.395653,77.171875,93.252604
143.250031,39.966515,75.765625,93.812500
142.359212,40.751592,77.544271,87.638021
141.720749,39.956380,77.020833,89.833333
142.035736,40.369415,79.203125,89.515625
144.130213,40.789530,76.703125,90.161458
144.109675,40.085052,78.018229,89.867188
143.256887,40.945816,79.104167,90.989583
144.325409,39.660576,78.875000,90.250000
147.467911,39.956581,76.234375,91.281250
148.877182,38.998248,79.281250,89.718750
150.165176,38.322021,77.484375,89.515625
151.210119,38.374786,79.440104,88.059896
154.779093,39.241692,77.252604,90.960938
155.586212,36.627518,78.179688,90.320312
157.415314,35.975975,80.679688,94.388021
159.743484,35.149264,80.033854,89.802083
161.124298,34.288269,80.062500,93.812500
164.737823,32.012731,80.291667,92.906250
167.267944,32.715752,78.875000,94.625000
167.023432,31.761513,82.697917,92.466146
171.009567,30.423889,83.656250,93.539062
175.355286,29.822746,80.960938,98.031250
176.591832,28.928195,83.278646,94.372396
181.130737,28.108149,81.192708,98.312500
184.227310,28.052956,80.960938,98.031250
188.846288,24.503357,78.937500,95.062500
189.273361,25.814690,81.859375,97.132812
191.911148,23.674268,81.424479,100.401042
194.768082,24.489632,80.687500,97.562500
198.212392,23.357602,80.505208,99.919271
200.389420,24.165619,81.203125,95.953125
201.480118,22.490685,82.125000,100.562500
204.446355,21.744207,79.028646,102.531250
205.265900,22.228277,80.466146,100.098958
206.944519,21.412125,80.023438,103.265625
206.193334,21.565564,81.848958,98.770833
207.242813,22.638481,81.625000,101.312500
207.094421,21.955592,81.130208,101.869792
206.346954,21.209656,81.351562,98.367188
203.833705,21.998568,82.109375,98.890625
201.718414,22.896858,83.973958,98.890625
201.671407,20.716560,83.958333,99.984375
198.759572,21.054164,86.059896,99.440104
195.903742,22.276754,84.906250,97.958333
194.569763,22.083878,84.671875,99.546875
187.664022,21.621808,94.765625,100.281250
188.303406,22.560104,86.986979,99.546875
185.869339,21.510162,88.687500,102.031250
178.063899,21.915515,94.250000,101.049479
172.766022,22.061269,93.958333,100.666667
168.859222,24.188039,95.270833,99.041667
165.716858,22.560265,96.906250,101.750000
164.942774,22.087440,92.473958,101.520833
159.687002,22.897596,92.236979,101.260417
156.258403,24.841220,92.307292,102.992188
153.591939,24.858271,89.072917,105.895833
147.583135,23.057905,88.541667,106.447917
141.177556,24.906593,90.927083,106.083333
134.912389,24.560750,89.536458,104.458333
129.016556,24.067665,92.281250,107.164062
123.665349,23.608434,93.031250,105.895833
119.616089,23.293251,90.296875,102.203125
111.159459,22.794599,93.526042,103.265625
108.401510,21.933047,91.526042,109.432292
106.703501,23.560847,88.226562,113.291667
108.508214,23.272746,81.208333,110.283854
97.003911,24.459824,86.414062,110.958333
92.450897,23.580070,88.679688,110.851562
92.100367,27.041636,83.854167,106.083333
87.405350,28.362808,85.734375,105.213542
83.549301,30.915830,85.507812,102.020833
83.602486,32.260717,81.937500,101.208333
80.647573,33.538391,82.744792,100.804688
78.642906,33.624074,81.794271,99.854167
77.711131,33.458433,79.968750,102.531250
76.517164,34.490484,79.244792,99.984375
70.719856,34.074249,83.742188,101.406250
70.121307,35.404305,84.416667,98.635417
74.873774,35.458710,79.244792,99.041667
69.776550,35.968697,83.968750,98.718750
72.197166,37.001600,81.130208,99.984375
70.776756,35.523992,83.041667,100.755208
74.690018,38.238663,78.812500,96.625000
74.737109,38.321780,80.296875,98.526042
74.989105,37.799606,81.666667,100.916667
77.202710,38.808601,80.466146,100.098958
77.943054,40.107735,80.953125,101.406250
78.975426,39.762538,81.130208,99.984375
81.097036,40.994047,79.580729,98.994792
83.656418,41.284843,79.609375,98.804688
85.310364,43.987022,77.515625,100.562500
86.409058,43.749850,81.895833,96.604167
90.067645,44.965808,75.250000,98.166667
90.182612,45.735868,78.937500,96.854167
91.445104,45.655774,78.252604,101.882812
93.464060,46.824211,75.786458,95.609375
93.637502,47.368726,78.257812,95.130208
94.466949,47.815534,73.562500,95.062500
96.905650,45.724548,75.354167,92.645833
95.417389,47.321686,72.109375,87.718750
96.594172,46.778615,72.820312,86.854167
96.443629,47.133105,71.994792,83.552083
95.103450,46.715380,72.848958,84.958333
92.120417,48.418070,74.593750,82.770833
93.637807,46.805923,69.841146,87.658854
93.008901,47.189651,69.468750,84.140625
90.039963,47.322441,71.125000,82.281250
90.979090,48.788587,67.356771,87.343750
87.431923,48.060425,69.648438,88.585938
85.718981,48.621844,68.955729,84.145833
82.846413,48.935158,68.070312,80.695312
80.274086,48.564064,68.289062,82.210938
77.571213,48.657471,68.742188,81.979167
75.202985,48.790771,67.627604,82.520833
72.408702,47.748446,67.184896,83.536458
69.113304,49.231857,68.187500,82.250000
66.816376,49.167725,65.843750,82.250000
64.385437,50.613037,65.531250,83.200521
59.409510,52.118067,67.291667,81.166667
57.826070,53.050616,63.994792,80.127604
54.904012,53.985883,64.528646,79.476562
51.941531,54.971199,67.518229,77.981771
49.836052,55.378454,64.437500,78.031250
49.985433,56.914914,63.125000,77.177083
47.312531,57.527618,63.484375,75.835938
46.204837,57.299754,63.260417,75.567708
44.380099,58.515902,63.757813,74.578125
44.359383,58.874092,62.093750,75.031250
44.309853,57.304741,61.429688,75.648438
44.665321,57.436623,62.140625,74.937500
43.243446,56.725685,63.562500,74.937500
45.511070,56.394882,60.656250,76.468750
46.676470,55.967278,59.791667,76.083333
47.947304,55.540192,59.359375,74.828125
47.228554,55.602692,60.101562,76.789062
50.834338,55.955556,60.500000,75.375000
52.139046,54.704399,62.171875,76.937500
54.814781,55.167063,64.041667,75.375000
57.331192,55.001816,62.140625,75.648438
59.808228,55.316879,60.062500,75.531250
62.398438,55.316879,64.281250,74.828125
65.111257,55.383336,66.148438,75.255208
65.427556,55.791033,65.221354,74.395833
72.757467,55.627352,61.692708,74.395833
77.167531,56.699028,61.265625,75.119792
81.897181,56.795555,61.020833,74.979167
86.621986,56.465904,60.101562,73.312500
88.501358,57.075437,62.651042,74.427083
93.654526,57.165672,62.882812,74.703125
100.498276,57.368584,60.062500,73.421875
103.017792,57.911087,61.723958,72.640625
111.072942,58.462453,59.677083,74.005208
114.611725,58.740959,59.453125,74.406250
118.869573,59.050196,59.901042,72.229167
121.976334,58.914780,59.437500,72.500000
119.473999,58.834312,64.010417,73.598958
123.795054,59.685827,62.416667,72.187500
130.731659,59.635389,57.846354,72.229167
133.311895,58.153615,56.981771,73.169271
133.435201,59.165334,59.679688,73.169271
135.486435,59.009466,58.552083,71.416667
135.989029,59.386307,60.125000,72.890625
138.016464,58.648422,58.773438,73.046875
139.957199,58.794032,57.197917,73.447917
139.427979,59.052406,57.875000,71.416667
138.974854,59.781471,58.781250,72.890625
139.209229,58.200742,58.994792,73.322917
137.903025,58.778048,58.994792,74.005208
136.485265,58.924202,59.216146,74.283854
135.913111,58.547529,57.846354,72.914062
132.938487,57.264979,59.229167,74.802083
131.863785,57.322037,60.101562,75.398438
130.278976,57.315491,60.101562,75.398438
126.823354,57.910238,59.625000,75.677083
123.171631,56.940397,61.244792,75.255208
118.999425,56.167236,63.104167,75.807292
116.033381,56.432772,63.304687,75.479167
111.317591,56.446096,62.364583,75.921875
107.237015,53.166229,63.531250,76.468750
102.457245,53.203183,64.020833,77.627604
98.543732,52.710938,64.937500,76.562500
94.147713,51.838895,63.304688,79.059896
89.441383,51.202850,64.890625,78.109375
81.897247,50.452049,66.859375,77.835938
80.600919,49.444766,64.664062,77.835938
74.349823,48.200312,66.643229,81.070312
69.486832,48.437675,68.539062,79.671875
67.041840,47.435725,66.541667,80.692708
64.950089,47.352943,67.796875,81.156250
60.651891,47.007314,69.013021,81.718750
55.459994,47.079402,70.992188,82.281250
51.102748,45.141978,74.255208,83.317708
49.275050,45.503438,72.330729,80.953125
47.574768,44.596870,71.437500,83.687500
44.431735,45.018277,70.375000,82.708333
42.501462,44.755618,72.445313,83.200521
43.547508,44.300751,66.742188,84.531250
41.301910,43.658310,68.289062,82.984375
42.158073,45.356445,67.609375,82.921875
40.026998,44.343264,69.520833,82.757812
38.071335,44.102776,72.015625,82.273438
38.766289,44.547997,68.859375,85.429688
40.230921,45.189931,69.195312,84.088542
39.368080,44.408226,70.437500,83.062500
41.962631,44.798851,69.531250,85.468750
42.558197,43.791359,70.328125,82.281250
43.987213,44.469452,71.226562,83.851562
46.001536,43.916066,71.234375,83.343750
47.393534,43.996043,71.690104,82.809896
48.974686,44.178319,72.385417,82.812500
51.314817,43.105405,73.656250,84.958333
54.622111,41.331968,72.820312,84.377604
57.006223,41.877818,69.687500,85.223958
59.712448,40.281960,69.398438,85.492188
62.807192,39.536097,69.979167,85.218750
66.040700,39.232554,69.083333,84.916667
68.650065,37.219533,69.755208,86.544271
73.459976,35.254898,68.593750,88.710938
75.365461,35.531054,70.427083,87.380208
79.513692,35.393723,69.468750,89.846354
83.380224,35.788073,70.125000,89.052083
85.838928,34.964653,71.546875,87.132812
89.583600,34.416476,70.125000,89.875000
92.929263,33.840210,74.471354,90.156250
95.942195,33.787015,71.463542,89.291667
98.411474,33.503688,73.500000,91.833333
102.284348,32.595284,72.531250,89.562500
103.562993,33.712568,74.179688,91.843750
105.657364,32.988457,74.046875,92.953125
107.861577,33.175519,74.458333,90.687500
111.838593,32.947533,71.679688,91.265625
113.428436,31.939842,72.718750,92.125000
113.682393,32.816086,71.895833,89.833333
115.324234,32.790042,71.437500,91.562500
114.839645,33.352539,73.562500,92.125000
115.122452,32.113495,74.906250,95.531250
116.484436,31.707245,76.039062,92.812500
114.901627,33.393125,77.947917,96.104167
114.829086,31.873909,79.375000,95.406250
118.696457,32.023079,76.218750,93.437500
118.675425,31.848948,75.802083,102.765625
111.820923,31.492584,82.351562,99.718750
110.696091,30.032982,82.812500,104.195312
109.361725,31.451897,84.375000,102.583333
107.399160,31.344849,83.695313,101.755208
106.972010,29.319463,84.645833,102.705729
104.338959,26.048014,86.291667,103.541667
104.021535,27.296611,87.250000,102.583333
110.866094,28.204674,77.119792,101.208333
109.285339,24.499741,78.437500,103.328125
107.877314,23.958074,79.968750,102.531250
107.511439,23.952927,79.028646,103.471354
104.131958,22.155693,84.437500,104.125000
99.607422,27.693138,84.984375,97.679688
104.914525,24.712049,79.677083,101.479167
100.415268,23.095718,84.203125,102.692708
97.335861,25.768379,86.078125,102.148438
98.780304,24.768074,82.054688,100.609375
95.803558,24.671745,87.968750,102.148438
96.199626,24.596949,85.880208,100.684896
91.836792,23.398590,92.062500,100.781250
99.536423,18.500061,81.000000,107.000000
98.934504,20.590164,86.479167,103.963542
93.790771,22.820816,91.562500,100.421875
96.108322,22.447937,88.000000,102.000000
104.816727,18.664083,83.906250,104.632812
102.995010,19.393158,91.820312,104.515625
103.847209,18.057869,92.947917,104.062500
105.757507,21.744593,90.265625,104.630208
108.441742,20.212832,92.947917,107.093750
112.684377,20.840121,90.833333,108.187500
117.845937,22.269717,91.158854,108.380208
123.026520,23.519363,90.039062,106.414062
132.616013,24.934166,85.656250,110.851562
133.444906,23.692253,90.231771,111.286458
140.329620,24.062141,89.304688,104.187500
150.172531,23.296796,85.054688,100.513021
152.560226,23.792946,84.875000,101.078125
156.094238,22.744904,86.523438,100.937500
157.810847,21.905202,89.398438,100.804688
162.943192,20.467155,88.687500,101.078125
174.102453,21.519241,82.458333,101.625000
177.627589,20.459630,84.203125,101.768229
178.705485,21.858246,88.429688,102.531250
178.832484,23.097822,91.578125,99.369792
186.550486,23.717453,87.395833,105.067708
188.579447,24.970024,88.083333,98.968750
189.213058,23.975835,89.630208,98.395833
191.115387,26.086975,90.843750,98.656250
192.124736,27.111483,89.828125,96.736979
193.059662,25.773537,90.125000,96.906250
193.193522,26.147807,90.364583,98.135417
192.410202,27.998138,89.867188,98.656250
195.325485,24.357910,87.218750,101.750000
195.391815,28.918678,87.218750,95.937500
195.370163,28.030744,85.596354,96.052083
194.765910,29.875338,86.549479,94.070312
196.225225,29.985138,86.075521,97.294271
195.803640,33.006887,87.260417,96.739583
197.705688,32.564484,84.645833,93.200521
191.362757,33.754341,89.072917,94.635417
197.687754,34.905780,82.072917,93.385417
195.461227,36.141012,84.854167,93.057292
197.310338,39.234510,82.583333,91.750000
196.914108,40.173876,82.328125,90.460937
197.026825,42.637238,81.859375,89.945312
196.031637,42.961688,81.390625,86.750000
197.181452,44.272148,79.515625,85.622396
196.693151,46.651037,79.440104,84.611979
197.386246,47.299713,79.343750,84.453125
198.433955,46.192924,76.468750,87.369792
199.175568,47.430946,77.406250,82.500000
201.919551,45.687920,77.427083,83.242188
202.930461,47.131681,75.630208,82.338542
203.897868,48.138771,77.046875,81.953125
206.343175,47.955449,75.062500,84.114583
208.004217,48.449237,72.820312,86.854167
210.161484,47.950793,71.994792,86.028646
210.971039,49.456947,74.828125,82.210938
214.120819,51.842522,74.125000,79.812500
216.445867,50.594645,73.989583,85.218750
217.866943,51.447754,75.062500,81.645833
221.122548,54.056971,73.080729,80.369792
222.936564,54.402842,74.552083,82.546875
224.961904,54.519430,74.791667,78.802083
228.287150,55.078077,72.250000,81.750000
228.703644,55.005931,72.953125,80.148438
230.294189,56.621223,72.804688,79.117188
231.625600,56.375641,72.330729,80.953125
231.370382,57.068822,75.661458,82.015625
232.238729,58.004939,73.776042,77.046875
232.158457,57.739553,74.140625,81.218750
232.026154,58.076950,73.421875,78.250000
231.037435,58.380384,73.414062,84.315104
230.028402,58.719088,71.460937,78.750000
228.148804,59.516556,73.656250,81.468750
226.171580,58.490857,72.848958,79.307292
223.816132,60.326645,74.682292,85.656250
222.836121,60.269994,73.416667,84.937500
218.708216,60.116895,75.062500,80.000000
215.137894,60.934845,75.031250,78.250000
211.815811,60.386810,74.312500,83.078125
208.494263,61.188614,74.007812,78.109375
203.910049,60.533877,74.072917,77.250000
199.125585,61.364342,74.140625,74.927083
194.091100,60.498993,74.723958,84.812500
187.361954,62.435773,75.174479,75.174479
183.890045,60.576584,73.114583,77.817708
178.033386,61.267003,73.898438,75.466146
168.757868,61.322347,77.307292,75.750000
168.697235,59.607590,72.567708,78.072917
156.907104,57.907262,79.385417,79.385417
153.678436,60.036369,77.445312,75.031250
147.770421,56.795080,78.044271,77.250000
150.082413,56.705526,69.755208,77.750000
146.414124,55.632812,69.140625,79.859375
142.576813,56.470924,68.289062,79.890625
138.652893,55.305374,67.291667,77.312500
134.855438,54.522428,67.286458,84.416667
130.983388,53.938286,68.833333,79.625000
127.653244,52.762438,67.916667,80.083333
124.243790,53.284515,67.687500,79.054688
121.206334,51.564507,66.395833,80.843750
116.987590,53.610641,69.486979,78.518229
113.946777,53.057259,69.604167,78.083333
110.849981,51.639699,72.723958,80.354167
108.386851,51.747480,70.994792,80.432292
107.792989,50.884188,71.078125,81.200521
105.939977,50.534381,70.994792,78.859375
104.868561,48.744385,67.739583,81.708333
101.794337,49.342837,67.291667,79.625000
100.080556,47.452209,71.197917,87.984375
98.211116,45.252256,72.385417,82.010417
95.788864,44.463379,71.007812,81.468750
93.965190,43.938367,71.690104,81.221354
92.406372,43.999535,70.328125,82.281250
89.506322,44.544917,72.250000,81.750000
87.543294,44.883209,69.755208,80.947917
84.555199,42.721519,69.750000,82.250000
83.066025,41.594803,68.859375,83.062500
80.947563,41.346077,65.703125,83.851562
79.296234,40.366628,71.145833,82.708333
77.294721,40.745743,72.953125,82.546875
74.097755,39.703074,72.270833,85.229167
72.683378,39.771777,74.359375,83.325521
69.189407,39.625885,72.367188,82.210938
67.110209,39.237493,73.278646,82.809896
64.700386,38.860207,74.937500,82.250000
60.047668,39.025576,77.864583,83.588542
56.036090,39.710869,77.619792,82.510417
55.972371,39.570244,75.411458,82.770833
55.274798,40.888199,77.531250,83.291667
52.133057,40.024483,75.531250,83.812500
50.616697,41.426603,74.593750,83.588542
47.811867,42.982162,69.906250,82.210938
45.826505,44.632161,75.713542,81.218750
43.126200,46.837308,75.174479,79.250000
39.932182,46.832108,75.835938,80.664062
37.220256,47.400131,75.989583,81.695312
35.060893,48.460632,75.411458,83.588542
34.022799,50.060524,74.471354,82.726562
31.558873,50.158572,75.174479,82.510417
28.824581,51.398018,74.125000,83.062500
26.542281,51.211243,68.375000,83.614583
25.538480,52.282951,71.619792,79.380208
