116.000000,67.000000,122.000000,125.000000
107.646962,63.524244,128.359375,143.796875
105.215408,58.866203,122.640625,138.859375
103.478958,47.792961,120.625000,135.578125
101.180196,37.319023,118.333333,123.666667
98.559311,28.595413,117.437500,144.015625
101.342621,22.417519,119.203125,139.125000
107.758835,16.653816,116.562500,136.718750
112.490621,11.310585,128.604167,155.401042
117.945119,8.363838,137.531250,145.562500
127.144135,6.337402,136.937500,143.734375
134.286662,5.746117,118.276042,115.640625
142.573166,8.567856,121.000000,127.250000
151.731511,12.346006,116.533854,106.804688
160.364288,17.914388,119.468750,129.921875
166.788534,23.446826,114.585937,123.135417
164.679362,30.794024,122.171875,131.963542
174.456579,40.026245,124.250000,126.817708
179.991430,48.794601,117.916667,116.645833
187.506312,58.233065,115.544271,109.515625
198.555603,67.419022,101.593750,102.750000
198.760935,73.740753,95.286458,116.117188
198.780914,82.351562,95.476562,106.335938
199.394541,88.008769,98.843750,105.156250
198.648229,96.869934,106.729167,98.270833
196.767227,99.885788,98.031250,98.031250
193.828064,103.746094,78.583333,96.958333
189.548808,108.048752,90.364583,98.135417
189.743200,110.781433,89.359375,90.341146
185.701721,104.196050,83.973958,113.807292
182.912903,103.554871,92.062500,83.250000
182.228226,92.573715,92.109375,141.382812
182.941162,85.298508,84.984375,135.765625
179.490178,109.048228,83.083333,106.682292
183.953588,115.549306,76.596354,100.158854
183.125559,117.614985,76.515625,98.890625
182.191605,120.658727,77.588542,94.708333
184.648682,124.748876,76.924479,91.216146
187.333374,126.276352,83.250000,88.500000
186.101273,112.581955,79.375000,106.093750
183.638382,136.591629,74.445312,88.390625
187.942245,139.770813,67.210938,77.804688
189.704549,139.421071,63.890625,73.953125
190.988647,139.050156,69.531250,74.312500
188.858932,138.050690,69.960938,76.023438
189.826370,141.448425,67.125000,75.031250
191.049672,149.882380,66.166667,75.375000
191.307276,158.386373,69.000000,76.083333
192.287638,166.699636,68.812500,76.104167
192.916977,174.751587,72.250000,75.218750
195.981074,182.158005,72.750000,74.244792
200.005590,192.091827,71.010417,70.265625
205.321218,200.192271,68.291667,69.708333
209.606491,203.623998,68.750000,72.984375
215.945419,211.202271,67.117188,71.476562
221.549286,217.322205,69.708333,71.833333
227.089172,225.575134,70.023438,69.296875
233.491425,229.616882,71.476562,72.203125
239.302470,223.503255,86.203125,83.213542
245.749736,237.247457,79.385417,72.330729
252.051127,226.360402,86.458333,85.695312
260.353180,236.170685,84.416667,76.395833
270.733073,232.384837,83.242188,82.411458
280.436422,226.669423,84.197917,86.744792
292.771647,220.252696,82.132812,89.984375
302.291870,212.224304,82.937500,91.843750
308.869629,199.692027,85.942708,94.979167
314.222809,187.779312,91.179688,93.968750
316.886190,176.414378,98.484375,88.927083
316.238831,147.974523,111.734375,100.078125
323.512563,143.869700,75.520833,88.791667
335.036499,111.608963,81.406250,105.625000
344.367879,100.046616,72.986979,101.968750
360.725250,72.131378,86.250000,112.890625
384.196442,41.854650,63.463542,126.859375
359.919576,38.991854,101.033854,116.927083
361.810364,31.735921,119.794271,105.067708
396.588684,11.449318,114.437500,113.406250
368.165405,3.089915,135.333333,132.083333
365.537516,0.302526,153.494792,120.492188
393.676788,0.034836,133.679688,118.140625
397.609192,0.229694,131.270833,114.986979
393.035156,0.039500,131.270833,88.682292
384.621012,0.569043,130.721354,110.489583
373.319560,1.340302,130.739583,113.604167
365.199422,1.664023,127.822917,122.750000
355.851949,1.644913,125.750000,127.049479
344.208221,1.626740,122.906250,128.093750
334.177795,3.850887,119.429688,129.617188
322.481720,7.019661,121.750000,130.554688
309.647430,13.332474,121.744792,129.213542
296.909149,17.696935,121.458333,128.833333
282.537465,23.276988,118.250000,128.020833
268.361115,30.144196,112.890625,124.921875
256.554759,35.055117,112.648438,122.252604
248.365428,36.915288,111.401042,120.796875
240.139832,40.822403,115.429688,116.609375
233.907898,41.402504,118.570312,113.914062
226.334076,39.451241,122.062500,111.585938
221.301860,40.198522,123.500000,107.166667
217.294830,40.392977,127.598958,103.208333
211.638072,38.989510,126.669271,97.307292
207.198710,40.849350,126.156250,99.502604
203.801198,39.413984,126.437500,102.046875
199.744354,39.705017,127.562500,104.125000
196.613978,40.026622,126.234375,108.343750
191.768600,41.384171,122.921875,109.773438
184.287786,44.534017,124.250000,110.958333
173.371582,48.117747,126.799479,112.143229
160.592178,51.503006,130.187500,113.125000
151.484304,56.287206,134.776042,101.940104
140.444153,65.384504,135.427083,86.755208
120.708995,72.359507,144.963542,80.125000
116.598557,83.283722,137.666667,69.333333
108.059082,92.344315,134.046875,106.625000
127.651825,95.297694,103.250000,130.942708
99.734339,101.648570,120.817708,110.739583
77.849620,105.530350,126.669271,112.575521
69.993876,105.318207,122.252604,112.648438
59.537875,106.796310,125.190104,125.190104
54.210068,110.808258,121.203125,126.109375
67.637039,124.845612,96.648438,119.007812
49.908730,139.297134,111.890625,111.890625
52.527756,147.328674,111.833333,107.166667
57.896873,153.359467,109.359375,100.234375
65.407761,154.474747,97.648438,91.132812
68.908363,143.768143,97.937500,93.812500
75.780652,130.532104,95.979167,96.958333
89.486745,128.660833,88.656250,88.656250
95.801631,118.319611,89.750000,91.598958
113.941727,113.671326,80.218750,88.140625
132.400742,109.584763,72.890625,83.757812
144.681793,100.054016,70.895833,85.986979
159.976491,94.298625,65.192708,83.317708
168.877548,91.029612,65.166667,81.937500
186.048742,90.820801,55.750000,77.802083
191.747365,91.401449,58.916667,77.015625
203.270432,94.977921,53.148438,74.703125
204.643570,99.674815,53.916667,72.437500
210.050746,107.179352,48.697917,70.664062
206.315506,111.158432,52.882812,69.580729
209.929667,123.136292,50.166667,63.687500
211.225418,131.485886,51.390625,60.179688
213.772095,139.716278,49.937500,58.375000
214.728343,144.082586,49.354167,57.046875
211.373093,146.899002,49.515625,57.062500
210.395996,146.022893,48.208333,59.473958
208.731267,150.978511,49.031250,59.520833
210.597092,143.847931,48.148438,72.000000
212.556630,147.810115,48.833333,74.500000
214.301249,151.178843,49.346354,76.885417
216.303502,153.963348,50.156250,79.145833
216.707921,157.705821,50.083333,77.854167
214.907054,166.330673,51.403646,71.182292
214.471959,165.254690,51.794271,75.049479
214.256943,171.283844,52.875000,71.625000
216.676127,175.744202,53.789063,69.565104
219.764938,183.992615,54.625000,64.375000
224.617223,183.720744,54.075521,66.598958
225.126251,183.246058,56.078125,67.093750
223.842031,173.489766,57.302083,73.825521
222.655609,178.879639,57.604167,65.966146
224.489634,182.891113,58.640625,59.880208
227.462891,182.976746,59.953125,59.953125
