57.000000,99.000000,28.000000,23.000000
57.039833,98.930458,35.000000,25.437500
56.260997,98.992841,37.223958,25.799479
57.819710,99.566495,37.458333,26.083333
57.540853,99.126048,37.875000,26.197917
58.453476,100.579071,38.156250,25.664062
58.622889,100.651497,39.411458,26.716146
58.385437,100.605303,41.018229,26.796875
62.233887,101.636574,39.390625,26.921875
61.883110,100.728027,40.398438,27.265625
62.357742,101.574150,41.679688,27.906250
65.869385,102.146698,38.078125,27.578125
63.594198,102.922363,39.750000,27.802083
63.954613,103.027580,38.171875,27.687500
61.964493,102.344482,37.835938,27.906250
62.244779,102.678396,37.854167,27.369792
59.835780,104.490753,39.442708,25.893229
56.895686,105.022883,41.333333,25.893229
56.884613,105.223175,41.687500,25.937500
57.048149,104.865692,41.359375,25.937500
56.142273,105.146207,43.994792,26.466146
56.486928,104.732112,43.601563,26.630208
58.490232,105.206006,40.830729,27.322917
63.171341,105.693085,36.945312,27.875000
65.198181,106.489799,35.552083,27.156250
65.134382,106.340543,35.947917,27.052083
69.082550,106.113327,35.273438,26.625000
72.066368,106.835968,36.312500,25.062500
74.916443,106.882474,36.018229,24.242188
81.336456,107.671410,35.140625,23.562500
84.577655,108.932472,35.135417,22.776042
85.895910,109.634712,35.125000,22.291667
87.642392,109.813871,34.833333,22.875000
87.780518,108.721550,35.109375,23.546875
89.610832,109.831680,33.664062,23.546875
90.369064,110.075150,33.625000,23.500000
90.086327,110.693382,35.630208,23.140625
90.148176,110.108808,34.802083,23.057292
91.458023,110.120214,34.494792,23.140625
90.826380,110.974047,37.380208,23.057292
92.203659,111.240692,38.109375,22.968750
92.312355,110.929802,38.135417,23.161458
92.612109,111.596258,39.632812,21.963542
94.790235,110.769669,39.062500,22.145833
97.223312,111.677060,38.434896,20.765625
100.810989,110.974953,35.437500,21.187500
100.618540,111.209193,35.661458,21.338542
103.877118,108.838979,33.083333,22.197917
106.570938,106.760384,32.781250,22.937500
106.508904,107.211098,32.486979,22.734375
106.454163,104.381813,33.322917,21.341146
108.046514,103.271929,34.437500,21.619792
108.543668,101.064311,35.088542,21.625000
108.378586,99.233444,36.265625,21.234375
110.251755,98.879791,36.554688,20.078125
110.636841,97.909434,36.765625,21.153646
111.016337,95.436061,38.333333,22.291667
113.056519,97.817947,38.171875,21.414062
114.515416,97.089211,37.783854,22.187500
114.623983,97.819761,37.835938,22.263021
115.305893,97.198303,37.750000,22.291667
114.935832,97.724119,38.960937,22.776042
114.694677,97.857773,41.130208,21.364583
119.722493,97.910243,37.567708,22.203125
119.506210,98.365768,37.812500,21.187500
119.035019,98.701279,37.710938,21.523438
120.343597,98.983948,38.289062,22.679688
121.881500,98.937576,38.781250,22.023438
123.259308,99.335887,39.632812,21.664062
124.919652,98.817660,41.609375,23.070312
126.413320,99.475627,40.976563,23.002604
126.542684,98.467634,40.703125,23.057292
128.275436,99.389771,40.375000,24.125000
133.807343,98.941109,40.687500,27.875000
132.813782,99.411919,38.156250,23.742188
135.109406,99.563042,39.390625,28.421875
135.974533,100.197166,37.835938,26.625000
134.525752,100.482290,39.427083,27.479167
135.503693,99.846420,39.390625,28.234375
136.853399,100.978053,37.666667,28.333333
138.612737,100.843338,36.666667,28.000000
139.360779,101.582176,40.395833,27.156250
142.591003,101.430344,37.515625,27.585938
141.886490,100.970851,38.372396,27.789062
143.960709,101.193708,36.666667,27.000000
146.939280,101.389242,36.583333,25.781250
143.940562,101.371340,38.760417,26.677083
145.576487,102.471057,35.416667,26.197917
144.788554,103.398186,39.364583,24.864583
148.096420,102.497007,38.489583,25.463542
147.671021,102.667374,38.796875,26.304688
149.151627,103.010946,42.666667,25.739583
150.074265,101.939672,43.656250,26.390625
153.358358,101.877101,42.177083,25.776042
157.683273,102.040062,38.812500,25.406250
167.816284,102.268982,28.234375,25.937500
165.400808,103.295914,31.369792,25.171875
167.714081,102.638046,31.875000,26.531250
163.668376,102.718664,37.854167,25.770833
163.806600,102.890188,37.854167,25.463542
163.915243,103.577459,37.783854,25.739583
164.048208,103.676117,39.085938,24.763021
164.993642,103.617121,38.760417,24.763021
165.607218,104.316981,39.104167,24.895833
166.673086,103.725164,38.781250,25.864583
168.321350,103.302633,38.109375,28.669271
170.389125,103.772110,37.380208,29.442708
170.820129,101.791840,37.195312,31.429688
171.975026,105.241880,36.606771,28.414063
172.124247,105.701281,37.236979,27.653646
172.281296,105.197983,37.515625,27.718750
171.294861,106.427818,39.000000,27.421875
169.630829,105.589989,40.687500,28.500000
168.678314,106.674583,42.015625,26.593750
168.773102,109.037086,41.984375,24.851562
169.222860,105.194407,42.671875,29.111979
168.630091,104.579221,42.979167,29.776042
169.929733,108.937424,41.869792,26.283854
176.485046,108.805519,35.333333,29.000000
175.120977,108.128802,36.901042,29.276042
169.593079,109.284683,41.018229,30.619792
170.104787,109.530708,40.687500,29.773438
172.641286,110.913144,38.867188,29.315104
187.757004,110.567853,23.489583,27.789063
189.465083,110.924904,21.166667,27.468750
189.665604,111.377177,21.364583,27.953125
188.995163,111.998131,22.289062,27.966146
188.619110,112.155757,21.854167,26.187500
193.266571,112.608345,17.757812,25.234375
192.999939,112.856600,17.645833,27.437500
191.666214,113.795565,19.078125,27.653646
192.703288,114.159663,17.223958,26.263021
191.629690,114.202741,18.044271,28.005208
190.331233,113.644117,19.541667,27.885417
189.105606,113.647774,20.132812,27.398438
190.029114,113.843353,19.648438,27.640625
187.106806,113.987368,23.281250,27.114583
186.321030,115.225334,24.500000,27.250000
185.781316,115.770243,25.460938,26.776042
185.169937,115.630890,25.609375,26.976562
184.085220,117.207581,25.882812,26.976562
183.653514,117.410339,27.223958,27.500000
181.777710,118.066783,29.359375,28.500000
181.688594,117.165370,29.450521,29.151042
179.071701,118.357193,32.078125,28.726562
177.726898,119.405553,32.744792,30.348958
176.538930,120.267156,34.085938,30.304688
173.684784,120.315394,36.018229,29.820312
172.692505,119.636831,36.947917,29.820313
172.043940,119.892787,37.257812,29.820312
170.736857,120.177460,37.867188,29.674479
169.407232,121.698583,39.085938,28.669271
167.473216,123.969187,40.333333,28.000000
165.897090,123.504044,41.963542,27.744792
165.790995,124.194595,42.333333,28.000000
163.259908,124.521357,44.671875,28.083333
161.192642,123.882721,46.351562,27.015625
158.935933,124.050527,46.364583,28.916667
158.630361,123.099564,45.479167,28.343750
155.751511,122.258499,44.242188,25.609375
155.892807,121.906937,44.593750,25.609375
154.078232,118.322662,44.593750,27.367188
153.120809,115.927038,43.713542,27.786458
151.228007,113.754321,44.526042,27.044271
148.884013,112.412333,46.247396,26.700521
145.873383,109.809830,48.734375,26.335938
145.706635,109.985174,49.411458,26.695313
143.366491,107.658145,50.088542,27.432292
141.364385,106.717857,51.489583,26.052083
139.541016,102.485199,50.765625,28.562500
140.345139,98.756699,50.609375,31.468750
138.589162,101.612455,49.841146,26.429688
139.173065,101.285606,48.851562,25.500000
137.176580,99.984769,44.635417,25.036458
137.423553,100.222176,44.945312,24.554688
136.485138,99.610756,44.656250,25.406250
135.411636,97.702710,46.364583,26.125000
134.424032,98.356211,48.057292,24.890625
136.879766,98.955961,43.098958,24.190104
137.773916,99.302442,42.278646,23.856771
131.049032,98.435913,47.632812,25.473958
129.524221,98.882210,47.062500,25.776042
126.363546,98.034167,46.333333,27.562500
125.744624,98.670924,47.023437,26.330729
126.120270,97.988144,40.601562,24.546875
122.646149,97.682874,27.744792,24.697917
123.160339,97.897621,26.304688,24.382812
122.441269,96.448578,25.679688,25.375000
118.788666,95.529465,42.914062,25.570312
117.301239,95.380898,44.875000,25.984375
116.244247,92.938972,46.164062,28.226562
114.117416,92.893173,47.695312,28.546875
114.562866,93.817154,47.406250,28.070312
112.854029,93.811272,47.963542,27.994792
111.139750,94.083064,47.177083,28.184896
110.536972,93.141396,48.078125,28.671875
106.227926,93.224645,49.489583,27.979167
106.744186,93.427933,46.000000,28.000000
108.467407,92.789106,40.958333,28.114583
106.736076,93.386892,40.609375,28.083333
106.557599,92.918833,38.041667,28.450521
105.172841,91.829239,39.736979,29.320312
105.016510,92.184357,39.718750,29.546875
103.299922,89.814893,41.018229,30.765625
101.386770,89.834620,41.596354,30.679688
102.107140,89.080592,38.895833,31.104167
100.568329,89.283363,37.617188,31.906250
100.330002,88.802612,37.750000,31.515625
98.876279,88.948143,35.395833,31.427083
97.890495,88.155083,35.179688,29.645833
96.720863,86.480415,36.312500,29.750000
96.878365,87.744133,36.234375,28.867188
96.074928,86.649933,35.914062,28.546875
95.786560,85.572952,37.093750,30.203125
94.317701,84.882304,37.333333,30.666667
94.632858,83.690857,36.406250,31.593750
94.439972,83.495255,36.609375,31.570312
92.803775,82.573006,36.885417,32.484375
92.310806,83.245605,36.406250,32.281250
90.698418,82.897217,35.265625,31.234375
91.319702,82.259666,32.333333,29.000000
91.658991,82.169037,31.817708,29.276042
90.549680,81.746925,29.510417,30.130208
90.749870,81.495964,27.125000,30.093750
90.397209,81.047356,26.148438,29.906250
88.836489,80.287112,26.635417,30.536458
88.743858,81.152443,26.375000,30.750000
87.401855,79.376264,26.895833,32.192708
86.139153,78.378029,28.187500,33.625000
85.435310,78.418610,27.468750,32.510417
84.451770,79.015872,28.041667,32.036458
84.967094,78.826393,25.984375,30.859375
83.262039,78.007942,27.015625,30.195312
82.735491,76.559746,25.695312,30.236979
82.199117,76.621699,25.520833,28.585938
81.146220,75.461967,26.395833,29.156250
80.612778,75.496933,26.429688,29.437500
80.172582,75.579290,26.458333,28.895833
79.528643,74.455144,27.000000,28.625000
79.056122,73.571920,27.541667,30.520833
77.829781,72.993998,28.250000,29.953125
76.624087,72.678563,28.213542,30.218750
77.081169,72.889961,28.609375,30.390625
75.938278,72.637688,28.015625,29.203125
75.239624,71.937180,28.015625,29.500000
75.525525,71.669515,25.791667,29.291667
75.363541,70.749797,23.992188,29.953125
75.367630,71.359169,23.968750,29.710938
74.882843,69.813736,23.148438,30.531250
74.952723,69.229739,21.854167,31.062500
74.780645,68.564056,20.312500,30.505208
74.540532,68.574969,19.119792,29.838542
74.368790,68.235039,19.500000,30.500000
74.323598,66.237979,19.885417,30.348958
74.093145,67.485090,20.651042,30.093750
74.686971,66.602137,19.489583,28.864583
74.328664,66.644704,19.307292,27.223958
74.163483,66.473902,18.489583,25.197917
74.978584,65.943779,18.445312,25.468750
74.111038,65.255135,18.218750,26.375000
74.761658,64.528191,16.937500,26.013021
74.721260,63.897690,17.187500,27.687500
73.081543,63.506401,17.992188,27.507812
74.063845,64.351537,17.455729,26.726562
73.106377,63.266083,16.859375,27.734375
73.085444,63.113589,18.020833,27.203125
72.674029,63.056824,18.187500,26.666667
71.882225,60.846662,17.796875,26.755208
71.739632,62.190269,19.125000,24.335938
71.165983,62.412214,18.244792,24.291667
71.833351,59.896980,18.281250,25.718750
70.679192,58.862053,19.578125,26.375000
70.330261,58.537285,20.921875,26.546875
70.333847,59.009361,21.343750,26.429688
71.133713,57.961685,18.679688,27.882812
71.303711,57.229462,17.406250,27.953125
71.507233,56.532529,17.041667,27.812500
72.608706,57.160182,15.109375,27.651042
72.569659,56.891017,14.880208,27.479167
72.455635,56.376549,14.921875,26.312500
71.607887,56.333173,14.958333,25.791667
71.734011,55.848902,15.606771,25.276042
72.551796,56.475863,14.989583,24.247396
71.591672,56.197403,15.236979,24.260417
71.508339,54.537646,15.036458,25.664063
71.922056,53.573232,14.989583,26.921875
71.665367,55.730682,14.289062,25.468750
70.799995,53.384237,15.036458,25.263021
70.077372,54.565900,15.638021,23.458333
69.852946,54.925718,15.638021,23.458333
68.557426,54.077460,17.242188,23.458333
67.758278,53.657471,18.296875,23.148438
68.168292,52.589222,17.859375,23.911458
67.862002,51.680091,18.296875,24.276042
68.263344,50.481731,18.085938,24.414062
68.060219,49.254964,17.643229,25.856771
68.826294,51.528838,16.994792,23.479167
68.524323,49.181067,16.841146,24.658854
68.679932,51.148663,17.442708,23.635417
68.748645,50.581093,17.252604,23.630208
69.775042,50.940234,16.429688,23.013021
69.888649,47.928093,15.218750,24.156250
70.499481,49.150800,15.250000,22.770833
69.875038,48.765022,15.062500,22.289062
69.801913,48.946931,14.877604,21.911458
69.688576,48.020256,15.250000,21.812500
69.589617,45.868360,16.018229,23.622396
67.783251,46.563320,16.440104,23.257812
68.302783,44.866759,16.018229,24.041667
68.758789,46.106148,15.828125,23.343750
67.000343,45.757849,16.833333,22.968750
65.832100,45.716466,17.843750,23.057292
65.788666,44.759167,17.875000,22.937500
64.469368,45.412449,18.507812,21.882812
64.701920,44.205654,17.875000,21.460938
63.394547,45.106926,18.075521,20.544271
63.739792,44.587200,18.062500,20.500000
63.373189,44.436740,18.244792,21.252604
63.074140,43.855361,16.635417,21.367188
62.875407,43.929825,16.437500,21.781250
63.302246,43.099771,16.833333,22.177083
63.090637,42.989304,16.843750,22.531250
61.987808,42.101299,17.453125,22.734375
61.896332,42.304267,18.692708,21.984375
59.779633,42.252659,20.195312,21.671875
59.201411,41.749645,20.020833,20.453125
59.066246,42.025414,20.195312,20.406250
58.557203,41.548776,21.072917,20.645833
58.521545,41.001358,20.468750,20.250000
55.651047,39.874152,23.208333,20.859375
54.993286,40.776784,22.947917,19.812500
54.113118,39.944242,23.395833,20.484375
53.080770,39.333004,25.062500,21.166667
52.708374,40.082928,25.843750,19.750000
49.869334,40.690333,28.015625,19.247396
49.520205,39.730086,27.067708,19.010417
48.262302,39.957005,28.656250,18.812500
48.634262,39.988455,28.252604,18.773438
46.912932,39.421398,26.119792,18.773438
46.779373,39.149147,24.562500,19.351562
44.986070,40.109879,25.859375,18.468750
43.524063,39.631020,26.666667,18.187500
43.051634,39.623243,26.979167,18.468750
40.993019,39.863791,29.044271,17.919271
41.110451,40.339676,27.953125,17.875000
38.220163,39.498674,29.507812,18.382812
39.214966,39.127338,28.125000,18.437500
34.642036,38.774044,30.859375,18.299479
34.793635,39.396987,30.864583,18.380208
34.167118,39.324874,30.619792,18.135417
35.051053,39.934812,29.151042,18.135417
34.433716,39.780983,29.437500,17.825521
33.686194,39.288344,29.750000,19.208333
32.319125,40.192701,30.864583,19.359375
32.848522,40.011475,30.000000,19.000000
32.223352,40.205170,30.130208,18.380208
31.977587,40.385731,29.640625,19.848958
30.777945,42.084362,30.687500,19.059896
29.786547,41.376816,30.130208,20.828125
29.554780,42.161100,30.604167,20.140625
28.283852,42.602497,30.049479,20.197917
28.550182,41.693662,28.460938,20.544271
29.286661,42.159411,28.171875,21.072917
28.164047,42.206351,27.437500,20.828125
28.454099,41.804152,26.947917,20.583333
29.093194,41.606841,25.408854,21.617188
29.448734,43.303225,25.567708,21.164063
27.828176,44.275084,26.494792,20.932292
27.412304,43.875542,25.468750,21.164062
28.032136,44.355278,25.348958,21.143229
27.364869,44.239919,24.963542,22.276042
28.495604,44.695030,22.250000,21.585938
28.417697,44.629241,21.500000,22.781250
28.485350,44.956950,19.804688,22.614583
28.481750,45.798786,19.351562,21.671875
28.704061,44.780661,17.875000,22.458333
28.384230,46.520369,17.250000,21.208333
28.824614,47.536271,16.841146,20.250000
27.476845,45.133733,17.348958,22.481771
27.581964,44.958085,17.427083,22.770833
27.750351,48.350254,17.453125,22.531250
27.525472,48.147278,17.442708,23.859375
27.787242,48.009907,16.625000,24.125000
27.306310,49.330659,17.875000,23.291667
27.468567,50.161400,17.031250,22.726562
27.805115,49.288738,16.640625,23.140625
27.950954,50.243385,16.437500,23.140625
27.988949,50.101505,16.031250,23.140625
27.582771,50.947811,15.218750,22.531250
26.025857,51.382600,17.572917,22.197917
26.906631,52.194135,16.440104,21.854167
27.029586,52.623947,16.239583,20.989583
26.983250,53.542511,15.453125,23.161458
26.477737,53.438965,15.257812,21.507812
27.845924,53.590389,13.937500,20.687500
26.899849,53.510220,14.476562,20.945312
26.702899,54.507103,15.401042,22.328125
26.307739,53.051521,14.687500,24.192708
25.368258,54.958903,16.437500,22.572917
25.593999,55.135523,15.250000,23.760417
26.180604,54.858920,15.250000,23.760417
22.808876,56.035604,18.812500,21.781250
24.218904,57.580332,18.500000,19.958333
21.529349,57.913480,22.255208,21.854167
23.743317,56.991379,20.195312,21.882812
23.090683,57.196808,20.687500,21.781250
22.761070,58.588214,21.364583,23.356771
23.947487,58.322978,20.700521,24.408854
23.739897,58.518990,21.164062,23.945312
23.451263,58.834610,20.708333,23.687500
24.013546,58.916107,21.843750,23.882812
23.492004,60.767647,22.796875,22.796875
25.108878,61.297025,21.627604,22.786458
30.364994,61.704247,17.085938,22.976562
30.355028,61.513377,16.994792,22.830729
29.445302,63.294151,17.869792,21.161458
32.113677,63.464989,16.437500,22.968750
30.840177,63.960444,17.843750,24.260417
30.789961,64.092433,18.898438,24.658854
31.030629,63.718618,19.156250,24.776042
31.206137,64.489596,19.588542,24.515625
31.894004,64.331108,18.486979,24.020833
32.058521,64.999245,18.718750,23.531250
31.511646,65.546120,19.593750,23.531250
32.282800,66.257357,19.364583,23.395833
33.633971,66.753454,19.593750,21.585938
34.068868,66.384491,19.372396,22.182292
32.844177,65.812988,23.570312,25.468750
34.262371,66.637751,22.692708,26.898438
33.544004,67.111216,24.408854,26.031250
35.689471,67.747452,22.786458,25.479167
36.007629,67.278831,22.554688,25.945312
35.938683,68.047546,23.039062,25.703125
37.848221,68.811389,22.276042,26.729167
38.040154,68.539823,22.091146,26.830729
38.085576,68.791901,22.802083,25.916667
38.474096,70.495753,22.802083,24.460938
38.077522,71.327446,24.203125,24.671875
39.332790,71.863968,24.239583,26.635417
39.531611,72.003237,24.239583,26.765625
39.482521,72.167697,25.739583,27.822917
40.603546,71.573486,25.408854,28.895833
40.910923,72.566663,25.520833,29.143229
41.282824,72.994464,26.078125,28.307292
41.775204,73.353485,25.968750,28.093750
42.246882,73.847338,25.375000,27.541667
42.867767,74.555695,26.007812,27.296875
43.592406,74.538198,25.755208,27.031250
44.405270,75.359787,25.492188,26.781250
44.090294,74.886513,26.007812,26.781250
44.653647,76.053134,27.041667,25.739583
44.797068,75.776131,29.406250,26.250000
45.799857,75.936602,29.984375,27.500000
46.194569,75.162567,29.906250,28.750000
47.202463,76.508904,29.838542,28.072917
48.313999,74.839485,28.312500,30.390625
50.454728,76.856285,26.505208,28.656250
51.995555,78.222076,26.666667,26.958333
52.240242,78.049723,25.567708,26.671875
52.697983,78.853661,27.286458,25.140625
54.791061,79.762741,25.882812,24.242188
55.562139,79.427668,26.520833,24.437500
55.572556,79.822670,26.234375,24.375000
55.087379,80.359322,27.828125,25.437500
56.255862,81.573148,28.354167,25.645833
56.110301,81.845551,29.708333,28.328125
56.340736,81.626083,29.906250,28.460938
57.048088,82.295593,30.390625,28.906250
58.182317,81.669846,30.348958,28.851562
57.831268,81.911819,30.458333,28.708333
59.232783,82.914658,29.953125,28.533854
58.729889,83.167328,30.195312,27.882812
59.533997,83.149536,30.195312,27.882812
58.266398,84.354479,32.507812,27.114583
59.531471,84.413269,32.218750,26.148438
60.387085,84.765208,33.643229,26.830729
60.731117,85.012314,33.075521,26.307292
61.965762,85.265605,34.833333,27.541667
62.826141,85.427638,36.338542,30.648438
65.099958,86.009059,34.085938,30.934896
67.604713,85.450890,31.843750,28.890625
68.921234,85.727104,31.000000,28.812500
70.185684,86.082657,31.468750,28.726562
69.345024,87.262708,31.679688,28.270833
72.882034,86.489426,30.250000,28.117188
72.822563,87.693558,32.171875,27.421875
74.336304,88.806900,32.078125,27.507812
74.414513,89.761765,31.989583,26.721354
74.812973,90.414528,33.601562,28.117188
75.774101,90.357765,34.437500,28.500000
77.537097,90.871246,34.468750,26.721354
78.348361,90.818128,35.661458,29.674479
78.263102,90.649793,36.901042,29.911458
79.425896,91.420657,36.481771,29.320312
78.626528,92.119898,37.812500,29.416667
78.825256,91.944173,38.807292,29.200521
79.698204,93.347046,40.398438,27.906250
79.550331,92.706429,40.398438,27.906250
80.055359,94.422958,40.718750,26.625000
80.747065,93.964333,42.333333,24.572917
81.418617,93.708099,43.281250,25.664062
81.907176,94.411194,42.666667,25.666667
83.374400,93.916300,45.666667,28.000000
84.887487,94.311821,46.031250,26.927083
89.267115,94.496541,42.666667,27.666667
89.565033,94.690041,42.250000,27.468750
93.950119,94.315018,38.125000,27.468750
95.785873,95.181381,38.960938,27.203125
96.401817,95.253944,39.632812,26.531250
97.544586,95.447014,40.703125,27.250000
96.580650,97.117424,43.281250,28.156250
97.007103,96.943387,43.351562,27.062500
97.231850,96.677750,46.281250,29.390625
98.237770,97.796410,44.500000,28.375000
99.793935,98.450055,45.687500,27.440104
103.189768,97.825760,44.020833,28.343750
103.496246,98.101921,44.125000,27.953125
106.614296,98.585200,43.656250,27.979167
108.466904,98.256790,43.187500,28.421875
108.868805,98.765335,44.484375,27.234375
109.455556,98.774358,45.953125,26.687500
108.688319,98.765228,45.979167,26.854167
109.809799,99.308105,46.281250,26.875000
110.026937,99.767057,47.736979,26.330729
112.226639,100.432320,49.156250,25.078125
111.953873,100.350431,49.854167,25.427083
113.366348,99.636139,49.468750,26.335938
116.424759,99.995430,50.500000,26.125000
118.040207,99.787056,50.125000,25.375000
118.679942,100.528651,49.812500,25.036458
121.283361,99.406517,49.072917,26.885417
125.675110,99.192940,45.625000,25.375000
126.741328,98.536690,45.953125,26.687500
127.792928,99.896319,45.479167,26.156250
127.227936,99.297585,45.203125,26.515625
127.875270,100.359851,45.885417,26.338542
129.029663,99.539146,45.562500,26.875000
130.718445,99.240265,47.695312,26.700521
133.651693,100.353063,48.031250,26.156250
133.269231,100.131462,46.609375,25.614583
138.283401,99.887263,42.742188,25.617188
140.918137,100.256294,42.250000,25.406250
143.464722,98.858236,40.666667,26.666667
142.606644,99.241798,42.333333,27.000000
143.136602,99.109472,41.286458,26.729167
144.560028,98.202332,43.664062,27.875000
145.250427,98.124695,44.208333,27.562500
145.148651,98.375908,44.593750,27.367188
148.433929,96.943619,45.648438,28.421875
150.044266,96.574821,44.635417,28.734375
150.133214,96.960154,44.799479,28.510417
154.438360,97.157031,40.093750,28.148438
158.228683,96.032593,40.531250,28.500000
159.004705,95.956006,40.083333,29.963542
159.069539,94.784927,40.958333,28.471354
159.537750,94.557365,41.218750,29.531250
160.391449,93.512909,40.726562,27.367188
160.615463,92.778442,41.906250,28.500000
161.720357,92.483121,42.791667,30.041667
163.953796,92.494316,40.312500,28.270833
163.817566,92.229530,40.484375,28.361979
165.198669,92.791458,40.187500,28.500000
167.518631,92.437383,37.843750,29.656250
168.172506,92.890579,37.783854,27.692708
169.862198,91.917791,36.583333,27.687500
168.879639,92.330734,37.875000,27.734375
172.037008,91.538442,34.583333,29.093750
180.929123,90.111488,25.890625,29.270833
181.507100,89.798574,25.791667,29.875000
181.951976,88.042035,25.520833,31.651042
182.544423,87.437874,24.843750,32.507812
182.034978,87.115143,24.843750,32.507812
181.720545,86.898575,24.843750,31.656250
186.475250,87.967608,19.947917,29.979167
186.452393,86.299568,19.593750,28.625000
188.019287,86.552335,18.682292,28.533854
188.044734,86.284523,17.770833,28.552083
189.242762,86.471779,17.825521,28.726562
189.595968,85.330625,18.062500,28.963542
189.680364,84.237719,17.531250,29.750000
189.778600,84.597239,18.489583,29.750000
188.723378,83.945264,18.380208,30.375000
188.912923,83.108912,18.625000,29.885417
188.736176,83.675125,18.625000,28.661458
188.815440,83.176529,18.773438,30.385417
188.247996,81.987625,20.049479,28.955729
181.794312,81.913628,25.945312,27.882812
182.674143,81.732872,24.989583,27.031250
178.072637,81.893631,29.164062,27.286458
185.534897,80.126053,21.812500,28.562500
177.695251,79.792473,29.968750,29.164062
175.998169,79.644768,30.531250,29.125000
177.048996,78.957832,28.843750,29.406250
171.379639,79.845932,34.820312,29.039062
173.172699,79.739250,32.382812,29.031250
169.929387,78.459320,36.039062,26.455729
170.096542,80.001813,35.398438,24.861979
169.426544,78.528549,33.601562,23.851562
168.960592,77.470670,31.916667,24.916667
166.394135,79.842857,33.085938,23.546875
162.246246,76.548393,36.265625,26.437500
162.698201,75.679593,35.739583,27.281250
164.770859,75.596916,31.817708,27.052083
161.632675,75.925123,35.109375,26.812500
160.814407,75.713908,34.994792,27.052083
155.881973,74.192139,38.156250,27.585938
155.010300,75.275337,37.617188,26.531250
153.568965,75.685529,38.372396,26.796875
150.840729,75.698822,36.273438,25.859375
152.107346,73.471367,32.710938,27.265625
152.734436,73.987907,32.687500,27.507812
150.677597,73.196075,34.242188,28.851562
150.916962,72.347921,34.401042,28.729167
150.961258,72.925728,33.351562,28.546875
146.905273,73.152588,36.343750,29.031250
144.302912,73.188380,38.812500,28.414062
142.300715,73.640091,40.356771,28.119792
141.825068,73.866633,40.572917,27.950521
138.960693,73.511154,40.640625,28.210938
138.127569,73.354757,37.562500,28.083333
138.039205,72.623159,37.783854,21.507812
137.864039,73.922963,34.158854,21.143229
136.865234,72.952993,34.252604,22.187500
137.875656,72.967316,34.187500,21.812500
132.931208,71.533948,36.609375,21.703125
130.458145,71.586670,38.000000,23.835938
129.612015,71.064552,37.812500,24.156250
128.157028,71.247475,37.257812,22.632812
127.189967,70.257929,38.078125,23.658854
127.840591,70.253304,37.236979,23.161458
126.346390,69.473473,33.953125,22.671875
124.658188,69.109085,32.507812,22.968750
124.378698,69.740725,33.359375,22.005208
123.333745,69.121666,33.927083,22.572917
123.426193,69.602905,33.664062,22.679688
122.143005,69.489624,33.953125,22.679688
125.495153,68.101184,30.791667,24.776042
119.848862,68.116905,36.554688,23.546875
116.771861,68.219663,37.552083,23.052083
116.724482,68.737485,35.140625,21.664062
116.189611,67.843707,32.791667,22.289062
113.965658,67.242706,34.041667,20.229167
113.474314,67.592489,31.333333,20.229167
111.064056,67.413559,30.906250,19.304688
110.305893,66.394897,31.500000,22.250000
110.719193,66.296628,31.208333,22.354167
108.753560,66.808820,32.382813,22.726562
107.626747,63.818555,31.333333,25.375000
106.670062,64.107788,31.372396,24.843750
106.400620,64.784439,31.656250,24.906250
106.723452,64.347186,31.364583,24.203125
105.490573,63.906517,31.364583,24.739583
104.308975,63.760625,29.166667,24.020833
104.385101,64.043088,29.669271,24.408854
103.805064,64.136429,28.604167,24.177083
102.836273,62.226654,29.953125,22.515625
100.831930,61.771439,28.864583,23.656250
99.988833,61.621290,29.979167,23.750000
98.845408,61.452212,30.791667,24.833333
99.060509,61.687653,30.812500,24.625000
97.551509,60.598862,32.223958,25.979167
96.479004,59.991872,32.500000,24.916667
95.207199,60.522507,33.085938,23.546875
93.294952,60.683072,32.791667,22.289062
93.138840,60.500229,32.781250,21.812500
91.823771,60.787984,31.929688,21.341146
92.050735,59.639870,28.895833,22.666667
92.926598,60.141029,25.703125,21.453125
91.368467,59.012413,24.492188,23.229167
91.050229,58.530515,24.007812,23.513021
90.446777,58.572975,24.492188,23.523438
88.285446,56.268333,26.234375,25.986979
88.497803,56.681389,26.523438,25.492188
87.290024,56.531883,25.968750,24.906250
86.877838,55.108213,26.520833,25.739583
85.080154,55.284546,25.234375,26.007812
84.368439,55.415990,25.460938,25.723958
84.656151,55.521444,25.460938,25.723958
85.986755,55.185468,23.093750,22.567708
83.364273,54.888680,25.250000,23.500000
80.814346,54.609024,27.250000,22.750000
81.991145,52.971021,26.520833,23.916667
81.597895,52.837682,26.776042,23.968750
81.509117,52.335152,27.039062,24.718750
80.027054,52.834980,26.765625,24.109375
79.550954,51.991552,26.520833,23.656250
78.236483,52.078353,27.031250,23.458333
77.377792,51.567572,27.041667,24.437500
77.875908,51.742947,26.500000,23.843750
77.298968,51.926506,24.671875,22.567708
76.838188,51.458214,23.500000,22.750000
74.915359,50.621895,22.796875,23.281250
75.928174,50.479893,22.083333,23.520833
75.355990,50.400965,21.604167,24.000000
75.149488,50.059031,21.627604,23.713542
75.530495,49.123203,20.218750,24.437500
73.450068,48.575956,22.322917,24.177083
74.383690,49.285259,21.143229,23.986979
74.119001,49.025040,20.479167,24.145833
73.478411,48.312743,22.322917,24.640625
73.477872,48.727180,19.721354,23.039062
72.935880,46.524721,20.484375,23.843750
70.669345,47.037931,22.500000,22.723958
72.490466,46.162563,21.395833,22.770833
71.228925,46.508966,21.828125,23.171875
69.863892,45.374329,23.203125,23.429688
68.608205,45.145172,23.945312,23.250000
67.562230,45.804723,24.000000,22.562500
67.953880,45.260826,23.523438,22.554688
66.053118,45.131015,25.171875,22.565104
65.275665,45.197754,24.976562,22.312500
64.324516,45.653708,24.239583,20.645833
63.699257,44.785296,22.786458,21.164062
64.214668,44.795139,22.296875,21.390625
62.717926,45.088253,22.523438,20.710938
63.852979,43.839999,20.036458,21.143229
61.203768,43.619509,22.182292,21.533854
62.009583,43.322989,21.380208,21.604167
60.023458,43.659416,22.723958,21.604167
61.316208,42.894808,21.166667,21.854167
58.286840,41.873650,24.067708,22.947917
57.651985,41.275696,24.203125,22.796875
58.456599,41.787252,22.786458,21.859375
56.390818,41.031198,23.619792,20.932292
57.333326,41.673796,23.481771,20.932292
55.156598,41.375646,23.945312,20.700521
54.632790,40.157430,24.375000,21.166667
54.947014,39.894657,24.671875,21.156250
54.730845,39.878286,24.460938,20.906250
55.079160,40.022195,24.460937,20.906250
53.617742,39.975889,25.882812,20.432292
50.350399,40.513824,27.778646,19.484375
49.144824,39.525839,28.726562,20.669271
48.204292,39.402889,27.882812,19.164062
49.139889,40.167797,27.541667,18.773438
48.467485,39.736907,27.885417,18.614583
46.811417,40.202869,27.015625,18.812500
47.845436,40.153651,23.945312,19.078125
47.790058,40.455898,23.312500,18.718750
46.100394,40.235774,24.776042,19.156250
45.292688,39.692575,24.067708,19.140625
45.031615,39.928221,23.843750,19.140625
42.828351,40.118973,25.635417,18.916667
45.636336,40.389973,23.458333,18.645833
41.278790,39.700237,25.937500,18.500000
40.920172,38.399445,24.739583,18.916667
38.646161,38.716775,26.677083,18.486979
36.011765,38.543546,29.044271,18.382812
36.614389,38.069880,28.312500,18.489583
36.537181,38.120950,27.778646,18.536458
35.083637,38.594908,29.911458,18.536458
33.791663,38.618654,30.934896,18.317708
37.514427,37.859070,26.500000,18.500000
33.898048,38.198046,30.148438,18.536458
31.262403,38.971283,31.109375,17.156250
29.471059,37.767114,32.385417,18.250000
28.371566,37.664783,31.059896,17.924479
28.107371,38.045921,29.989583,17.770833
27.920371,37.316134,30.622396,18.299479
26.840823,37.762075,30.192708,18.070312
27.089074,37.729521,29.395833,18.380208
27.254955,37.458687,24.492188,18.679688
27.192008,37.572252,24.408854,18.846354
26.629025,37.902691,24.187500,18.937500
26.726959,37.161172,24.906250,19.593750
25.829391,36.954159,24.562500,19.578125
26.227131,36.551666,23.429688,20.257812
26.248310,34.526852,23.000000,22.312500
26.369492,34.535667,23.031250,22.328125
26.462479,33.455444,21.625000,23.500000
25.793102,33.449871,21.859375,23.734375
26.497719,35.093372,22.296875,22.750000
27.262337,36.520624,21.627604,22.322917
27.991458,36.862634,18.044271,23.799479
28.187794,36.522413,18.723958,23.046875
27.941863,37.092697,20.020833,23.263021
27.519501,39.105232,19.804688,21.164062
28.099431,41.005475,20.005208,20.645833
28.353911,41.863654,17.442708,19.364583
28.584293,41.448730,16.640625,21.921875
28.217061,41.680327,16.833333,21.583333
28.051308,43.185555,16.833333,20.593750
28.060352,43.811695,17.015625,21.312500
27.877345,44.077474,16.802083,21.812500
27.748877,43.226678,16.440104,22.656250
28.370454,43.517222,16.041667,22.968750
28.236883,44.092768,15.843750,22.375000
27.850798,44.475905,15.645833,21.979167
28.092314,45.972043,16.588542,20.580729
28.788395,45.783206,15.765625,20.869792
28.034420,47.369740,15.015625,20.945312
27.450771,48.351287,15.421875,20.044271
29.057185,48.282593,15.583333,20.687500
29.610489,48.678613,13.760417,22.328125
29.859386,47.740325,13.578125,23.604167
28.708755,47.859295,14.875000,23.312500
30.504449,47.997983,12.947917,23.932292
29.687881,49.530722,14.127604,23.372396
29.845673,49.394797,13.356771,22.861979
29.326014,49.751146,14.125000,23.057292
29.572182,51.707085,13.750000,22.187500
29.634154,52.399531,13.213542,21.963542
30.968571,53.014217,12.859375,21.125000
30.505760,52.950382,12.687500,20.765625
29.112055,53.060102,14.710937,22.666667
28.799622,52.401251,14.989583,23.489583
30.617906,53.302219,12.648438,24.296875
30.505117,53.653136,13.213542,23.968750
29.839193,54.620883,13.203125,23.372396
29.431480,54.380196,15.036458,23.604167
29.925327,55.953354,14.875000,22.000000
29.856786,56.123517,16.208333,22.291667
30.373016,56.341995,16.375000,22.000000
29.819954,56.302437,16.562500,22.187500
31.435608,56.495964,14.877604,24.002604
31.117118,56.609891,15.645833,25.343750
30.756177,56.593460,16.018229,24.247396
31.329502,56.950689,15.812500,24.453125
31.491795,57.616325,15.218750,23.750000
32.919735,58.564209,14.835938,23.658854
32.159218,58.906258,14.867188,22.679688
33.441634,60.443054,14.296875,21.427083
33.311056,61.593717,14.497396,20.783854
33.585768,61.887698,14.307292,20.687500
34.000771,63.190010,13.757812,20.585938
33.235945,63.187108,14.104167,20.656250
33.722832,63.000496,14.296875,23.820312
32.932041,63.287376,14.875000,24.625000
32.688592,63.574361,15.052083,25.541667
32.380386,64.155754,15.625000,23.953125
33.408006,65.584096,15.638021,23.257812
33.379951,64.748385,16.041667,23.364583
33.867336,66.198708,15.648438,23.851562
34.418118,66.282051,15.453125,25.218750
35.538364,66.722298,15.250000,26.135417
35.967274,67.025897,15.236979,27.067708
36.404621,67.261421,15.765625,28.843750
35.937088,66.822617,16.093750,28.781250
35.671520,68.437920,17.348958,28.770833
37.095570,69.086288,16.179688,28.414062
36.453490,70.791773,16.677083,26.083333
37.303786,71.057604,15.265625,26.289062
37.558144,70.729314,15.375000,26.208333
37.822236,71.222122,15.583333,25.166667
37.100529,72.728719,14.989583,26.304688
36.855947,72.621717,15.812500,24.247396
36.762678,72.250565,16.039062,24.460938
37.598101,73.805552,15.036458,30.276042
37.894222,73.482254,15.554688,29.054688
37.385668,73.558604,15.520833,30.895833
38.295431,74.342440,15.109375,31.010417
37.583347,76.021484,15.437500,29.437500
36.953506,76.336454,15.609375,30.218750
37.302769,78.082169,16.406250,27.507812
36.973334,78.736109,17.643229,28.450521
38.433441,79.279368,18.020833,27.203125
38.949088,80.625000,17.348958,27.651042
39.295910,80.206879,17.348958,29.218750
39.243716,80.866694,17.919271,29.044271
39.152217,81.062098,17.351562,30.385417
40.161925,81.979251,16.640625,29.200521
40.280380,82.195310,17.500000,29.645833
40.269661,83.195786,17.406250,28.656250
40.777154,82.886607,17.270833,28.500000
41.067089,83.047145,16.812500,28.270833
41.192627,83.941017,16.859375,28.414062
41.463327,86.710213,16.901042,26.083333
41.514980,86.401482,16.968750,25.937500
41.363144,87.209190,17.625000,28.125000
40.797855,87.272888,17.843750,32.281250
41.191500,88.416346,18.846354,33.447917
40.992607,88.132782,18.921875,33.937500
41.037267,87.991483,18.812500,33.656250
41.079967,89.664889,19.604167,32.578125
40.790526,90.339638,19.359375,32.822917
41.931755,92.127853,19.000000,32.500000
42.072835,92.121330,19.554687,29.450521
42.982559,92.597842,19.721354,28.015625
43.873658,92.330065,19.721354,29.200521
44.055317,94.676582,20.132812,30.304688
44.843285,95.308990,19.406250,32.000000
44.876350,95.927689,21.750000,33.750000
46.509783,95.206197,20.989583,33.088542
46.030950,95.340230,20.703125,34.596354
46.657389,96.331337,21.312500,33.552083
47.793987,97.407127,20.078125,32.195312
48.819243,98.226067,19.489583,30.947917
49.120103,100.574562,19.307292,28.955729
48.243604,101.151670,21.562500,30.864583
48.321267,101.373650,21.966146,28.533854
48.618159,102.363627,22.276042,30.687500
47.999140,102.185483,23.018229,36.130208
49.187232,103.506978,23.135417,36.677083
49.426105,103.765785,23.968750,36.546875
48.717293,103.943909,24.062500,36.718750
49.938043,104.897278,23.424479,36.765625
50.524873,106.500951,23.708333,35.630208
51.024050,107.253639,23.992188,34.778646
50.644531,107.368385,24.414062,34.242188
51.194316,108.596291,24.203125,32.796875
50.657094,108.286245,27.000000,32.958333
52.328552,110.219393,27.067708,31.937500
51.472216,111.908241,29.291667,36.000000
53.758919,115.934692,26.898438,31.773438
57.188110,114.806880,23.458333,33.083333
57.442945,112.662247,23.911458,36.885417
56.046997,113.378906,25.187500,35.593750
57.003098,113.371735,25.937500,36.328125
58.002131,114.751068,25.276042,34.187500
57.582321,115.026733,25.791667,33.375000
59.184685,115.321314,25.130208,34.841146
59.930003,117.398087,24.916667,32.500000
59.357071,118.384786,26.208333,36.807292
58.591077,117.619080,26.375000,37.854167
60.776210,119.893738,26.734375,36.265625
61.752640,119.826813,26.625000,39.750000
60.378962,121.014206,28.414062,37.236979
62.391246,120.601334,27.052083,38.171875
61.600507,121.464218,27.468750,39.127604
61.736715,122.322601,27.802083,37.812500
63.622147,121.896362,26.945312,38.476562
63.495364,122.037938,27.783854,38.182292
65.300275,127.580434,28.098958,34.716146
64.667142,128.003016,28.125000,34.260417
64.948677,127.524414,29.187500,35.914062
65.300463,128.338984,30.750000,40.356771
65.687279,130.141810,32.575521,42.015625
66.442141,129.604289,32.385417,42.278646
69.872452,129.965103,29.390625,41.609375
70.872800,130.070730,28.567708,42.526042
70.525798,130.312002,29.541667,42.742188
71.540184,130.907247,27.614583,42.197917
72.866745,133.909058,27.015625,39.671875
72.877764,138.540950,28.760417,36.546875
73.786219,137.653224,27.744792,36.546875
72.623995,137.785126,30.333333,37.333333
74.734863,139.514572,29.875000,40.187500
74.733032,140.598445,31.361979,42.278646
77.155617,140.738892,30.179688,38.617188
76.678436,141.385681,30.906250,37.437500
76.399017,141.312515,32.281250,47.750000
76.782399,144.148560,33.216146,41.541667
78.144101,144.352107,32.341146,41.403646
79.344920,145.160258,32.653646,40.846354
79.379400,147.855835,33.940104,39.369792
80.013799,147.710836,33.937500,39.250000
80.347066,147.171122,35.963542,40.244792
80.651077,148.151093,40.289062,42.859375
82.758575,148.601863,41.026042,41.781250
83.148247,149.416611,41.875000,43.750000
83.323875,149.218094,42.250000,44.500000
88.714973,150.935084,37.812500,46.916667
88.902112,151.981878,38.031250,44.203125
89.304504,150.951126,38.265625,44.476562
92.264119,152.763957,37.250000,44.750000
94.259514,154.759959,37.080729,43.023438
94.725067,157.777954,38.265625,41.578125
97.272196,158.959112,39.333333,43.083333
96.962631,159.051880,39.390625,42.765625
96.988571,160.659271,41.078125,45.718750
99.017189,162.265762,41.820312,48.265625
101.192467,163.242488,41.312500,50.718750
100.849083,163.539551,43.140625,49.484375
101.097956,163.124095,43.419271,49.013021
102.578852,165.169495,44.359375,49.177083
102.470362,165.852331,45.458333,50.041667
102.783867,168.425858,46.765625,45.859375
103.003159,170.910904,49.859375,45.710938
103.830388,172.032171,51.611979,45.450521
104.493622,173.399338,53.101562,47.312500
103.826065,173.058777,54.007812,48.476562
109.756821,173.564484,53.546875,54.007812
109.249008,173.834015,53.968750,49.281250
109.202627,173.765767,54.557292,49.343750
116.596100,174.633219,48.869792,55.031250
118.004883,176.773773,49.921875,52.343750
122.709737,177.470627,48.000000,54.854167
127.247223,178.694565,46.145833,53.841146
126.824331,180.068064,49.247396,52.231771
127.350825,180.335454,48.747396,52.768229
128.407272,182.553467,50.218750,50.710938
130.710419,184.492950,51.500000,48.500000
133.116852,184.879837,53.171875,48.250000
129.744812,184.332138,55.656250,49.468750
135.507441,186.370738,53.317708,47.445312
136.097137,185.967941,55.335938,47.210938
138.474243,187.653509,57.901042,46.026042
139.579941,188.631378,59.559896,45.049479
139.995514,188.944397,60.296875,44.664062
139.481735,190.591975,62.750000,43.250000
139.467163,191.975835,65.458333,41.625000
140.641581,193.472453,67.945312,40.187500
140.361954,192.677872,68.812500,40.375000
139.791224,194.469401,73.531250,39.463542
142.513168,194.988800,74.687500,39.250000
145.470795,194.955383,75.250000,38.687500
152.676315,195.988525,71.546875,37.953125
158.674510,196.818390,66.000000,36.750000
155.545085,196.537582,68.718750,36.911458
171.310806,198.027649,53.859375,36.757812
