196.000000,86.000000,38.000000,18.000000
193.019257,87.796875,41.195312,20.960938
192.228043,87.089991,41.963542,20.192708
193.494049,87.116997,40.875000,20.937500
193.177643,86.358612,39.968750,22.750000
194.737788,87.819870,38.434896,20.166667
197.141556,85.726710,37.458333,22.000000
195.122615,83.033346,40.531250,23.760417
197.133423,85.935181,38.187500,22.562500
200.509186,85.071167,34.515625,23.242188
195.068466,87.143036,40.781250,21.187500
196.325841,86.677335,38.182292,21.588542
192.415451,87.636274,41.729167,20.466146
190.071147,87.614591,45.104167,19.729167
192.345703,86.454803,41.000000,21.625000
192.251846,86.556396,41.625000,21.000000
191.300908,86.120023,41.906250,21.763021
191.252151,87.597908,41.625000,20.687500
191.506989,86.602982,41.218750,21.718750
192.519836,86.835289,37.250000,21.312500
191.280487,86.399513,38.109375,21.781250
190.781006,85.104485,41.968750,22.671875
192.096909,85.636703,40.062500,22.250000
191.554001,85.302373,39.736979,23.932292
190.523621,85.810455,38.182292,22.742188
192.336990,86.156700,39.390625,23.242188
189.511744,86.406400,39.757812,21.796875
185.611847,85.869644,42.484375,23.125000
189.700358,86.494970,39.427083,22.958333
188.989502,87.223788,39.427083,21.453125
188.418696,86.163310,41.781250,22.447917
190.415227,86.679853,42.937500,21.651042
190.022608,86.081612,40.703125,23.372396
192.078267,87.601860,41.666667,22.286458
191.501017,86.102318,38.807292,22.072917
192.265055,86.077413,36.041667,21.541667
192.880280,86.326986,36.291667,22.291667
188.228419,86.831629,39.791667,21.416667
182.018219,85.478416,46.718750,23.562500
188.828629,86.649452,41.937500,22.250000
187.033615,86.505211,40.687500,21.625000
186.143865,87.520836,40.976562,21.143229
184.443090,85.899628,42.484375,22.203125
188.869934,86.793546,37.867188,22.427083
185.805862,86.033427,39.968750,22.145833
188.278381,83.276830,40.640625,24.661458
185.776245,83.551280,46.059896,24.632812
187.218653,84.204814,42.666667,24.666667
186.160950,82.980774,40.304688,25.859375
185.170059,83.749672,41.312500,25.523438
181.998917,86.320724,44.671875,23.171875
177.648682,85.083298,48.703125,24.851562
184.636042,86.144419,41.729167,24.375000
176.660187,85.273094,49.710938,25.859375
183.837204,85.517502,41.781250,23.851562
184.933609,87.223473,38.625000,22.500000
181.401479,89.757500,44.208333,20.697917
182.513702,88.724487,40.687500,21.625000
181.050705,89.260595,41.781250,20.937500
179.945877,88.471298,42.132812,21.718750
181.367518,87.536435,39.736979,22.382812
181.365133,88.797147,39.736979,21.763021
180.662008,88.311473,39.718750,21.588542
179.640284,88.157827,39.718750,21.895833
179.632797,88.299522,40.304688,21.718750
179.462555,87.502647,40.666667,23.312500
180.498571,87.399460,39.125000,23.239583
178.979131,89.281064,41.018229,21.796875
178.254578,89.568375,43.187500,22.562500
179.955856,91.065834,41.364583,21.507812
179.613846,89.958626,39.750000,21.937500
180.947495,90.077095,40.304688,21.718750
177.214666,87.424413,42.835938,24.552083
175.111776,89.745229,44.916667,23.281250
178.251068,88.477465,44.666667,23.000000
172.934804,88.421796,45.979167,23.820312
180.705414,89.462852,40.304688,22.164062
178.860733,87.008766,42.000000,23.101562
179.518982,88.737966,40.388021,23.135417
179.588903,89.161387,42.908854,22.742188
179.894104,88.648351,40.713542,24.437500
182.893412,87.692396,38.372396,26.796875
178.020289,88.908178,44.666667,24.666667
180.079727,89.337524,44.335938,25.859375
180.944824,91.672707,42.132812,23.851562
179.954834,90.387052,41.666667,26.000000
177.969152,92.364629,44.333333,24.000000
178.416667,94.535573,43.000000,22.000000
179.234558,93.181244,44.242188,23.421875
175.328456,90.955716,45.270833,25.414062
179.953125,93.139308,41.666667,24.666667
183.208862,91.659152,41.666667,26.098958
184.709366,91.895859,42.671875,23.968750
183.253179,93.078456,40.072917,22.958333
180.981883,93.644107,42.484375,21.895833
178.108047,93.507759,44.526042,22.286458
184.011175,90.475810,38.703125,24.151042
179.691142,93.514905,43.572917,21.968750
181.210531,93.607043,43.572917,22.604167
183.852875,90.288994,38.500000,26.312500
182.091609,94.682602,42.333333,21.989583
183.386820,93.225355,39.104167,22.203125
184.218424,93.535634,40.830729,22.861979
178.665253,92.203484,47.921875,23.242188
179.477219,92.416674,49.291667,23.557292
179.502655,91.734589,45.343750,22.164062
181.564865,90.121195,42.010417,23.820312
181.790192,91.053413,43.333333,23.820312
181.909932,91.381200,43.947917,22.312500
180.591497,90.536560,45.596354,22.484375
181.734731,89.473323,44.000000,23.000000
181.568044,91.139979,43.333333,22.333333
181.471659,90.621821,42.992188,22.809896
181.428965,89.349976,43.643229,23.460938
181.774750,90.232656,42.333333,23.333333
181.561966,89.138145,43.000000,23.640625
183.683462,88.449376,42.671875,24.151042
176.959305,89.046532,49.710938,23.171875
179.689575,87.866371,47.406250,24.031250
177.918915,88.787689,47.406250,21.625000
181.281891,88.852371,42.341146,22.166667
181.236816,87.228241,42.908854,24.317708
182.718781,87.006599,41.364583,25.218750
181.248291,89.215754,42.992188,22.809896
179.480657,89.652774,43.643229,23.135417
181.813782,90.018491,41.348958,22.497396
183.399796,91.106862,38.171875,22.286458
179.036723,92.423996,42.083333,21.541667
178.231064,90.740443,43.455729,22.382812
177.345678,90.870529,45.270833,23.135417
179.576874,92.296875,40.947917,23.005208
179.624435,92.967773,40.718750,22.460938
179.754206,91.713058,40.333333,22.203125
179.431519,92.515826,42.927083,22.263021
180.716822,91.229675,41.963542,22.427083
181.227859,90.751256,41.031250,23.557292
178.226603,91.804405,41.041667,23.281250
176.988800,89.642601,42.960938,24.062500
176.453649,90.044902,43.625000,22.635417
178.124634,87.989777,43.921875,24.703125
173.219650,90.233177,49.710938,21.828125
178.112803,89.329974,47.736979,24.880208
179.051193,89.485138,44.335938,23.507812
179.824585,89.030289,44.640625,22.656250
177.754206,86.777527,46.572917,27.041667
176.987656,87.224403,46.031250,26.781250
178.465286,88.836411,42.687500,24.000000
178.974447,87.088961,42.278646,25.903646
178.565475,88.243942,42.979167,24.697917
177.372650,87.781387,44.986979,24.481771
180.272731,86.638529,42.960938,24.880208
178.611084,86.280197,43.328125,25.859375
174.142487,88.017970,48.796875,24.898438
177.625310,86.643206,43.713542,26.338542
175.788254,87.986376,46.687500,25.083333
171.827154,87.298915,48.807292,25.617188
176.629440,86.479515,43.960938,25.234375
171.173213,87.574682,48.807292,23.333333
177.317917,86.262601,44.270833,25.078125
175.306966,85.911588,45.333333,25.591146
174.679194,85.734617,47.041667,25.437500
174.847738,85.870074,46.309896,24.546875
175.586105,85.944878,44.593750,27.015625
175.433233,86.260557,44.619792,25.078125
173.022634,86.820343,46.372396,24.898438
171.818924,85.892189,47.062500,23.000000
170.476395,86.814270,48.781250,23.000000
175.457321,85.142644,44.270833,24.380208
175.483592,85.973391,44.333333,25.333333
174.929128,86.829305,47.736979,24.197917
177.218903,86.562958,46.351562,25.187500
175.854919,86.839536,48.450521,25.591146
175.880051,87.047707,50.229167,24.166667
182.673096,86.416756,42.328125,25.796875
183.469620,86.712471,42.593750,23.343750
185.317307,87.252266,40.703125,22.984375
180.813721,85.958206,45.203125,23.742188
182.952744,85.769066,42.320312,24.515625
181.104858,86.797859,45.317708,23.820312
180.342422,87.537903,45.000000,23.000000
181.407928,86.656876,44.671875,23.171875
181.426285,86.454089,44.270833,24.250000
181.377472,86.201622,44.968750,23.640625
182.977615,85.206309,43.317708,25.036458
182.813553,85.836571,43.643229,23.856771
184.046463,86.066147,42.656250,24.515625
182.333537,86.111178,45.010417,24.359375
181.950770,85.322113,46.372396,25.244792
178.673818,84.352832,48.104167,25.437500
180.755595,83.899017,47.333333,26.338542
178.789434,85.725408,49.072917,24.296875
179.074305,86.152494,49.143229,24.166667
179.560593,84.079575,49.515625,25.078125
178.062363,83.703438,50.203125,25.968750
178.358063,83.358187,50.466146,25.921875
185.436854,85.662254,43.453125,22.226562
183.850026,84.464643,46.687500,22.958333
182.886185,83.806780,47.395833,24.880208
183.605804,83.261391,46.718750,26.093750
181.858271,84.250186,49.783854,24.539062
183.176865,83.737274,46.640625,25.437500
185.092219,85.018707,45.317708,22.286458
184.119548,83.256793,44.666667,26.666667
185.234996,82.450162,43.223958,27.520833
185.882558,82.739380,41.828125,26.822917
182.843465,84.047213,43.656250,25.713542
183.228241,84.814105,45.333333,24.898438
184.259842,84.293236,42.593750,25.062500
180.261037,82.678652,47.736979,26.244792
177.542267,81.809326,49.515625,25.796875
177.116226,85.262138,52.041667,23.968750
178.896255,85.546204,48.000000,23.398438
178.098628,85.109060,47.411458,23.682292
177.446889,81.028158,49.505208,27.171875
176.381485,78.942993,50.937500,30.007812
177.165212,82.320796,49.562500,26.052083
176.439819,82.353477,49.000000,25.375000
180.080302,80.430997,46.208333,29.072917
179.197896,79.266678,46.312500,27.809896
175.859985,79.308311,50.500000,27.625000
186.987656,80.173233,38.638021,26.221354
179.992599,79.922035,46.164062,27.437500
179.600479,78.996618,46.432292,27.067708
181.491872,78.971349,45.375000,26.885417
180.045222,78.262767,46.572917,28.343750
179.786087,78.833725,49.783854,29.302083
181.451447,79.379410,45.531250,26.781250
178.474309,80.037445,48.666667,24.833333
178.218816,79.493731,49.867188,25.252604
179.949595,81.403839,47.593750,26.145833
179.710592,81.654124,47.223958,24.296875
179.337265,79.719414,50.921875,27.015625
179.306458,82.595528,48.000000,25.234375
183.990311,82.928652,46.208333,27.250000
179.836192,83.986679,51.291667,23.927083
184.602509,83.098053,48.796875,25.078125
185.031535,80.668035,47.302083,26.520833
184.885696,80.368757,49.072917,28.364583
184.858256,79.823443,47.562500,26.221354
183.201691,80.480751,50.937500,27.070312
183.246302,77.334165,50.718750,28.364583
181.067937,79.464376,54.958333,26.437500
184.803843,78.373861,52.513021,27.739583
184.275238,77.732590,52.953125,27.171875
186.500214,77.263786,49.617188,27.031250
184.274562,78.966456,50.552083,25.776042
187.687327,75.397346,50.156250,30.419271
184.418716,78.339302,51.390625,30.296875
185.618891,78.787605,50.471354,28.802083
184.594289,77.350619,50.083333,31.875000
181.703807,80.006709,52.924479,27.575521
179.376984,80.020668,54.390625,29.289062
181.236801,79.133598,53.171875,28.742188
182.722427,79.838631,49.244792,28.802083
182.680394,80.082260,49.890625,27.773438
183.538671,80.565399,50.666667,27.773438
183.471507,79.668811,51.726562,29.312500
187.485265,80.476735,48.322917,28.671875
188.561401,80.039563,47.950521,27.773438
189.460826,80.221476,47.765625,29.895833
189.842143,80.147667,48.791667,27.593750
190.757767,78.686218,49.000000,30.250000
192.382685,77.682673,48.187500,30.885417
189.924383,76.411718,52.062500,31.083333
189.799113,76.710767,52.432292,29.802083
195.240448,74.135246,48.617188,31.640625
194.105423,75.042503,53.742188,30.846354
196.032974,75.573069,52.361979,29.440104
196.998922,73.295525,51.859375,30.466146
199.810394,73.821053,52.757812,29.984375
199.721761,74.012367,55.166667,28.916667
202.096191,74.242597,52.250000,29.750000
200.544607,74.643295,54.078125,28.156250
200.508143,74.175107,53.742188,27.984375
201.981003,72.229797,53.406250,30.250000
201.962570,72.034098,53.408854,30.768229
202.698242,72.485921,52.786458,30.289062
203.752726,72.122574,53.083333,31.000000
201.442780,72.618561,54.578125,32.640625
203.587789,72.879384,51.447917,31.442708
206.822906,72.554108,49.445312,33.296875
204.819722,73.518440,50.166667,31.416667
205.257156,72.862122,49.031250,31.640625
207.456009,73.362259,48.414062,31.679688
204.793106,72.941114,50.729167,31.880208
202.527379,71.910955,53.828125,32.864583
201.581238,73.175987,53.937500,31.625000
201.301799,70.757848,54.604167,33.854167
202.023056,70.524272,53.682292,33.760417
200.897125,71.176247,54.882812,33.507812
200.539408,72.151733,54.252604,31.807292
199.353836,72.750216,52.442708,30.828125
200.206462,71.600230,52.989583,30.348958
199.787186,72.305150,54.666667,31.187500
197.663244,69.841970,55.757812,33.684896
198.509109,70.910347,51.765625,34.398438
197.810618,69.981293,55.572917,34.007812
197.899872,70.511856,52.656250,33.171875
197.821213,71.238078,51.882812,32.747396
194.043869,71.803078,54.710938,32.796875
196.918757,71.505531,52.875000,32.125000
200.616063,70.435051,50.239583,34.109375
199.967712,72.089475,49.635417,30.348958
196.917465,70.332092,53.195312,32.078125
197.025467,71.887385,53.500000,33.083333
196.617798,72.970749,53.851562,28.929688
199.004410,73.933121,50.062500,30.437500
199.048431,70.247719,51.375000,30.656250
198.411041,71.564796,51.929688,30.398438
199.058807,74.868996,51.929688,27.914062
195.537750,68.608027,54.833333,34.645833
193.716242,73.108093,57.250000,30.583333
197.742101,67.907359,52.752604,36.661458
200.533127,68.242462,51.765625,34.398438
197.887721,67.500722,59.093750,39.289062
197.715383,66.496292,54.770833,41.791667
198.170563,66.092954,57.062500,41.250000
198.789892,66.153969,52.729167,39.796875
199.342565,64.627686,54.557292,41.760417
199.817581,66.194077,54.437500,38.968750
197.719793,65.593432,56.937500,39.690104
198.428513,64.316299,59.617188,41.031250
199.290726,64.406593,54.765625,39.265625
199.659821,66.046387,56.312500,36.953125
199.773132,65.020782,56.312500,36.953125
200.148544,69.939316,54.851562,32.929688
199.585663,65.978767,56.281250,36.343750
198.299174,65.963051,57.088542,38.546875
198.368210,66.724846,58.156250,39.265625
196.823166,66.789116,58.281250,39.187500
197.241460,68.171178,57.901042,37.614583
196.833674,66.878967,57.489583,39.958333
197.816717,67.394313,58.395833,39.098958
194.352753,66.116188,60.729167,36.250000
195.825648,66.172043,57.541667,37.416667
199.507599,66.580666,54.263021,37.294271
200.014455,66.833013,55.541667,36.750000
200.226390,67.040090,56.471354,38.291667
200.283249,66.187172,56.104167,38.375000
197.559179,65.575846,57.848958,36.651042
197.504283,67.634191,59.296875,36.072917
199.049957,68.036194,57.541667,38.375000
196.889598,71.270650,57.541667,36.937500
195.512624,67.712257,58.020833,40.770833
197.227666,70.194407,57.291667,37.187500
195.906789,69.038391,58.979167,38.375000
195.407837,73.759232,57.187500,34.906250
196.457291,67.450508,56.773438,39.257812
194.288498,69.430214,62.031250,38.296875
193.882050,70.186577,58.500000,36.000000
193.424896,65.237017,64.250000,40.770833
192.328771,65.667206,59.804688,41.208333
191.837641,70.060671,58.523438,35.203125
191.357117,63.786278,59.078125,41.359375
190.907166,64.465469,58.750000,41.218750
188.219762,65.484492,60.109375,40.911458
187.432063,68.040601,59.697917,37.239583
189.359802,65.421043,60.062500,40.375000
189.019145,63.754082,58.677083,41.833333
188.361557,65.247665,60.296875,42.765625
186.472361,64.179492,61.229167,44.895833
186.431630,66.961057,61.083333,41.234375
184.971710,63.579498,60.895833,44.750000
184.865479,64.715492,61.083333,42.307292
184.951828,74.823746,59.625000,32.929688
183.549795,65.937935,61.184896,42.781250
183.345642,67.884201,63.289062,41.828125
183.349655,67.353622,63.072917,39.927083
183.318130,64.095619,63.289062,42.875000
182.603836,72.595375,61.562500,35.531250
181.745183,70.846090,61.625000,38.890625
181.943095,68.543747,62.250000,43.364583
181.397349,67.576124,61.619792,44.989583
181.454834,76.351639,63.460938,36.768229
181.795517,79.249115,63.460938,35.023438
182.074799,79.345495,63.333333,34.601562
182.305130,76.002777,62.000000,37.218750
180.238403,71.536568,64.500000,42.500000
179.608505,69.399261,65.382812,44.445312
179.003896,76.694008,64.190104,38.364583
178.669266,72.868484,63.812500,42.351562
178.286697,71.708084,64.375000,43.250000
177.758530,80.317940,66.078125,36.000000
178.418376,75.514725,63.187500,41.940104
177.097137,73.769691,64.218750,44.562500
175.660965,75.115601,65.898438,42.601562
176.653717,84.374883,65.289062,34.518229
175.762985,75.349075,65.906250,44.968750
174.712718,77.526326,66.388021,42.760417
174.583583,74.508703,66.937500,44.408854
174.280970,84.380554,67.317708,34.437500
176.013702,83.474625,65.812500,32.875000
177.097036,82.396848,65.161458,34.848958
176.847036,85.053986,65.164063,33.330729
176.478948,74.744980,65.768229,44.341146
176.283162,79.031431,67.864583,41.833333
177.059021,75.484261,68.593750,44.453125
177.742340,85.291405,66.250000,35.875000
176.880213,76.797267,70.739583,44.989583
176.325867,77.033676,70.187500,43.187500
178.323771,79.942726,69.486979,40.710938
178.874344,75.617134,69.359375,43.656250
179.278361,78.395419,69.177083,39.385417
181.286158,75.102015,67.945312,45.085938
181.374349,72.139270,69.177083,46.833333
180.692195,75.473780,71.346354,41.789062
182.370163,70.462883,72.437500,45.437500
180.331833,80.673276,71.937500,34.695312
180.190460,80.482376,70.750000,34.187500
179.980275,80.310247,70.934896,34.632812
179.452408,80.396774,70.062500,34.515625
179.477788,80.899544,70.770833,37.424479
179.961761,81.623772,71.078125,36.039062
179.058436,72.627238,71.312500,42.666667
180.000687,69.820145,70.453125,45.296875
180.773956,70.302032,73.187500,44.541667
181.682810,69.033257,72.562500,45.130208
182.295486,78.495407,71.656250,36.031250
182.189407,79.790922,71.072917,35.471354
181.435755,79.237526,74.494792,35.333333
187.324936,78.718819,66.343750,33.937500
183.275579,76.971766,70.213542,37.880208
181.618164,76.641388,71.140625,37.117188
179.503209,77.702957,72.885417,35.869792
182.714905,75.705574,71.140625,39.734375
178.818965,79.121038,75.729167,37.265625
180.968623,73.956739,74.666667,43.250000
179.065394,72.912966,75.369792,45.848958
178.507085,80.901062,76.140625,38.570312
179.525843,74.392278,77.072917,44.713542
179.064072,74.106702,76.140625,46.322917
176.543564,74.260020,77.234375,45.005208
175.990753,74.266624,78.390625,43.656250
177.433965,74.953715,77.125000,46.312500
175.186330,75.354609,77.854167,44.385417
175.313395,74.111885,76.593750,45.864583
172.112595,82.328651,80.281250,39.718750
171.680832,82.647240,78.583333,38.916667
171.626434,80.584892,80.875000,39.273438
171.579341,78.378362,81.500000,42.416667
172.082291,77.018349,76.562500,44.875000
170.613002,79.637619,73.825521,41.390625
167.856567,79.525736,77.656250,41.651042
166.241257,79.999641,79.375000,40.781250
166.477081,79.037071,79.968750,41.968750
166.514908,78.759181,78.440104,39.424479
166.445669,77.624430,77.656250,41.070312
169.647522,77.856430,76.937500,37.562500
170.981476,78.526039,76.468750,37.640625
168.786524,78.929685,79.385417,39.632812
171.505376,78.338455,76.723958,40.557292
168.608978,77.608587,80.559896,42.231771
170.882629,77.363899,79.203125,43.109375
169.832397,79.357201,81.750000,41.968750
171.462443,78.598134,82.914062,43.473958
169.671906,79.809319,82.656250,42.437500
174.558823,77.991885,79.333333,46.286458
178.559255,77.855825,74.135417,45.625000
179.219920,78.033185,75.916667,46.312500
175.848465,77.002342,79.273438,47.114583
173.218831,75.283496,80.044271,50.791667
171.273636,76.640882,84.312500,50.083333
172.592127,78.228134,82.052083,46.101562
174.212514,76.935519,82.533854,42.078125
173.504791,76.747055,83.265625,44.875000
173.473969,76.924278,82.333333,49.927083
171.162557,77.301643,85.000000,45.000000
170.725489,77.504201,86.250000,41.687500
169.639648,75.169289,83.500000,44.750000
164.314128,75.351580,89.684896,47.575521
164.866664,74.781985,89.343750,44.502604
158.306758,72.574272,94.557292,45.143229
167.968155,72.068771,84.312500,48.031250
163.541163,72.341095,87.588542,47.875000
161.562225,72.427811,93.718750,46.687500
162.365448,73.033554,89.000000,46.375000
162.862844,73.175084,87.335938,47.848958
159.491745,72.743563,89.356771,45.515625
161.476715,72.443016,86.000000,45.492188
164.996002,72.465151,81.398438,48.062500
166.970535,71.234962,82.380208,45.270833
165.118540,71.964854,85.098958,44.304688
160.832077,71.036926,85.510417,44.208333
161.446655,70.659348,84.921875,45.203125
164.024226,71.471858,82.588542,46.187500
160.863678,70.665535,85.562500,43.281250
162.838379,69.616447,83.898438,44.664062
161.125498,69.877909,83.604167,46.750000
163.193741,68.850533,80.101562,47.195312
163.180471,69.146093,80.406250,45.744792
166.160400,69.421595,79.093750,45.005208
162.646683,66.934700,82.210938,47.320312
166.225098,67.171646,77.570312,47.195312
165.521866,67.083633,80.218750,44.875000
165.756226,67.771118,81.625000,44.750000
168.871908,67.596542,79.333333,46.286458
169.424164,68.250809,81.333333,46.187500
168.056595,66.550354,81.367188,47.195312
168.636073,65.806788,83.020833,44.916667
170.195526,63.566742,81.367188,47.195312
173.181310,69.245224,77.208333,42.333333
167.078761,70.619008,83.968750,39.718750
166.098048,67.748891,82.458333,43.526042
167.176620,66.268501,81.007812,46.117188
163.029892,66.304993,81.367188,43.398438
164.150101,67.729919,79.804688,43.109375
161.268407,68.951477,80.557292,47.510417
162.919591,66.532023,79.333333,47.510417
158.066116,68.976425,82.875000,44.125000
155.718206,71.762479,87.041667,41.562500
158.931137,71.887538,82.562500,40.270833
153.593043,70.906708,87.328125,38.984375
150.098775,69.547076,91.049479,43.937500
154.740067,67.836914,87.250000,42.250000
160.647970,65.640050,83.843750,45.559896
156.671005,67.452431,83.265625,46.093750
158.960983,69.832489,83.617188,42.015625
157.467224,67.725789,83.520833,44.080729
163.305893,69.031766,77.822917,43.406250
158.051875,70.630458,83.984375,41.609375
161.895630,65.825706,80.000000,47.289062
161.815577,62.703379,79.156250,48.656250
162.150228,64.211217,77.885417,48.020833
164.718094,66.953766,76.625000,44.125000
162.121841,70.001694,80.562500,41.968750
164.942846,68.689896,77.125000,42.083333
163.139908,69.121643,78.187500,41.375000
166.803131,66.970917,77.000000,42.562500
168.244308,67.453728,76.140625,39.166667
166.964549,66.357246,78.776042,42.442708
165.374715,67.695872,77.510417,41.020833
156.143957,66.704686,85.750000,41.020833
159.387711,64.390137,82.210938,42.507812
155.811737,62.123642,86.421875,45.515625
156.069046,62.892342,87.695312,47.828125
156.625900,64.309944,86.664062,43.500000
159.007741,61.620099,85.447917,45.114583
159.972122,64.479373,86.250000,41.041667
161.881088,64.845723,85.197917,41.562500
161.235489,64.528343,83.414062,41.304688
165.101730,62.557899,79.968750,43.156250
169.063787,60.005107,77.854167,42.252604
165.389252,62.054390,81.721354,39.328125
170.726095,62.697182,76.393229,38.984375
170.228867,62.446185,77.705729,39.072917
166.104416,61.687447,82.554688,38.070312
171.892222,60.651182,76.494792,40.489583
165.889145,62.802589,82.515625,40.312500
158.610118,60.211644,88.447917,44.125000
169.208542,62.940610,80.705729,38.028646
165.419647,59.065514,84.489583,42.744792
170.604060,60.094022,80.333333,40.046875
168.441157,54.905093,82.807292,45.729167
173.451965,58.034386,78.148438,43.585938
170.835246,55.449270,83.770833,45.708333
173.422658,61.312991,80.427083,41.031250
176.725906,56.511604,77.398438,46.718750
177.955378,62.165436,76.614583,41.286458
173.630488,61.371831,80.453125,39.843750
175.336655,58.734253,80.804688,43.562500
179.743668,58.156960,75.312500,45.104167
178.315491,61.826965,76.000000,43.773438
179.608734,66.658404,78.208333,41.875000
178.776718,66.530663,75.812500,40.187500
176.833593,66.737485,78.695312,41.286458
179.562688,67.535121,75.484375,40.015625
179.003830,66.822876,77.421875,40.351562
178.868062,66.450297,75.666667,40.083333
173.782440,63.590134,81.429688,42.601562
172.551671,61.768608,80.916667,44.166667
176.735280,58.967639,75.484375,46.518229
173.811727,65.584712,78.333333,41.479167
174.212875,62.499184,77.075521,44.554688
173.184784,64.268425,79.132812,43.203125
176.245982,61.379265,76.333333,46.906250
175.496552,64.466354,76.296875,42.968750
176.306381,67.314069,75.156250,41.020833
171.387339,67.370771,80.679687,42.252604
178.231552,68.094139,72.843750,41.968750
171.574814,68.765310,78.343750,39.385417
171.642258,69.146713,77.890625,40.890625
172.652451,68.632716,78.208333,41.307292
172.506363,68.143061,77.075521,40.489583
170.154892,66.123594,79.398438,42.231771
167.704559,66.564758,78.781250,40.781250
167.174352,68.129862,76.666667,41.197917
157.064901,64.300344,88.500000,45.916667
164.877569,67.895126,73.825521,43.226562
164.188487,69.718615,73.390625,40.432292
160.177511,67.978116,75.593750,42.252604
160.550568,57.837952,74.421875,51.296875
161.083455,70.178157,72.598958,36.799479
160.461060,70.340790,73.843750,37.421875
162.861440,65.972989,71.882813,42.760417
160.452698,64.878123,74.666667,44.739583
164.250336,66.605583,71.382812,44.914062
157.834381,66.038544,78.468750,43.781250
154.048035,65.469765,82.937500,42.562500
152.768514,62.849902,83.968750,44.020833
148.986099,63.872475,87.968750,45.114583
149.252823,65.049688,87.541667,42.979167
152.633423,67.664169,82.359375,41.359375
155.459579,67.532379,80.828125,42.437500
152.907639,68.481934,84.484375,43.046875
148.755554,68.536463,87.609375,36.145833
156.931885,66.429695,79.718750,40.359375
165.474538,69.306101,72.750000,36.000000
167.513596,70.165474,70.890625,37.054688
163.833908,71.198143,74.494792,35.333333
170.393524,71.623759,69.333333,36.234375
171.005234,71.601181,68.523438,33.453125
169.766953,70.327744,69.000000,35.500000
167.492533,68.633039,73.989583,37.239583
169.871150,68.334277,68.265625,34.098958
168.490402,62.211319,70.570312,40.609375
167.383687,65.709162,70.934896,35.700521
170.430094,66.058591,68.333333,36.770833
169.764969,67.592270,67.476562,39.734375
172.474543,69.084457,66.541667,38.916667
167.260498,63.966766,67.937500,43.500000
165.904968,65.487694,69.781250,44.265625
161.824158,67.304108,73.333333,41.122396
167.505630,67.731468,66.585938,40.351562
163.239553,70.285472,69.578125,39.098958
168.032461,71.132426,65.223958,38.010417
167.448395,72.713577,66.296875,38.830729
166.732544,68.235909,66.000000,41.117188
165.575765,73.540517,64.528646,37.302083
165.799383,72.718435,62.760417,34.687500
166.213608,75.065865,59.609375,33.937500
164.258926,75.128365,61.468750,34.750000
165.019419,75.348579,61.854167,33.104167
161.152527,75.607549,64.036458,35.598958
161.334824,78.322955,64.169271,35.320312
161.342901,77.329717,65.661458,37.309896
160.606939,79.559097,64.101562,35.885417
161.637741,78.511950,61.184896,36.315104
160.201350,80.650866,62.197917,37.718750
159.201828,80.339340,63.500000,39.000000
162.991745,80.237109,58.166667,39.791667
162.920700,81.687889,58.585938,37.914062
159.515951,82.742892,63.177083,36.250000
161.680115,84.261080,58.697917,37.309896
159.007502,85.746671,62.846354,35.088542
159.230947,86.576594,61.703125,33.278646
161.430786,87.627157,61.333333,32.580729
159.522044,87.934952,66.083333,32.166667
158.976985,89.693881,65.075521,33.760417
157.393870,89.582639,59.750000,34.781250
161.532257,92.652954,56.281250,33.882812
161.517253,94.055298,55.231771,29.710938
159.804942,95.900556,53.739583,29.963542
159.388275,95.787669,57.182292,30.348958
159.930761,96.968412,54.171875,29.963542
157.822164,98.396545,56.000000,29.750000
156.041921,98.739484,54.484375,31.562500
154.746134,95.129021,55.036458,35.151042
156.365738,89.962318,55.231771,46.117188
155.559372,96.506973,54.851562,33.882812
156.868134,94.662590,53.109375,40.875000
152.088999,99.605924,58.033854,32.580729
157.107132,102.285617,54.611979,30.283854
156.252909,102.688075,53.958333,31.750000
156.105886,102.030538,55.468750,31.692708
154.413427,106.326065,60.656250,28.234375
155.973287,107.001139,57.880208,27.742187
157.010401,106.989471,56.000000,28.083333
157.085693,108.600861,53.171875,27.914062
158.015513,109.141225,52.263021,28.447917
158.134679,110.626653,51.455729,29.255208
156.746063,111.031075,52.187500,29.031250
157.831085,112.931931,50.156250,27.406250
159.003637,112.818024,49.502604,28.937500
157.995707,113.925013,51.442708,28.161458
153.597427,115.295308,56.812500,29.500000
152.101252,115.090508,56.000000,30.166667
152.676331,113.993131,56.520833,31.322917
154.902730,115.550695,51.882812,31.442708
154.074809,116.525121,52.151042,29.091146
156.942169,117.039215,48.531250,29.031250
157.507273,116.632014,51.333333,28.526042
158.951355,118.402771,47.312500,28.312500
158.493754,117.654068,50.466146,28.565104
156.199046,119.690954,47.312500,28.312500
161.129445,120.274226,47.385417,28.375000
159.695892,120.874817,45.406250,26.648438
154.579081,120.211497,51.677083,27.424479
154.323975,120.876862,50.807292,26.854167
159.944504,121.627441,43.669271,30.075521
158.933655,123.286784,43.825521,28.184896
158.254929,124.093323,45.796875,27.070312
158.079793,124.182449,46.572917,27.250000
159.835999,124.022105,43.895833,27.255208
156.722585,123.592697,47.695312,27.062500
161.293427,124.456070,44.125000,27.250000
160.973846,124.022583,43.406250,27.234375
158.677465,124.067749,48.093750,25.617188
160.406631,123.050568,46.164062,28.539062
162.569148,123.298375,43.583333,27.234375
161.765915,122.912704,44.843750,26.875000
159.094452,123.608729,46.971354,29.234375
161.629395,125.534897,47.125000,26.500000
165.654587,126.051793,42.742188,25.617188
162.473012,128.193746,47.065104,25.244792
163.687388,127.547094,46.333333,26.145833
162.347285,129.668340,47.695312,25.614583
165.047256,131.322790,45.239583,24.903646
161.840769,132.032277,50.552083,26.473958
164.200745,131.579330,43.960938,25.968750
164.146886,133.439433,42.526042,23.682292
161.551860,133.432281,42.341146,23.489583
160.744308,133.750748,44.656250,23.158854
164.095418,133.118998,40.333333,25.000000
163.470942,132.254242,41.018229,25.473958
161.699112,132.541245,43.664062,24.851562
163.266429,134.549525,43.643229,22.492188
165.746918,133.324356,37.458333,23.786458
161.252345,135.180272,41.906250,21.143229
165.048416,133.275131,41.000000,23.812500
161.208313,131.084117,41.690104,25.739583
160.614909,133.349024,42.640625,24.020833
161.304428,132.748927,42.666667,26.333333
161.799789,134.651713,41.177083,23.166667
160.895798,133.190414,41.031250,24.296875
161.649709,132.292898,40.356771,25.143229
165.794459,134.257772,39.000000,22.333333
162.207235,133.997843,40.395833,23.239583
166.238235,134.547318,40.078125,22.781250
164.110306,133.769730,42.250000,24.750000
165.763489,133.931641,39.062500,23.968750
169.400523,133.653920,34.359375,24.192708
166.142715,133.469025,38.156250,24.260417
171.723353,136.042903,32.958333,20.052083
168.511078,136.520594,37.750000,20.833333
169.268641,137.434901,35.125000,19.375000
169.608424,136.466741,37.781250,20.783854
170.576218,136.028025,36.000000,20.541667
173.315801,127.632192,33.075521,29.101562
172.549286,136.350398,34.841146,19.567708
175.713389,136.636154,31.372396,20.585938
176.456721,136.319595,33.229167,21.312500
176.924957,138.034576,32.992188,20.414062
180.316340,136.810776,29.708333,20.770833
176.719330,139.286026,33.742188,18.015625
179.329229,136.870005,33.080729,20.197917
180.136032,136.109589,36.328125,21.453125
179.631261,134.356700,35.552083,23.013021
181.654902,135.126363,29.359375,21.911458
179.566645,130.598475,32.687500,27.000000
184.219559,137.547175,30.218750,20.765625
183.662267,136.412338,31.062500,20.770833
182.870926,137.743240,31.015625,19.062500
183.593287,137.931417,34.687500,19.630208
183.281937,137.472427,32.382812,20.312500
182.718414,138.150864,33.937500,18.796875
186.207403,136.654332,30.984375,20.989583
187.132945,138.883738,30.166667,18.968750
184.974121,137.812439,32.750000,19.250000
187.078659,137.633082,30.195312,21.252604
184.941620,137.614507,32.036458,20.200521
186.070816,127.611115,32.078125,31.281250
187.256241,127.239924,31.093750,28.585937
189.671595,127.806152,29.291667,29.875000
191.119542,124.123967,29.885417,33.265625
190.118149,126.745021,30.062500,30.385417
190.943395,126.820857,31.114583,28.963542
191.474630,122.794851,33.958333,32.192708
192.270543,130.347112,31.679688,23.622396
192.725515,130.942637,33.369792,23.953125
194.646027,132.008219,30.458333,22.291667
195.034047,124.127487,31.364583,29.984375
195.003581,132.977000,30.458333,23.458333
196.306447,131.734818,29.979167,22.177083
197.127304,134.653397,29.156250,19.062500
198.032949,134.099518,28.533854,19.692708
198.566803,135.195765,28.213542,18.565104
198.919617,136.953532,29.270833,18.010417
199.428858,136.378469,29.031250,18.489583
199.886210,134.968180,27.354167,19.447917
200.360794,125.388458,27.398438,28.125000
201.944255,136.230337,28.533854,18.429688
201.808940,137.607859,29.989583,17.770833
201.203064,136.547958,30.304688,18.195312
201.564499,136.626465,30.947917,18.968750
204.600113,135.161865,27.500000,20.750000
207.935318,140.689499,24.734375,16.500000
204.474492,140.391576,28.041667,16.354167
207.917206,131.414754,24.963542,25.187500
206.169968,138.194977,25.843750,21.625000
203.775380,140.568227,29.200521,18.536458
203.813232,140.002243,28.367188,19.406250
199.851842,130.981150,31.187500,29.270833
207.978027,141.738831,25.000000,18.000000
204.325002,141.944560,29.674479,18.536458
205.741338,143.866252,29.437500,17.588542
207.022583,142.096003,27.833333,19.447917
207.636780,142.511581,28.851562,18.679688
207.659465,142.263779,28.791667,18.489583
209.266129,144.543900,29.335938,17.710938
210.975764,143.634104,28.312500,18.729167
210.664734,142.728180,30.546875,19.406250
211.797546,142.424571,30.554688,21.460938
213.887919,142.762400,28.604167,20.270833
214.013748,144.939163,28.000000,18.500000
215.143031,144.218760,28.252604,17.588542
215.161657,144.294200,27.354167,17.958333
215.844035,144.339884,32.057292,18.382812
216.459061,143.558563,27.398438,20.132812
216.688400,146.694855,26.458333,17.401042
216.712784,134.355499,26.546875,32.171875
217.336329,149.227417,29.151042,17.890625
216.233978,147.610229,29.510417,19.208333
217.852453,149.330897,31.182292,19.307292
217.740000,148.258504,28.786458,20.955729
216.272354,148.611588,30.390625,20.593750
217.298055,146.599157,28.864583,24.437500
217.827713,148.632085,28.895833,20.312500
218.372157,147.833415,29.583333,22.182292
219.397222,139.824865,29.143229,28.354167
220.027430,146.939362,29.984375,20.598958
221.140630,147.850561,26.776042,19.411458
220.296036,147.099014,28.000000,21.000000
218.141836,148.160741,31.059896,19.692708
220.493668,146.993607,30.132812,20.593750
217.422943,145.866409,31.729167,21.052083
223.424545,147.202148,25.968750,19.062500
222.909292,146.570577,28.281250,19.945312
222.806758,146.025528,28.213542,20.544271
222.805420,144.522034,28.500000,22.000000
223.725952,144.965205,29.039062,20.703125
224.335693,145.042267,27.640625,19.164062
224.947164,145.997213,28.015625,17.825521
224.550919,145.738098,29.125000,18.812500
224.861827,144.834223,28.791667,18.250000
223.587682,145.400523,29.989583,18.729167
224.353531,144.354401,30.934896,19.802083
224.195831,142.745331,31.679688,19.820312
221.216105,140.582570,34.403646,23.093750
226.286107,141.167155,31.088542,21.703125
225.304596,142.038391,32.609375,20.656250
228.556351,140.598745,29.708333,24.833333
230.019577,139.359721,29.421875,25.520833
229.599894,138.999390,28.585938,27.471354
231.997554,139.275970,26.914063,25.799479
232.587631,138.724335,27.562500,27.296875
232.558594,139.640213,30.218750,21.453125
234.354624,138.875122,28.343750,21.312500
235.187703,141.272486,30.859375,18.609375
235.347992,141.469488,28.906250,18.135417
235.961151,141.651784,28.791667,18.489583
237.163681,141.761322,29.750000,18.250000
237.826106,140.857381,29.750000,17.770833
236.717438,142.273056,30.062500,17.171875
239.366155,140.698257,28.252604,18.299479
239.045120,139.256261,29.911458,19.247396
240.428975,139.372767,30.192708,19.307292
240.154541,137.468719,31.000000,20.000000
243.126541,133.506688,29.072917,22.947917
242.846130,136.181366,30.750000,21.984375
244.314423,136.496414,29.421875,20.390625
245.628265,137.817703,29.039062,19.440104
246.428304,136.526850,32.666667,20.296875
247.315460,135.743469,27.554688,18.273438
247.756978,136.726303,28.213542,18.317708
247.445251,136.481511,29.437500,17.351562
246.936859,134.972209,28.252604,18.299479
244.211609,134.068512,30.859375,19.247396
245.036560,133.642171,32.171875,22.028646
245.668569,135.198156,29.125000,21.052083
248.737091,132.695663,29.101562,21.367188
248.001282,133.846695,30.500000,22.000000
248.788228,132.718353,30.458333,22.304688
246.735463,130.251994,33.921875,22.692708
245.406108,132.373728,34.528646,20.312500
243.282959,131.902069,37.093750,22.601562
247.796682,133.249725,33.656250,21.625000
249.970815,132.242579,30.257812,22.177083
250.246287,132.570943,31.062500,24.020833
251.353251,131.680115,30.236979,24.843750
250.835144,130.452825,31.093750,22.177083
251.911621,131.394012,29.968750,20.044271
251.766876,132.764323,29.583333,18.098958
255.491699,132.188644,25.703125,19.648438
253.737854,131.506317,26.078125,19.046875
247.946086,132.259410,33.679688,19.078125
248.152618,132.998194,32.578125,18.135417
247.899933,131.295258,32.645833,21.927083
246.386871,128.720413,34.734375,24.109375
249.674683,131.552765,31.656250,20.968750
248.704071,130.692337,32.078125,20.921875
250.172607,130.398280,30.458333,21.778646
248.497142,132.272486,31.578125,19.507812
248.599162,131.752040,30.947917,20.010417
248.401174,132.347702,29.385417,18.968750
248.376658,132.176905,30.440104,18.812500
248.164612,132.770279,29.750000,20.250000
248.540914,132.553391,29.039062,20.703125
247.514608,132.616547,29.796875,20.450521
246.667145,132.865270,31.312500,20.197917
247.026886,133.525085,29.875000,18.531250
244.723348,133.752075,31.843750,19.604167
242.668549,132.935150,34.000000,20.500000
238.336233,131.976115,38.085937,20.463542
245.694397,131.816218,29.156250,21.151042
240.996134,132.508703,34.072917,20.010417
243.879028,130.901021,30.427083,20.791667
245.619863,130.298111,29.385417,21.572917
244.273010,132.403829,30.947917,18.968750
242.520549,130.660172,31.312500,19.945312
243.819305,131.859187,28.460938,21.781250
242.849548,130.976888,30.093750,17.843750
239.322388,130.230698,33.453125,17.226562
241.564006,130.583547,30.192708,16.833333
242.574977,130.128377,29.674479,18.062500
240.800308,130.386459,33.453125,17.226562
242.352091,129.177475,29.885417,19.114583
239.756226,130.412491,32.968750,16.984375
243.123413,130.814245,28.955729,17.080729
242.681564,130.691345,30.062500,17.875000
241.536026,128.868576,30.304688,19.648438
242.860570,129.722168,29.039062,17.671875
239.805222,128.179489,30.789062,19.406250
242.536591,129.274384,28.028646,17.924479
242.200221,129.745082,29.031250,18.489583
241.031052,130.825455,28.421875,17.171875
240.345072,131.134125,28.500000,16.125000
240.034485,131.911407,30.750000,16.093750
239.524109,131.750732,28.414062,16.406250
239.655518,131.615321,29.111979,16.716146
239.514608,131.632192,28.041667,18.875000
240.535339,129.431442,27.718750,21.156250
238.784760,132.167343,28.609375,18.437500
238.545700,133.195358,28.187500,17.875000
237.644806,133.348785,29.359375,18.578125
235.045700,133.722885,31.031250,18.195312
234.986069,132.387960,30.934896,19.307292
234.181168,132.709793,31.625000,21.671875
227.146301,133.500381,37.351562,20.078125
227.287842,132.292119,37.291667,21.854167
226.993179,133.026250,37.049479,20.018229
229.927007,132.684972,33.075521,20.585938
229.410889,133.468892,34.260417,19.507812
231.793996,133.208552,31.309896,19.507812
233.537537,132.083237,29.875000,20.335938
232.507965,132.602997,31.421875,20.078125
232.544637,131.401337,28.083333,21.052083
231.652039,130.138931,28.250000,23.000000
231.537526,131.576380,28.604167,20.791667
230.470205,131.616221,28.955729,21.781250
231.358409,132.396072,27.718750,20.791667
230.226715,131.843552,29.093750,20.617188
230.413951,132.211197,28.252604,18.299479
230.671021,132.436218,28.729167,17.270833
231.458115,132.253494,27.054688,18.218750
231.440180,131.417033,29.666667,19.140625
231.074214,131.947459,26.830729,19.010417
231.208227,132.180654,26.958333,18.382812
231.744334,133.207535,29.739583,18.614583
226.155212,130.599319,32.484375,18.921875
225.479126,130.630681,33.666667,18.864583
224.483765,131.000015,34.515625,18.789062
226.056122,129.872375,33.406250,20.656250
229.165649,130.947250,31.015625,19.062500
232.779968,130.095205,28.281250,18.934896
232.774185,131.608353,27.398438,17.710938
232.100779,132.125961,26.437500,18.875000
232.403793,132.157211,25.843750,18.812500
232.060638,132.386220,26.531250,18.468750
228.851629,132.837133,30.562500,16.901042
232.184616,134.469849,29.200521,16.166667
230.972636,132.823308,29.666667,18.692708
233.427795,134.204453,28.187500,17.875000
229.331879,134.184845,32.171875,18.109375
226.704127,134.548787,33.802083,18.625000
227.708496,134.883591,33.742188,18.531250
233.098307,135.280741,31.989583,19.489583
232.207733,135.270248,31.937500,18.789062
237.341100,135.860031,26.776042,19.375000
233.995560,137.015228,30.304688,22.070312
234.204432,138.897257,27.523438,19.187500
232.791275,138.270752,32.000000,19.164062
234.951187,139.102814,29.500000,20.000000
231.437414,139.411957,30.934896,18.317708
234.711578,140.535873,27.398438,19.406250
232.110641,139.043162,29.674479,20.906250
231.450211,139.134527,30.934896,20.296875
231.209366,139.105637,31.164062,21.625000
233.028183,140.325882,29.156250,21.984375
233.550130,142.286179,29.385417,20.010417
232.414464,142.463974,29.544271,18.429688
232.898855,138.284271,29.885417,21.317708
234.698837,138.982152,29.796875,20.955729
222.201406,142.715708,41.364583,21.572917
224.663284,142.170069,38.645833,22.125000
226.748189,141.113022,36.807292,23.057292
229.191391,139.228424,33.375000,22.000000
233.263611,140.792572,29.687500,21.531250
233.816671,141.241419,29.700521,23.263021
229.436483,141.673472,33.351562,24.408854
233.105728,139.927765,30.531250,26.429688
232.858760,142.097392,31.041667,24.872396
232.371348,142.691956,31.364583,25.015625
230.528097,141.863495,33.770833,19.687500
231.210770,142.811412,33.500000,19.958333
235.508341,141.070343,29.406250,22.567708
234.853266,143.502508,30.687500,20.531250
237.342850,143.931213,29.359375,18.015625
238.349233,141.516637,29.640625,28.171875
238.508545,144.827001,28.052083,18.609375
239.507568,144.426865,27.640625,19.164062
237.800400,143.213943,29.125000,20.453125
238.727025,142.041504,29.395833,20.093750
239.742915,142.323283,27.286458,20.906250
237.395386,143.338811,30.130208,19.359375
238.041275,144.345688,29.750000,18.750000
239.655350,145.799210,26.234375,17.575521
240.157288,145.092941,28.421875,19.046875
240.359009,145.278214,26.429688,18.195312
240.384160,145.725108,26.895833,17.500000
240.928207,146.399460,26.148438,17.539062
239.988754,147.284927,27.427083,17.572917
239.830760,146.721934,27.354167,18.875000
240.009898,147.721725,28.500000,17.958333
239.839722,146.791672,31.468750,19.046875
240.893631,145.151545,27.682292,21.317708
240.635132,147.291021,27.437500,19.359375
240.720428,146.200500,27.953125,19.515625
240.658188,146.484146,27.156250,20.375000
240.175613,146.687119,30.546875,19.406250
240.169245,145.910014,27.682292,19.848958
240.310659,139.940526,28.552083,25.197917
240.580048,146.397797,29.250000,19.500000
240.033488,146.266963,29.697917,18.812500
240.103302,147.919429,28.460938,18.317708
240.099991,147.762985,28.187500,17.875000
237.416962,147.378265,29.593750,17.171875
234.405243,146.897797,32.171875,17.640625
238.976308,146.055511,27.437500,17.890625
238.511063,145.851212,26.958333,18.614583
239.146072,146.521881,26.494792,17.919271
238.953018,146.236633,27.734375,18.445312
238.620895,144.753001,27.067708,19.247396
238.203186,146.817352,29.437500,17.114583
238.904846,146.097641,30.453125,18.898438
239.045512,148.720261,27.304688,16.877604
239.865601,146.428940,27.054688,19.351562
239.540227,148.787450,27.067708,18.299479
238.535665,150.264135,27.812500,17.500000
240.433660,151.253494,27.421875,16.760417
239.294622,147.182999,26.531250,20.036458
239.599594,150.271027,28.187500,18.109375
235.118210,150.679428,32.171875,16.703125
236.096008,150.538803,32.242188,17.710938
238.750854,151.013687,28.250000,17.500000
236.586365,148.083425,30.622396,20.432292
237.306559,147.656235,32.171875,20.791667
239.040777,147.847595,31.729167,20.791667
239.822708,147.564031,27.018229,20.848958
239.695887,148.085826,27.796875,21.671875
239.856873,149.520523,28.052083,20.140625
237.922592,148.294596,30.687500,20.791667
240.069392,149.720998,28.343750,19.489583
240.789683,148.167379,28.460938,21.533854
235.745265,148.875432,32.828125,20.450521
240.196579,147.153641,28.093750,21.984375
235.048676,148.296860,31.937500,19.820312
238.129044,146.748281,29.906250,21.312500
239.786550,149.632655,28.604167,20.531250
239.634842,148.768417,28.500000,20.750000
240.754974,149.292877,28.000000,19.250000
238.717672,147.441803,29.989583,23.520833
240.146795,147.878922,27.523437,21.460938
240.417486,148.622172,28.028646,21.966146
241.404027,148.590958,28.533854,22.976562
241.246989,149.031026,28.817708,20.906250
240.962519,147.909622,29.796875,22.218750
242.898880,147.908427,28.604167,23.656250
243.327494,150.995895,28.281250,21.966146
243.074768,148.906982,28.843750,21.625000
241.851898,147.509918,30.648438,21.109375
243.503693,149.194641,29.156250,19.859375
244.245880,148.918264,29.544271,19.440104
246.479014,147.242859,25.968750,21.317708
245.830831,147.424866,28.906250,22.052083
245.813293,148.655294,27.966146,21.286458
246.013031,148.336105,28.000000,21.500000
246.876190,148.850510,27.682292,20.338542
246.469961,149.049088,29.151042,20.583333
247.419881,149.909363,28.533854,20.450521
247.394216,149.445201,27.437500,21.317708
246.112651,149.861181,28.533854,20.450521
247.238912,149.317830,27.523437,22.218750
247.098724,149.104492,27.296875,21.367188
247.531006,149.051849,27.250000,22.000000
247.576467,151.081894,29.039062,20.197917
248.662211,150.337067,26.947917,20.583333
247.826080,147.210464,28.661458,23.520833
248.249512,148.369766,30.132812,23.429688
249.378428,148.227646,28.359375,22.458333
248.038361,152.061925,30.093750,19.885417
251.074585,152.114914,29.750000,20.000000
251.396576,151.816711,27.882812,20.132812
251.268951,153.635605,28.656250,17.875000
253.570048,151.938822,27.885417,20.236979
250.290812,153.590500,29.989583,18.729167
251.400594,152.815379,30.619792,19.359375
251.669128,154.040192,28.851562,18.679688
252.517822,152.091476,28.187500,20.687500
253.182312,152.475891,27.882812,21.343750
253.940430,153.788040,27.750000,20.500000
254.195465,152.839350,27.223958,21.533854
249.268372,156.019496,33.080729,18.934896
253.777191,156.375885,28.750000,19.250000
256.395142,156.750905,26.356771,19.484375
256.341593,157.791529,27.653646,17.687500
256.812663,159.593969,27.125000,16.812500
257.150462,158.067159,27.651042,18.692708
256.551025,157.549301,29.125000,18.812500
258.886963,160.421036,29.125000,17.406250
258.518260,160.087875,28.729167,17.270833
258.575033,160.185125,27.354167,17.500000
259.741791,159.759766,30.000000,17.992188
260.555206,159.884593,27.833333,17.531250
260.815664,159.423101,27.125000,19.104167
255.669840,162.006439,32.385417,16.812500
258.191477,158.654327,31.333333,20.195312
258.013733,159.079819,31.250000,19.000000
261.914124,160.721059,27.796875,18.354167
262.476624,161.163773,27.640625,17.468750
262.898692,161.470434,27.583333,17.500000
262.597402,160.252462,28.041667,19.333333
264.007884,161.604619,28.812500,17.223958
264.744720,159.263601,29.276042,19.078125
259.008392,161.733002,34.906250,17.468750
264.649882,160.260111,29.291667,18.934896
266.020660,160.760559,32.484375,18.195312
267.372070,161.289403,27.018229,18.177083
268.469259,161.137711,27.354167,19.447917
269.287374,163.820740,28.072917,16.333333
264.543854,164.010849,32.718750,18.218750
270.702677,164.206050,27.114583,17.291667
270.843750,164.172226,27.507812,17.539062
270.176788,162.922877,27.812500,19.333333
270.778442,163.853775,26.781250,18.343750
271.623383,161.308889,26.666667,20.020833
264.628652,163.100438,36.783854,18.773438
270.380768,164.350550,27.966146,17.328125
272.762848,161.476837,27.015625,19.750000
273.135956,165.131775,25.703125,17.953125
272.833171,164.863998,26.666667,17.041667
273.275604,164.004069,27.427083,18.916667
273.729797,165.965988,30.453125,18.218750
273.180939,165.824875,30.062500,18.812500
268.241699,164.636271,35.260417,19.927083
274.762197,165.533122,26.260417,18.682292
271.545247,165.047872,29.989583,19.687500
276.393127,165.595749,25.703125,18.437500
276.146586,165.338379,27.653646,18.614583
276.848480,166.347885,26.312500,16.703125
276.263855,166.008408,28.669271,18.265625
276.775960,165.941167,29.276042,18.846354
279.404917,165.482875,25.916667,18.729167
277.116831,164.799555,28.270833,19.104167
279.612946,165.697937,26.781250,19.046875
279.671112,164.642365,27.250000,19.515625
280.364817,167.226446,27.541667,17.114583
280.495026,166.364212,28.640625,17.085938
281.161611,165.612773,26.755208,19.140625
279.530914,166.907043,30.062500,17.171875
281.542358,167.293854,28.890625,16.468750
282.270915,167.540639,28.500000,16.812500
283.645905,167.499603,27.583333,16.354167
284.893921,166.266266,26.156250,17.625000
288.405029,166.477722,23.799479,17.380208
287.215647,167.780207,25.770833,15.947917
287.501282,167.210312,27.052083,16.161458
287.001160,165.662811,26.375000,17.406250
289.549357,164.988993,24.739583,18.916667
288.035980,164.812408,27.281250,20.484375
289.234690,166.071253,26.356771,19.247396
290.462911,164.134964,26.356771,20.195312
288.775024,163.214630,30.304688,21.101562
290.700063,163.366013,27.523438,22.471354
287.249054,165.545303,33.484375,18.273438
287.595367,162.559464,32.968750,21.625000
293.338003,163.254166,28.083333,21.041667
291.841949,165.629227,30.648438,18.531250
292.631195,164.029073,30.619792,19.848958
294.308177,165.146968,29.328125,19.630208
296.854248,166.265076,26.250000,19.000000
295.227488,163.296494,28.489583,21.617188
296.694519,165.114304,29.000000,19.750000
297.012390,165.959152,29.578125,18.195312
298.538757,167.471313,28.890625,17.640625
301.835714,166.945780,25.062500,17.958333
303.492920,165.126607,24.242188,19.372396
299.080292,163.293427,29.093750,21.164062
298.202576,165.927902,28.552083,20.166667
295.594432,168.136993,32.822917,18.380208
297.434672,166.592016,30.859375,19.885417
296.765757,165.654739,30.604167,20.651042
298.910207,166.739543,29.328125,19.375000
300.462280,168.602203,27.156250,17.710938
300.864431,168.387171,29.044271,17.687500
300.943207,166.821426,27.953125,19.515625
301.596080,165.966873,25.916667,19.927083
302.776998,166.600037,25.408854,19.010417
303.290527,166.620209,27.281250,18.218750
301.750773,167.473028,28.447917,17.158854
301.180115,166.125031,29.044271,18.151042
299.757955,164.065104,30.229167,20.645833
301.937286,164.728149,29.750000,18.500000
302.345968,164.407664,27.927083,17.401042
295.800323,162.374817,33.812500,18.812500
303.470490,163.349899,25.479167,17.401042
299.281169,164.175664,29.276042,16.528646
302.589630,163.095032,24.963542,16.229167
303.788361,162.695155,23.635417,16.161458
303.445414,163.143265,26.304688,16.635417
302.244466,160.091283,25.640625,18.723958
302.714345,160.138789,26.307292,18.468750
299.568044,160.195623,26.437500,17.270833
303.296224,161.320292,24.684896,16.494792
303.304596,159.519653,24.203125,17.453125
303.493835,156.175400,25.046875,20.195312
304.841044,155.526861,21.585938,20.257812
302.747925,157.716370,23.750000,18.937500
302.840393,158.395884,24.463542,19.593750
297.761993,154.505920,27.687500,19.593750
296.970123,153.053507,25.750000,22.312500
297.366770,157.849182,25.437500,15.614583
296.744273,153.721959,26.895833,19.791667
293.799408,150.365489,28.252604,23.513021
293.598195,150.920497,30.440104,20.791667
294.597473,153.749924,29.820312,18.679688
293.016907,150.868683,26.429688,21.343750
291.509257,151.587947,29.510417,19.687500
291.823435,148.665558,26.830729,21.854167
290.632141,149.042348,27.192708,20.338542
288.904083,146.650070,25.460938,22.312500
288.328094,146.563080,26.500000,22.750000
285.667735,147.648249,29.072917,22.947917
284.140930,146.129059,28.328125,23.171875
288.041870,148.570084,23.843750,20.921875
280.173319,146.153417,31.312500,20.955729
280.111287,145.638962,30.195312,23.093750
280.399007,145.039251,27.796875,22.947917
279.756175,148.240672,26.976562,19.307292
278.457214,145.467880,28.421875,22.093750
275.074249,144.741475,31.843750,22.296875
278.914337,144.692032,27.554688,23.429688
273.118286,144.153152,32.000000,23.750000
274.156403,143.093241,29.932292,23.356771
272.546082,143.903854,28.000000,21.250000
273.248423,147.374532,25.986979,17.822917
271.471252,144.652267,26.546875,20.218750
270.216105,144.894241,27.304688,20.195312
270.552185,143.651845,26.156250,20.885417
267.960164,147.493128,25.645833,15.929688
266.005737,146.653305,25.695312,16.859375
264.156789,146.823903,25.640625,15.914062
263.561646,143.531555,26.312500,18.718750
263.269124,142.943497,25.127604,19.815104
260.624451,144.907715,26.208333,18.416667
259.619395,145.529826,24.906250,16.716146
256.753133,144.205602,27.265625,19.364583
256.177745,143.355443,25.859375,18.020833
255.576904,141.947006,24.843750,20.031250
252.858846,140.949916,24.963542,20.484375
251.075409,141.063797,23.734375,20.453125
250.148529,140.609095,24.640625,18.846354
247.752177,139.233953,24.963542,20.484375
245.973195,142.497854,24.145833,16.583333
245.059479,143.524882,26.289062,17.210938
242.105255,142.474269,25.791667,17.822917
241.180491,141.180593,26.083333,18.692708
240.500483,140.403722,26.307292,18.244792
239.385157,131.526738,24.604167,26.666667
239.557785,137.485382,24.492188,19.648438
235.895874,135.629461,26.895833,21.854167
232.310689,134.992747,30.708333,23.760417
233.892537,133.965230,24.744792,21.208333
232.670171,135.390676,25.197917,19.208333
230.188482,139.303421,28.041667,16.125000
227.806686,138.951681,28.098958,16.677083
228.892456,131.938583,27.734375,23.656250
228.336065,133.418701,25.882812,22.328125
228.420227,133.310822,24.492188,21.828125
226.033127,133.647705,26.914062,21.828125
226.576797,133.133865,24.250000,22.000000
226.073914,134.841034,25.218750,20.617188
225.229136,135.294973,24.697917,19.958333
224.949163,134.861191,25.335938,21.164062
224.806290,133.911636,24.734375,23.523438
224.161942,135.592779,24.997396,20.544271
224.775487,134.247208,24.934896,23.986979
224.438080,135.740204,23.250000,24.000000
222.575322,134.786235,24.989583,23.765625
220.214503,134.563838,27.031250,22.947917
220.979233,139.914307,23.395833,18.708333
219.886246,134.498403,24.007812,23.265625
218.392395,135.311569,27.640625,21.828125
218.102376,131.630473,25.739583,24.997396
216.965388,134.737671,25.218750,21.833333
216.369095,131.468109,25.739583,24.997396
216.648722,135.700124,25.479167,20.531250
215.714335,137.907435,24.997396,17.822917
214.785126,138.532059,25.609375,16.000000
213.516591,137.001022,24.963542,17.572917
215.197388,139.508926,24.127604,14.617188
214.103363,138.606511,25.893229,15.606771
209.527145,135.916519,28.421875,15.976562
212.729228,135.898244,24.127604,16.778646
212.017085,134.581436,24.864583,17.046875
210.586446,132.787516,25.130208,17.229167
211.561142,132.460612,23.848958,18.296875
211.793645,133.756999,24.125000,17.458333
211.571671,130.640635,23.635417,18.083333
210.284027,129.023443,24.776042,19.372396
210.127151,127.261612,25.242188,21.390625
210.102539,126.620621,25.140625,22.093750
208.620692,129.418050,27.114583,18.250000
209.713882,125.772085,23.916667,21.625000
208.760701,124.398407,25.171875,23.039062
208.852280,124.433787,24.750000,21.533854
207.883916,121.053680,24.479167,25.197917
207.579341,120.957743,24.744792,26.007812
208.100464,113.910350,24.671875,34.140625
207.571732,122.806630,25.015625,24.739583
207.494944,123.229899,24.145833,24.671875
206.875468,122.974803,24.492188,23.229167
202.559077,122.374700,27.682292,23.765625
203.821055,118.688599,24.223958,28.817708
202.701864,123.190074,25.140625,27.018229
201.070623,124.246582,29.072917,24.989583
200.420817,118.423167,27.828125,30.721354
196.348623,125.813924,31.364583,24.187500
203.244680,124.368820,25.291667,23.083333
203.948090,124.255829,24.408854,21.778646
202.329239,126.385483,26.000000,19.500000
204.984233,119.922434,24.697917,24.934896
200.500717,122.325241,29.000000,28.000000
202.266576,113.633184,26.781250,34.333333
205.505127,118.902206,23.421875,27.796875
204.039617,125.430501,23.916667,19.229167
204.199341,126.373973,23.513021,18.317708
207.535065,127.368362,20.921875,17.875000
201.317739,127.813924,26.083333,17.572917
203.173279,126.891520,24.067708,17.125000
207.379389,128.547775,19.364583,15.947917
201.528976,128.637665,24.765625,15.625000
206.705821,127.432175,19.104167,15.401042
206.959915,126.225327,19.750000,17.796875
201.995692,127.021978,24.953125,16.968750
201.339691,127.201945,24.552083,16.437500
202.342280,123.332525,24.333333,23.291667
202.888489,121.507233,23.531250,19.375000
203.706868,120.919362,22.947917,22.276042
206.010890,121.109782,22.083333,21.166667
200.768417,121.304108,29.218750,20.906250
202.499481,119.600479,26.895833,22.083333
206.467712,122.107864,24.734375,19.406250
205.803950,121.383606,24.604167,22.083333
205.443466,118.353470,27.953125,26.781250
205.293020,118.101415,27.682292,23.276042
205.982315,122.479385,25.479167,18.625000
203.613998,120.893890,29.359375,23.734375
201.512380,120.483851,31.354167,20.828125
206.455551,114.107819,28.070312,24.718750
207.284978,111.100489,26.458333,29.979167
207.749552,112.723244,25.979167,28.250000
206.959585,111.233955,26.078125,28.864583
206.879120,111.130630,27.500000,29.432292
207.430354,113.653356,26.666667,27.833333
208.099604,116.993899,25.520833,22.177083
208.517075,112.334160,26.500000,26.234375
209.173172,108.751732,28.617188,29.710938
208.555247,113.045395,26.208333,22.770833
209.047638,109.130806,26.976562,28.890625
208.238408,104.509862,26.356771,30.815104
209.178040,111.643537,26.601562,22.481771
208.984487,112.569768,27.750000,21.898438
209.506073,102.874008,26.234375,31.015625
209.738027,112.154455,26.914062,20.505208
211.700907,108.369878,26.776042,22.567708
212.046890,93.623039,26.781250,35.289062
211.722397,106.133654,27.541667,22.937500
214.261337,108.853020,27.554688,20.851562
213.321732,97.059547,28.416667,29.395833
216.748245,106.005768,26.523438,20.078125
216.534149,108.042676,30.864583,16.421875
216.160538,107.411179,30.531250,15.765625
218.173986,106.088160,28.500000,17.270833
222.737818,105.173403,25.567708,16.992188
220.109324,106.678006,28.226562,16.494792
220.355423,107.175400,28.640625,16.859375
220.206970,101.105095,28.414062,23.429688
220.955261,106.680659,28.552083,18.968750
220.831640,106.880282,28.072917,19.687500
220.514755,106.211243,29.125000,17.875000
221.790710,106.733269,29.593750,17.875000
221.436325,106.692998,27.114583,18.250000
220.911072,105.976557,26.263021,18.614583
221.038528,105.043724,27.507812,18.898438
220.438024,102.701670,27.304688,19.721354
221.194778,104.872215,26.429688,18.437500
219.532669,104.159409,28.958333,18.187500
218.995687,106.578453,27.114583,16.812500
217.184484,102.460012,27.583333,20.479167
217.091934,103.285604,26.119792,17.351562
215.857040,104.158638,27.054688,17.312500
215.621948,104.162198,27.203125,17.125000
215.981603,104.165789,26.979167,18.020833
215.456457,104.020816,27.653646,17.687500
215.886327,104.013385,28.812500,16.760417
214.422668,104.200516,31.020833,17.729167
214.981003,105.299477,28.125000,16.984375
215.304596,104.300435,28.270833,18.645833
214.663656,104.202245,27.885417,17.919271
214.090454,106.441673,29.125000,17.875000
213.739878,103.792987,29.270833,19.927083
212.733551,102.102005,29.750000,22.000000
211.760539,97.091471,30.458333,27.565104
211.369166,102.748169,29.984375,24.187500
210.633708,103.785965,28.880208,25.567708
210.051956,106.728996,30.531250,22.375000
207.854253,108.923823,32.919271,20.044271
208.815618,107.869840,31.510417,21.515625
208.294739,107.380310,30.804688,23.695312
207.863500,108.421880,29.953125,24.559896
207.098953,106.696205,29.968750,26.593750
206.796814,105.999504,30.536458,24.406250
208.155965,109.099208,30.236979,22.289062
207.960495,108.932490,28.083333,23.208333
206.967321,109.045939,29.143229,21.778646
207.020345,111.783463,29.143229,19.937500
208.272064,110.894653,29.250000,19.750000
207.482208,108.783485,29.500000,22.500000
207.469391,108.717499,30.195312,22.041667
207.846680,110.091543,29.700521,21.117188
206.855911,111.470451,32.036458,20.463542
207.194138,109.508286,30.750000,24.906250
207.615245,111.774640,29.979167,23.570313
206.972193,109.958806,29.979167,24.406250
205.703679,108.338689,30.815104,24.127604
206.740280,109.578547,31.640625,23.083333
207.748611,108.832413,30.536458,20.783854
205.877594,100.107002,31.812500,29.687500
207.000310,108.230530,32.765625,21.619792
205.377772,107.416621,32.468750,22.807292
205.779816,106.473757,32.765625,24.127604
204.828054,109.299596,33.083333,20.765625
203.070358,108.319626,33.265625,21.234375
204.436264,109.537526,34.125000,19.770833
203.558563,109.041570,32.299479,19.937500
202.147919,110.823128,34.203125,18.531250
202.768743,111.394745,31.773438,17.307292
202.905457,112.217232,31.750000,17.250000
203.681335,112.097521,32.088542,17.401042
204.167689,110.042109,31.354167,20.338542
203.120148,108.239494,31.937500,21.109375
202.842697,108.104614,32.145833,20.770833
203.040690,107.893473,32.145833,21.041667
202.664520,104.515869,32.992188,24.515625
203.764918,97.178792,31.937500,29.932292
204.271820,101.592601,31.247396,27.354167
203.865005,103.528275,31.468750,25.375000
203.083989,105.290609,32.781250,20.716146
201.541809,101.043040,34.994792,25.242188
203.768188,104.186831,32.781250,21.010417
202.661418,100.918106,33.322917,25.242188
202.105713,100.014842,33.083333,27.250000
202.377452,99.939400,32.651042,28.348958
202.724350,92.557187,33.770833,34.085937
202.274673,90.308935,33.411458,34.403646
201.859258,97.978986,34.942708,26.630208
203.135432,89.955421,33.411458,35.065104
201.486883,97.276695,34.942708,27.322917
202.397247,101.763481,33.812500,21.343750
202.353149,102.772682,33.500000,21.625000
199.561401,101.534966,36.625000,22.968750
200.551066,102.359324,35.140625,22.562500
200.998952,99.558505,34.546875,24.541667
201.107015,89.184176,35.437500,35.437500
200.851802,89.838140,34.041667,35.630208
200.372635,98.990840,34.000000,29.333333
199.700394,101.126190,34.403646,28.119792
199.448898,100.704002,34.312500,27.906250
199.618149,97.704430,34.583333,32.322917
199.769053,105.992035,34.177083,28.760417
198.047887,100.833405,35.179688,28.994792
196.231445,100.007289,37.380208,29.773438
193.720912,97.195623,39.734375,36.942708
196.472621,99.556315,37.458333,31.989583
191.557266,107.389089,42.265625,27.424479
192.961619,108.141764,39.604167,24.020833
192.224675,108.718353,39.593750,25.036458
193.161667,109.750587,38.734375,22.656250
194.852066,110.467400,37.562500,21.000000
195.583618,109.768356,37.218750,23.562500
195.623962,111.530708,36.343750,20.937500
195.573090,112.284958,38.578125,22.390625
197.707128,112.304654,35.135417,20.635417
194.821808,112.537781,36.234375,21.625000
195.752543,111.492984,35.708333,22.291667
194.655838,112.533674,36.875000,20.541667
193.998993,112.665039,37.132812,20.656250
193.671875,112.178207,38.289062,21.523438
194.306778,110.784398,38.135417,25.257813
194.284302,111.117465,38.497396,24.317708
194.105026,112.373782,39.760417,23.875000
193.911163,110.409760,40.078125,22.781250
194.587794,107.800738,39.427083,24.552083
195.409337,106.959480,39.750000,25.218750
195.952504,107.619647,38.372396,24.481771
195.866196,107.187660,38.812500,25.687500
196.451447,108.694084,38.187500,22.562500
196.376709,101.883751,38.489583,30.500000
195.964208,103.183723,38.781250,27.479167
197.031779,105.032552,37.901042,25.713542
194.403870,104.706917,40.398438,27.585938
202.258606,100.742439,33.250000,37.953125
195.615311,103.462980,40.312500,26.854167
196.599915,98.624199,39.156250,42.250000
197.463679,103.169985,37.921875,40.455729
196.345240,101.263908,40.541667,33.317708
196.507406,93.064102,38.260417,41.302083
197.298676,103.914665,39.250000,30.484375
198.014628,104.632998,40.161458,29.895833
199.875748,104.716616,40.455729,29.234375
200.932785,103.625816,41.609375,30.828125
202.273544,103.031364,39.625000,31.000000
203.014852,99.205976,40.739583,36.000000
201.056076,100.922241,44.640625,33.921875
205.141647,103.672058,42.979167,32.080729
206.666443,103.466179,43.875000,32.773438
208.094381,105.031209,42.562500,31.875000
208.664520,100.413879,41.960938,38.132812
209.987717,105.852961,41.505208,33.484375
211.251450,111.960553,41.302083,27.614583
210.131632,112.161095,41.541667,27.786458
208.749140,114.198947,43.854167,27.208333
209.309535,114.144707,45.625000,26.145833
210.031601,102.103038,43.713542,40.093750
209.119303,111.173256,46.625000,27.234375
208.542033,110.243980,43.825521,28.929688
207.987310,110.105034,42.416667,29.104167
206.687500,112.946579,43.539062,25.960938
206.175278,110.773567,45.648438,31.234375
205.392751,110.465436,45.005208,28.364583
206.109909,111.393379,44.695312,28.906250
205.988312,111.487015,45.250000,26.875000
206.697495,109.145210,45.921875,30.109375
206.039363,106.346095,47.067708,31.963542
207.419423,105.679382,45.708333,32.989583
208.129796,105.674924,46.916667,32.270833
207.876536,105.641792,47.520833,33.484375
208.795380,91.903361,45.583333,47.666667
208.774551,105.506302,46.500000,35.125000
207.091049,106.664940,48.617188,32.054688
207.886261,107.189339,47.718750,31.468750
208.486852,106.654058,45.916667,31.479167
208.105667,109.953217,48.414062,30.882812
208.182281,114.367439,49.437500,24.046875
208.481964,111.604019,48.703125,30.213542
208.577413,114.648796,49.502604,30.877604
207.419373,115.822177,47.401042,28.526042
206.860560,113.783122,49.562500,30.291667
206.648015,112.154526,50.244792,34.906250
206.996231,112.572205,49.815104,34.109375
206.136932,114.642151,49.125000,33.656250
205.029271,113.841232,50.893229,33.703125
206.001633,116.355423,49.984375,31.078125
206.149531,116.569494,50.062500,31.255208
207.086990,119.598541,50.562500,30.250000
207.745845,116.215836,50.880208,32.481771
207.935323,112.551392,50.239583,35.807292
208.951716,117.279485,51.026042,31.546875
208.230362,114.547760,50.359375,35.171875
207.311640,112.576645,50.578125,37.531250
206.415339,114.581609,51.585938,33.812500
206.112422,115.413274,51.145833,31.692708
205.653056,113.020569,52.570313,35.799479
205.070496,114.484792,52.932292,34.007813
205.359553,114.305389,53.239583,34.645833
205.500173,108.259313,52.958333,40.864583
205.387619,111.299942,52.916667,34.838542
204.902761,110.598643,53.239583,34.645833
204.511612,110.133708,54.171875,33.854167
203.173157,110.942886,54.375000,34.687500
204.198201,110.748441,54.302083,34.145833
204.609863,109.819298,53.546875,36.179688
203.158630,108.123474,55.375000,35.890625
202.709239,109.277588,55.541667,37.666667
202.457408,109.339793,56.143229,37.458333
206.490570,108.553894,53.708333,40.770833
205.761047,109.345558,55.343750,37.718750
206.037003,107.993950,56.312500,38.968750
204.806676,108.669253,59.294271,39.059896
206.270111,107.364319,57.000000,41.500000
207.350815,109.145187,56.911458,37.614583
208.026093,108.561852,57.671875,37.812500
208.261363,108.456762,58.463542,37.523438
208.107717,109.605097,59.260417,40.166667
207.633764,108.934992,60.208333,40.302083
209.006897,108.592369,59.398438,47.718750
208.997681,102.975258,60.500000,45.093750
208.812785,106.346519,60.869792,39.643229
208.760997,105.104759,60.078125,54.895833
208.125025,102.064830,61.958333,41.820312
209.748947,100.022835,61.562500,45.093750
210.271673,102.781929,63.591146,42.908854
210.169866,103.257688,61.958333,42.364583
209.670949,100.815648,63.380208,47.520833
209.747681,103.825256,64.234375,40.382812
210.385132,102.433891,64.750000,41.375000
212.453003,101.098709,63.812500,43.398438
216.586095,100.003545,62.502604,42.364583
215.854752,104.791771,64.302083,40.161458
216.731293,102.075592,68.666667,43.291667
217.679626,99.370674,64.789062,45.375000
219.269394,99.131129,66.552083,45.643229
219.971420,99.168282,70.507812,45.078125
221.986888,97.792328,65.750000,47.666667
222.247208,98.109159,65.458333,42.437500
222.434097,98.874171,65.838542,41.661458
221.608866,97.183367,68.489583,45.085937
220.188278,98.322278,67.458333,43.395833
220.080953,96.499354,68.747396,41.872396
219.417786,93.626472,68.187500,45.791667
219.659170,92.420520,69.526042,48.619792
219.768295,92.618301,71.984375,47.320312
221.428848,91.489189,68.640625,52.187500
222.504069,92.613599,67.989583,48.322917
224.280919,90.735255,70.755208,53.020833
222.201121,94.656253,69.177083,45.625000
222.039083,93.044258,74.567708,46.317708
221.725403,88.616013,71.687500,52.187500
222.835068,89.018593,70.036458,48.697917
223.033513,86.870435,69.875000,51.145833
222.622894,93.471344,68.557292,45.625000
222.479818,93.820381,70.447917,45.140625
222.527359,90.509758,71.625000,49.260417
221.187505,95.627210,69.565104,47.114583
220.846471,92.078702,69.859375,50.437500
220.218155,93.199837,69.507812,50.375000
221.131836,94.445198,70.171875,47.721354
222.734451,96.255692,70.773438,46.322917
223.550191,90.087664,69.572917,51.247396
223.656260,87.915591,71.385417,53.182292
223.124451,88.616837,71.687500,54.770833
224.494410,88.296740,69.541667,58.526042
223.880819,88.054026,69.268229,59.059896
224.013458,89.042618,69.734375,60.007812
223.451111,91.406647,66.843750,57.437500
220.852153,86.447029,70.750000,59.125000
220.695307,88.403257,70.838542,60.296875
222.254837,85.458074,69.122396,60.354167
221.399063,84.211319,72.218750,62.812500
221.446920,85.625371,73.041667,61.958333
222.535217,85.167038,69.203125,60.765625
222.243896,82.785606,68.447917,59.005208
222.989431,81.145981,69.791667,71.776042
222.037720,83.988106,67.750000,61.492188
220.184814,87.212593,71.546875,55.421875
219.119446,91.984329,71.218750,57.437500
215.145279,96.226387,75.000000,55.000000
211.806015,100.075058,78.031250,52.796875
208.186259,103.508789,71.114583,43.994792
205.493510,78.854515,73.473958,70.953125
202.912684,81.988866,71.776042,67.807292
201.823583,65.665357,70.270833,80.661458
201.099345,66.537259,70.270833,82.666667
200.917404,67.392082,66.843750,82.921875
200.006042,96.250542,68.833333,54.187500
199.725606,84.667834,67.591146,64.664062
199.426727,94.286827,68.445312,51.062500
198.867162,96.561419,68.468750,50.609375
197.051631,97.301839,68.781250,49.325521
196.140213,95.929311,68.984375,48.111979
195.101695,96.853508,68.682292,52.510417
194.856547,96.512838,65.869792,47.510417
192.039942,99.339630,67.203125,52.104167
190.201385,99.765457,69.250000,52.187500
189.204107,67.585063,66.697917,82.812500
184.473195,98.127513,72.614583,52.432292
183.944387,100.918569,70.322917,50.156250
186.278900,96.182877,66.421875,57.781250
182.707169,99.138898,69.906250,53.955729
185.323832,98.993154,66.716146,53.317708
184.572525,99.207781,67.596354,51.414062
184.490300,96.336866,68.604167,52.625000
185.813115,88.613597,69.796875,55.541667
182.156784,89.743889,72.328125,51.578125
184.317769,57.882477,67.354167,79.476562
183.362045,81.610621,68.596354,49.856771
181.823074,79.514860,68.989583,51.197917
178.205470,76.723190,69.177083,51.203125
177.400589,74.682907,68.273438,47.906250
177.642715,71.266134,66.598958,50.497396
177.628260,67.014832,65.645833,51.750000
177.951569,63.020630,66.203125,57.671875
179.173436,56.291835,67.354167,60.973958
181.344849,60.361610,65.968750,55.468750
183.383341,66.665543,65.015625,51.208333
183.982712,43.495140,65.367188,86.421875
185.849920,62.981461,65.911458,61.500000
187.681717,47.160416,64.750000,82.875000
189.977783,50.284317,65.968750,81.718750
192.487228,50.534592,64.937500,84.187500
194.297684,63.866453,63.757812,72.414063
194.342575,53.440002,67.000000,78.000000
196.768239,73.133456,64.020833,63.304687
197.052099,52.280846,65.135417,84.921875
196.549428,49.610222,64.020833,81.924479
196.255234,47.854584,64.750000,85.000000
195.188995,44.143867,68.375000,85.218750
196.381297,43.153936,65.627604,82.757812
197.197703,41.825439,67.835938,78.591146
199.648987,39.021057,61.625000,82.843750
200.272420,46.244100,63.562500,76.223958
203.211700,39.726608,61.375000,79.343750
205.542709,39.847267,62.031250,77.289062
206.045410,42.138056,63.036458,78.906250
204.812027,51.321320,64.210938,74.382812
202.772242,44.653898,65.218750,81.630208
200.220856,50.031174,59.500000,79.000000
197.742538,49.607475,64.984375,78.492188
196.859431,51.604739,60.906250,76.437500
194.597885,51.329163,62.140625,77.070312
192.707260,52.745898,62.315104,78.906250
193.102402,55.292618,67.117188,80.195312
193.546209,55.795240,62.713542,78.518229
195.394592,53.933815,62.812500,78.625000
195.860016,53.291573,63.531250,80.781250
198.099767,52.694176,63.562500,77.713542
199.279480,50.554021,62.468750,77.104167
199.909434,47.727717,63.260417,76.291667
198.228867,46.744965,60.656250,75.750000
196.984909,44.067952,61.244792,79.458333
194.526891,45.678337,62.979167,77.562500
193.378067,45.186549,63.304688,77.627604
193.587585,45.276810,60.578125,77.289062
193.183604,45.684952,62.364583,76.635417
193.175542,47.798968,64.020833,76.911458
192.231522,47.835462,62.250000,79.020833
192.833252,47.621602,59.541667,73.445312
192.205643,49.647598,61.492188,75.398438
192.186839,50.552373,60.322917,74.979167
194.202347,74.244415,61.468750,51.625000
194.746379,79.372485,60.333333,45.666667
196.112503,53.422020,60.484375,75.671875
196.375473,81.906120,61.429688,46.820312
200.076843,84.600670,58.585938,43.398438
200.018127,85.232452,58.750000,41.906250
199.915344,85.793701,58.601562,41.492188
200.920252,77.844073,58.958333,49.208333
203.345276,82.692711,57.843750,42.796875
204.287064,83.949371,56.781250,42.968750
203.311874,86.511482,58.234375,42.765625
204.160456,85.025963,55.166667,46.833333
205.498810,83.892883,56.781250,48.281250
204.988118,83.509036,56.515625,51.617187
203.490036,82.912847,56.989583,50.270833
202.382370,82.499290,56.468750,49.812500
202.172134,84.576752,57.023438,48.703125
202.709895,83.529147,54.848958,49.354167
203.213089,83.157028,53.828125,47.898438
205.356415,81.691409,53.078125,50.973958
205.814748,80.553391,52.705729,52.161458
208.364471,75.021996,53.289062,59.218750
212.846695,60.005409,52.031250,73.664062
215.847519,72.157181,53.500000,57.583333
220.688624,87.674021,54.000000,40.197917
224.846217,70.324226,52.552083,56.760417
229.057831,57.520905,51.671875,71.617188
231.954529,56.349520,51.859375,71.638021
233.892273,55.356987,50.281250,68.687500
235.261770,56.247421,49.346354,67.705729
235.978790,55.437108,48.916667,68.083333
236.889069,56.187950,49.726562,65.968750
237.679382,55.965248,48.500000,69.875000
237.031372,61.300786,47.700521,64.252604
237.256358,61.488060,48.192708,70.638021
238.746572,63.242531,48.125000,68.062500
239.237935,65.052989,48.708333,64.809896
240.255920,66.069275,47.289062,63.109375
240.564758,65.711057,46.416667,68.557292
242.085602,66.377975,48.083333,64.562500
243.572754,66.348000,46.877604,63.718750
244.269379,63.729637,46.625000,64.304688
244.907939,63.810282,46.416667,70.828125
243.852509,63.794912,47.666667,68.083333
243.722473,65.970154,46.703125,61.937500
242.925293,62.736389,46.562500,64.000000
242.711182,62.376396,43.773438,63.734375
241.086100,65.310847,44.614583,63.937500
241.193329,86.457954,43.911458,41.682292
240.040507,67.262314,44.348958,62.322917
240.049072,89.605232,42.908854,39.643229
239.474640,68.450539,43.796875,60.812500
239.477183,66.326688,45.526042,64.302083
239.881256,68.529251,48.812500,66.812500
240.830983,66.148796,47.666667,61.083333
240.446686,64.665749,45.437500,60.625000
242.473541,63.725189,48.437500,63.531250
244.456014,63.878128,43.578125,60.041667
246.055420,65.605873,44.125000,57.062500
248.044861,62.578743,48.109375,74.804688
249.309011,63.634773,43.859375,57.596354
250.607330,64.673302,49.679688,70.093750
251.313639,63.731267,49.354167,58.695313
250.401062,62.115753,49.812500,58.687500
250.911275,63.139600,49.484375,58.958333
250.686523,61.973513,42.796875,55.057292
249.616099,62.244232,40.119792,53.864583
251.258952,60.341423,37.690104,54.778646
251.486450,83.681557,36.742188,31.023438
252.599060,83.113457,37.250000,30.906250
252.825043,83.376564,36.447917,31.260417
252.858215,83.321709,36.161458,32.481771
253.892202,84.058332,36.309896,31.265625
255.292592,83.273829,35.390625,30.583333
257.047516,85.961769,35.453125,27.367188
259.335073,81.480199,35.666667,30.333333
260.537455,82.696391,33.750000,28.973958
260.819702,82.445412,33.812500,29.218750
260.526683,82.392492,34.583333,29.093750
260.661346,81.608866,34.401042,28.729167
258.720693,84.403069,34.494792,27.734375
257.670787,81.502998,33.322917,29.093750
257.679901,81.216960,32.770833,28.958333
257.090118,81.284503,33.229167,28.890625
256.347198,84.593310,31.565104,27.783854
255.869670,83.816867,31.812500,28.791667
255.059916,83.821289,31.989583,28.890625
254.552622,83.503209,34.833333,28.187500
254.008820,84.449875,33.455729,27.783854
254.582235,83.766273,31.059896,28.890625
255.660756,84.230202,30.648437,27.953125
256.758820,86.031192,30.604167,25.166667
260.968872,83.602554,28.750000,28.750000
261.709198,89.038101,29.875000,23.750000
263.945404,87.107836,29.432292,25.015625
266.449025,88.999746,28.585938,24.127604
269.912842,87.358215,29.156250,25.437500
272.558075,88.971619,28.562500,23.218750
275.884308,88.223412,28.359375,24.375000
278.283600,85.887299,27.812500,25.916667
279.281911,85.259694,28.028646,25.242188
281.741211,84.653313,28.070312,25.882812
283.733714,85.842412,28.307292,22.455729
286.156281,86.601687,27.302083,19.411458
287.057312,81.033577,26.750000,24.750000
288.497274,80.069745,27.523438,24.239583
289.110982,80.120234,26.520833,23.968750
289.446818,80.143814,25.739583,23.916667
288.362966,80.295179,27.018229,23.481771
289.126373,80.546389,26.765625,23.734375
289.908254,80.140806,25.500000,24.223958
290.052104,80.521985,26.265625,24.223958
293.089417,80.545074,24.250000,23.500000
290.893127,80.077446,28.250000,24.000000
293.689097,76.273488,26.520833,26.000000
294.976440,79.708000,26.213542,23.531250
296.164469,79.770475,26.010417,23.203125
296.353892,80.625954,23.734375,23.229167
295.682983,81.614385,23.760417,22.322917
292.473602,82.406308,23.458333,23.916667
289.811676,83.929756,23.523438,21.585938
288.631714,82.313347,22.786458,23.945312
285.117645,82.851799,21.101562,23.523438
284.090668,85.531657,21.627604,20.236979
281.401459,84.551430,22.656250,21.343750
280.669688,83.287664,22.500000,22.723958
279.444244,76.508057,20.921875,31.468750
279.089661,78.326304,23.513021,29.945312
279.889130,78.889023,25.218750,30.947917
279.725403,80.491280,24.515625,30.257812
281.131409,84.037964,22.328125,26.156250
281.803955,80.511276,21.882812,31.937500
282.962362,86.971886,22.354167,25.739583
284.323364,85.674057,22.500000,27.750000
284.120260,88.842438,21.833333,25.739583
284.922719,93.085556,22.770833,24.007812
286.180298,89.578583,19.648438,27.882812
285.470093,92.607574,19.648438,25.703125
286.247955,96.645925,19.309896,23.713542
285.797373,97.545456,19.151042,22.692708
285.827484,97.755295,20.031250,23.531250
285.964844,97.981705,19.804688,22.750000
286.324188,100.992287,18.937500,20.031250
287.040120,103.259595,19.541667,18.291667
286.881694,99.033068,17.822917,20.000000
287.143209,98.243070,18.489583,19.059896
286.938293,97.915688,18.187500,18.578125
286.729716,97.241089,17.158854,20.200521
286.608531,95.378825,18.682292,17.953125
285.956207,92.543228,18.609375,19.328125
285.190979,93.224777,16.562500,19.000000
285.097321,89.953644,19.148438,22.023438
285.722056,87.236857,18.135417,21.963542
284.648102,85.809517,18.921875,21.234375
285.565572,85.616353,16.239583,18.645833
286.533712,84.741956,17.729167,20.200521
285.547943,84.331406,18.070312,16.812500
286.444031,82.314934,15.953125,19.046875
285.139557,82.324745,16.760417,16.937500
286.033569,81.507975,15.557292,17.927083
287.470388,81.298431,15.049479,17.419271
288.108134,82.401718,14.166667,16.333333
287.641693,81.730197,14.343750,16.091146
288.676941,82.929520,11.312500,15.843750
287.881429,84.897024,15.596354,13.291667
287.671499,86.129468,13.906250,12.216146
286.726807,86.536995,12.523438,12.677083
286.878499,85.524963,13.752604,14.674479
286.100240,83.722336,15.289062,15.750000
