275.000000,160.000000,73.000000,74.000000
278.573212,161.250000,75.265625,76.796875
281.300262,161.275553,75.661458,76.455729
285.020009,160.587326,76.455729,75.661458
287.799947,160.838928,76.455729,74.867188
290.809052,160.145737,76.750000,75.171875
294.394226,160.271500,77.791667,74.625000
297.592936,159.753270,77.250000,76.455729
301.777181,161.387390,77.197917,75.593750
304.381083,160.553431,77.250000,75.661458
308.179749,160.860504,76.703125,75.109375
309.614614,160.706828,75.416667,75.416667
311.185079,157.513763,74.927083,76.500000
311.062683,151.276382,75.171875,81.484375
313.040843,146.323161,75.174479,89.846354
312.951640,142.243912,74.458333,95.812500
313.592275,141.683980,75.817708,94.302083
313.923004,142.338852,75.156250,94.578125
314.032379,144.749130,74.937500,94.302083
313.541667,148.630051,74.718750,94.903646
312.664052,151.321365,73.841146,94.903646
312.444000,152.530233,74.281250,95.218750
312.826660,153.428711,73.625000,93.750000
312.124084,153.752274,74.710938,92.054688
312.073842,154.813670,73.625000,90.052083
311.298798,155.677973,74.010417,87.593750
310.111542,157.375356,74.791667,85.692708
309.572632,158.704905,75.166667,78.500000
310.230296,159.561498,73.752604,78.549479
309.526489,160.754893,74.072917,82.809896
308.707082,162.668543,74.593750,77.046875
309.661733,162.530095,73.354167,84.364583
308.362244,164.532684,74.828125,84.671875
307.584534,164.816406,75.531250,84.640625
307.014933,164.086538,76.596354,79.919271
307.356415,163.589584,74.937500,87.125000
305.154246,162.675115,75.861979,90.161458
304.752299,163.732173,74.682292,86.677083
303.283335,164.593506,77.307292,88.208333
302.875061,165.602351,76.395833,92.674479
302.543396,167.577072,75.375000,92.000000
301.174561,169.028488,75.578125,89.453125
301.456970,170.543427,74.458333,85.562500
302.352793,172.254964,75.166667,86.833333
302.238627,172.327021,75.020833,89.320313
302.653412,173.671021,76.557292,88.442708
302.364756,174.100586,77.252604,89.247396
301.760885,173.777023,78.812500,92.645833
301.751383,173.030136,77.578125,92.541667
303.143870,173.643570,77.578125,92.541667
302.307566,173.566833,75.802083,92.328125
301.812612,173.918752,76.218750,91.781250
301.569875,175.923706,76.395833,90.960938
301.839854,175.671875,75.992188,91.507812
300.893219,175.104553,74.906250,92.093750
300.808879,176.146673,76.854167,96.679687
301.376170,176.721547,75.593750,93.354167
301.028473,177.005386,76.898438,91.729167
301.378815,177.887919,75.802083,87.109375
301.327108,179.648554,75.479167,85.635417
301.759705,180.250504,75.398438,82.085938
302.044861,182.238785,74.828125,77.289062
303.216736,180.921524,74.867188,78.044271
302.697205,180.646881,76.703125,75.906250
304.867096,177.632924,74.867188,76.455729
306.292877,174.825974,74.382812,76.750000
305.297760,173.375056,76.500000,75.713542
304.922760,173.401098,78.044271,75.661458
305.872264,172.934901,76.950521,76.950521
305.579285,174.868591,77.500000,78.296875
306.335602,178.542577,78.802083,81.208333
305.455292,185.302862,79.500000,81.953125
307.294342,191.373505,78.015625,81.328125
304.530874,197.334188,79.424479,78.598958
304.681539,198.394267,80.065104,80.065104
302.932129,196.349670,81.250000,79.578125
301.916199,197.189560,82.156250,78.015625
299.629801,196.205271,81.580729,78.257812
299.623698,198.400752,79.088542,79.088542
297.834808,201.321101,80.000000,79.177083
295.769368,203.367762,81.075521,81.075521
294.154968,206.054103,82.666667,81.833333
292.576538,207.845815,85.114583,82.591146
290.489207,209.512232,89.111979,82.132812
290.338348,211.164871,83.828125,82.937500
289.165070,211.699631,84.250000,83.382812
287.915039,210.891006,85.875000,84.125000
288.737956,207.574025,85.114583,85.114583
288.170227,204.622111,88.914062,83.585938
287.486877,202.173126,86.351562,85.453125
287.162659,201.399689,90.583333,84.312500
287.292857,198.681218,83.942708,85.765625
287.149607,197.957942,83.343750,84.229167
286.321442,196.697495,83.250000,85.000000
286.199046,196.572495,83.494792,85.250000
286.815501,195.528402,82.859375,84.619792
286.742544,194.863759,83.005208,83.877604
287.432749,193.479635,83.630208,85.369792
288.485128,193.552902,82.617188,84.372396
289.283315,193.489105,82.760417,83.630208
289.405701,194.913589,82.515625,83.382812
291.257263,193.740412,81.406250,84.000000
290.947367,195.319000,82.888021,83.750000
291.841248,194.872345,82.515625,84.250000
291.718852,193.877553,82.760417,85.369792
294.327118,193.759501,81.020833,82.760417
293.337524,192.785543,83.000000,83.854167
294.143524,192.311035,82.515625,84.250000
294.021098,191.316213,82.760417,85.369792
294.531514,190.498510,82.617188,85.250000
295.090118,190.623505,82.375000,84.125000
295.019806,190.561005,82.515625,83.382812
295.413300,189.981313,82.270833,84.864583
294.449717,190.911001,83.005208,83.005208
293.827332,189.421417,84.250000,85.117188
293.960144,189.105011,83.984375,84.867188
294.442657,189.153224,83.494792,84.372396
293.933624,188.883926,83.630208,85.369792
293.799347,188.897324,84.125000,84.125000
295.703186,189.349030,82.375000,84.125000
294.545959,189.685760,84.250000,83.382812
295.772441,189.334320,83.877604,83.877604
295.884755,188.877808,83.877604,84.750000
294.183746,187.971878,85.000000,85.000000
294.792653,188.720189,83.739583,82.859375
295.557587,188.494314,81.890625,84.500000
293.782806,188.619293,83.382812,84.250000
293.133789,189.273717,83.877604,83.005208
292.822601,189.396113,84.500000,83.630208
294.981140,189.803563,82.132812,83.005208
294.172546,188.569188,83.750000,83.750000
294.544942,188.941579,83.877604,83.005208
293.998810,187.608114,83.630208,83.630208
294.261129,186.359828,83.877604,83.877604
294.786377,186.131449,82.760417,83.630208
293.311015,185.654205,84.000000,83.135417
295.553192,184.846909,82.132812,84.750000
295.239390,183.232325,82.760417,84.500000
294.244598,183.107330,83.877604,84.750000
295.328664,182.841751,82.617188,84.372396
294.299988,182.116038,83.630208,82.760417
294.857269,181.371246,83.382812,83.382812
294.298645,179.073039,83.630208,86.239583
292.228017,179.176117,85.114583,84.229167
292.793121,178.415695,83.984375,83.984375
291.683990,177.032852,84.125000,84.125000
291.999095,176.470352,83.494792,83.494792
293.236074,174.228160,83.630208,87.979167
292.577616,173.940999,84.963542,84.963542
292.028168,173.473557,85.114583,88.656250
293.304199,173.180969,83.468750,87.093750
292.679199,171.979095,82.937500,89.171875
292.439616,170.377533,83.416667,88.791667
293.218262,170.249924,83.656250,89.945312
293.289235,169.471700,82.994792,89.302083
293.856934,169.315735,82.757812,89.046875
292.631673,169.160660,83.416667,89.687500
293.293121,168.790049,82.093750,92.005208
293.058746,168.695328,83.468750,92.531250
293.284302,169.303040,83.265625,93.320312
293.049927,168.291341,83.734375,93.846354
293.317688,168.220016,83.968750,95.031250
292.400726,167.430038,84.671875,95.828125
293.079783,164.969762,84.906250,97.958333
293.325287,165.756653,84.187500,97.421875
293.168457,163.766815,86.312500,98.500000
293.066386,162.663406,85.333333,98.750000
291.771993,159.817006,86.546875,99.854167
290.932821,159.216309,87.250000,99.708333
290.790497,156.009079,85.562500,102.859375
290.198619,154.549555,85.791667,102.171875
290.517242,154.020065,86.523438,102.859375
289.434174,153.330073,86.020833,102.445312
288.967407,153.754298,86.020833,102.445312
287.960571,153.165802,86.250000,102.718750
285.978821,153.464081,87.218750,102.718750
287.883097,153.949987,85.507812,102.992188
288.710968,155.834381,85.281250,102.718750
288.538177,156.648621,84.601562,101.898438
287.386871,155.977463,85.333333,103.541667
287.552755,157.767039,85.208333,101.854167
286.917338,157.739685,86.479167,102.992188
288.003357,159.262161,85.656250,103.375000
288.486633,158.611343,85.960938,104.515625
287.961914,160.485148,85.880208,102.658854
288.297811,160.453568,86.187500,103.812500
287.936879,160.728912,85.432292,103.104167
287.292114,159.812393,85.960938,104.515625
288.965302,159.120651,85.960938,104.515625
288.585368,158.398768,84.125000,104.906250
287.064494,158.514211,88.145833,103.812500
288.527496,157.633362,84.343750,103.195312
288.985128,156.495255,83.786458,106.187500
289.034607,154.948380,85.656250,105.343750
288.501251,155.043126,85.114583,104.906250
289.346558,154.440715,85.208333,105.770833
288.806915,153.995499,85.656250,106.328125
289.838633,154.876073,84.450521,106.049479
291.393768,155.865636,84.760417,106.187500
290.844910,156.955882,85.432292,108.994792
292.258006,157.526326,85.114583,106.885417
295.222636,159.351145,85.507812,105.906250
295.777842,160.393438,85.791667,106.026042
294.085693,161.799728,88.445312,104.781250
295.268840,161.933238,87.718750,106.989583
295.309479,163.676453,88.445312,105.742188
295.140076,163.827026,88.445312,105.742188
295.179983,163.746552,89.166667,106.416667
294.446625,161.951492,89.640625,108.703125
294.401042,159.409103,88.927083,110.908854
292.325429,159.075562,91.500000,111.296875
291.239858,157.976491,92.250000,112.210938
288.920532,155.896530,92.500000,113.468750
288.289642,155.657608,93.453125,113.468750
288.141429,154.854228,92.250000,114.111979
286.479034,152.728088,93.453125,115.375000
285.646027,150.846664,94.661458,115.687500
284.644135,148.344905,95.875000,116.958333
284.102936,147.162064,96.132812,116.312500
285.070241,143.910868,95.427083,117.588542
282.874634,142.060908,97.791667,117.916667
281.726074,137.732910,99.015625,119.195312
279.105377,135.554001,100.937500,119.195312
277.750285,133.486338,102.020833,120.476562
278.783651,132.115728,102.291667,121.770833
277.426392,130.262466,103.375000,123.062500
276.917460,128.464650,105.453125,123.359375
276.862793,126.986267,106.625000,124.906250
278.473358,127.675329,104.859375,124.205729
277.457957,124.905421,107.093750,125.281250
276.650930,125.232666,107.708333,125.151042
277.233337,123.676132,108.460938,125.859375
276.597972,123.197576,107.979167,125.466146
281.610260,120.929153,104.125000,124.750000
285.135132,118.514816,101.031250,124.750000
276.929108,116.323491,109.554688,124.028646
283.704274,113.914068,103.083333,121.833333
282.517883,112.031998,104.906250,125.687500
277.881805,110.536697,109.281250,125.781250
279.565104,108.620890,106.718750,126.411458
277.033051,108.860245,108.520833,125.062500
278.179810,108.128703,106.471354,126.312500
277.472209,109.062424,106.471354,126.312500
276.175547,107.815155,107.755208,127.447917
274.956675,108.220744,108.291667,128.083333
274.341746,109.381627,108.291667,124.958333
273.636780,109.738042,107.486979,125.062500
274.932068,108.800084,106.950521,125.466146
278.694621,109.470683,104.893229,124.437500
277.299937,110.711914,106.145833,122.479167
276.204397,110.890645,106.895833,123.187500
277.553772,111.465866,106.414062,122.789062
279.704508,113.143677,104.859375,121.151042
279.637238,114.374146,105.609375,121.859375
277.632070,115.500437,108.104167,119.218750
278.982788,117.171646,107.000000,118.000000
277.191050,118.525731,108.580729,116.476562
277.979970,119.324860,108.580729,115.489583
279.219299,121.266052,107.031250,113.903646
278.758474,123.897293,106.877604,111.734375
280.976196,126.320923,105.625000,109.500000
281.406718,130.325277,104.632812,106.606771
285.288544,133.767288,98.656250,102.562500
284.005219,137.142039,99.854167,100.804688
285.568268,141.557327,95.828125,97.687500
281.348145,144.604787,102.052083,96.489583
282.405273,147.443924,100.562500,95.031250
289.761749,150.593379,93.846354,94.765625
289.692291,153.241241,94.234375,95.148438
287.148092,156.017929,96.333333,92.666667
288.021464,159.867411,94.979167,91.364583
289.325684,162.261480,92.906250,91.104167
288.731761,162.498759,93.703125,90.067708
289.975677,161.362762,91.625000,90.718750
289.870361,162.091873,89.945312,91.742188
290.598674,162.938965,85.765625,92.145833
291.348969,165.726624,85.942708,96.786458
291.249257,166.887105,84.205729,99.164062
291.351919,166.020762,83.729167,101.591146
288.583649,167.298269,86.546875,102.705729
288.798096,167.932846,84.536458,102.992188
290.204030,167.489171,83.565104,103.963542
290.385417,168.402033,82.593750,103.963542
290.300741,167.959462,83.122396,105.343750
289.783427,167.562810,82.812500,106.187500
290.304545,166.550262,84.229167,105.770833
290.826355,168.016205,84.007812,105.492188
291.095886,167.808670,83.468750,106.049479
291.092682,165.854121,84.229167,106.750000
291.355591,164.626617,83.687500,107.312500
291.626200,165.411316,83.906250,107.593750
291.782522,165.968379,85.114583,107.875000
291.307892,163.155487,84.343750,110.140625
291.682526,161.847677,84.562500,110.427083
291.234568,160.943914,85.880208,110.554687
290.429891,159.745982,86.776042,109.716146
290.165131,158.064758,87.320312,112.125000
289.054850,157.541636,88.541667,111.421875
287.523865,154.607986,90.296875,112.125000
285.493225,153.820735,91.526042,106.447917
281.575043,151.774490,94.265625,115.101562
281.470001,150.519592,95.000000,110.000000
278.187551,149.186798,97.979167,107.875000
278.334554,148.420425,97.494792,115.401042
276.375163,147.600403,99.484375,107.442708
274.466817,145.100123,101.671875,117.463542
275.902771,144.905502,100.218750,119.070312
274.076843,142.905050,102.263021,111.286458
275.066193,142.460938,102.203125,120.062500
273.820435,141.830098,102.468750,116.395833
269.430013,140.565445,107.721354,117.695312
269.454000,140.188232,107.979167,116.208333
269.849355,138.661194,107.093750,117.197917
265.855255,136.584824,110.851562,116.898438
266.956970,134.406845,109.000000,114.000000
263.831940,132.567200,111.572917,108.557292
262.479309,130.194946,112.328125,106.468750
262.847280,126.432521,112.708333,107.721354
260.881856,125.326391,113.411458,118.385417
260.843445,123.911229,113.411458,115.401042
260.592285,122.784546,111.601562,114.437500
260.880005,122.018372,112.328125,113.304688
262.012624,120.740962,109.111979,111.932292
262.459198,121.181732,108.859375,110.687500
263.290527,120.697200,107.635417,111.312500
264.697845,120.087453,105.466146,108.239583
266.574422,119.180161,104.833333,107.614583
267.023590,118.682251,103.265625,106.984375
268.767120,119.648422,102.052083,106.687500
269.303243,119.324071,102.171875,105.817708
269.721741,120.073303,99.497396,102.208333
270.358521,121.389526,99.828125,100.726562
271.837972,121.075012,96.604167,100.281250
272.919047,123.690130,95.520833,97.338542
273.931335,125.708369,95.609375,96.510417
275.469757,126.648346,93.539062,94.437500
277.810659,130.491603,92.466146,92.466146
276.819427,131.255371,93.625000,92.734375
277.245178,133.889074,93.895833,91.216146
277.286987,136.824956,92.145833,91.234375
276.033376,140.188700,94.489583,88.880208
278.355876,139.760259,92.794271,89.158854
278.653961,139.585175,92.265625,90.421875
278.595367,139.510941,91.937500,92.875000
277.547760,139.042755,94.151042,94.151042
279.882823,138.707011,92.750000,95.617188
278.931040,138.551076,94.463542,99.281250
277.981903,140.576986,94.763021,97.723958
278.718567,139.677450,95.010417,98.968750
279.410217,138.348450,95.000000,100.000000
279.035431,139.083913,96.223958,100.276042
278.545837,140.300186,97.203125,100.273438
278.301046,140.240041,97.692708,102.835938
279.655212,139.662079,97.072917,105.427083
280.230743,139.864838,96.976562,105.414062
280.182088,139.452123,95.687500,107.260417
280.671254,138.660461,97.213542,107.786458
280.395070,137.600571,97.093750,109.906250
281.723633,137.400162,95.875000,109.890625
282.067383,137.993515,95.187500,110.171875
282.681040,136.385106,94.958333,110.973958
284.370941,135.715836,93.046875,111.242188
284.180410,137.894501,93.210938,108.049479
285.270264,136.981735,92.078125,110.921875
284.554728,137.673345,91.479167,110.416667
286.433339,138.141047,90.205729,109.096354
285.331014,138.501612,91.979167,108.520833
284.852132,140.269196,90.583333,108.291667
284.861298,140.861705,90.945312,109.554688
285.615845,143.695236,90.359375,109.062500
287.019867,144.601044,89.687500,109.281250
286.624390,144.855408,89.687500,109.281250
285.458984,146.750702,90.718750,110.312500
284.369853,148.570658,90.945312,109.554688
283.945740,150.244080,90.718750,111.343750
282.657603,153.345500,91.291667,109.760417
282.788269,156.029958,90.945312,110.588542
283.062002,158.489553,90.807292,109.604167
282.966614,160.166199,92.208333,110.864583
285.124542,161.405975,91.398438,110.101562
285.129944,162.534251,91.158854,112.432292
286.214101,165.474202,89.132812,111.419271
284.409658,167.555496,89.916667,111.135417
285.393483,168.943649,90.145833,110.406250
285.138184,167.574056,89.458333,112.578125
282.374817,170.130712,93.184896,110.406250
283.749481,170.296763,90.145833,111.419271
282.992635,170.098404,90.927083,110.125000
282.471598,170.660868,91.937500,111.135417
281.616577,168.388967,93.479167,112.578125
282.848562,169.700333,92.760417,110.713542
282.094666,169.089813,94.265625,111.132812
281.653320,168.646194,95.257812,112.125000
281.532542,167.603663,96.736979,114.502604
282.953491,170.638641,95.500000,112.234375
282.026499,169.682760,95.750000,112.528646
283.230448,168.949539,94.763021,114.502604
281.037598,171.116577,96.000000,111.833333
281.520915,169.509669,97.723958,114.502604
279.933990,170.204102,97.242188,115.101562
279.147288,170.332021,97.747396,113.705729
280.387238,169.647705,98.000000,114.000000
280.400787,168.711899,97.242188,115.101562
280.318268,169.134857,99.226562,113.117188
284.282654,160.834396,96.250000,121.054688
277.052053,157.981003,99.958333,124.697917
275.234965,158.079041,101.736979,124.677083
271.899536,156.453644,105.179688,126.015625
271.478709,154.911392,104.729167,127.669271
269.869141,153.263474,106.820312,128.992188
268.898285,151.907501,107.640625,129.984375
267.189636,152.156174,109.484375,127.906250
267.540426,151.025330,110.036458,129.580729
264.688538,149.166951,112.458333,129.125000
265.585022,149.261063,110.437500,128.500000
263.641479,146.013753,111.770833,128.812500
262.411865,145.245041,112.312500,127.296875
263.208557,142.226629,112.583333,127.604167
262.374573,139.092016,112.583333,125.458333
263.195058,137.015793,111.500000,125.583333
264.731038,134.641703,109.364583,124.385417
261.025909,132.488876,112.312500,124.085938
264.374969,130.017268,107.476562,119.307292
262.661041,127.504181,109.101562,119.804688
259.960358,125.755615,110.687500,118.070312
260.187083,122.204147,108.291667,116.625000
257.617991,121.701864,110.036458,114.151042
258.521942,121.227163,107.367188,111.419271
257.216217,119.123505,108.718750,109.716146
257.405457,117.765289,107.164062,108.156250
257.749786,116.234528,106.328125,107.312500
256.640066,115.614538,106.187500,103.265625
256.078451,115.912689,104.934896,102.020833
255.034729,116.243027,104.656250,100.781250
255.495331,117.420390,103.135417,99.281250
256.743093,120.000824,103.263021,98.484375
256.993174,121.423711,103.375000,97.687500
257.063629,124.818944,102.812500,96.213542
256.952728,126.380900,103.755208,96.213542
258.887960,130.759099,102.427083,95.791667
259.783447,133.065155,102.427083,94.843750
262.013662,136.650406,100.531250,93.895833
262.964610,139.739939,99.710938,94.070312
265.432098,141.696640,97.562500,91.937500
266.271545,144.118663,96.093750,92.364583
269.359904,147.621918,91.854167,90.927083
267.009501,150.352575,94.765625,89.250000
267.787598,151.734543,93.187500,89.500000
268.504059,155.870234,93.583333,88.083333
270.068105,159.386902,91.598958,86.976562
274.491028,163.927078,88.578125,85.812500
275.792206,166.189209,88.906250,87.093750
275.700877,170.886480,89.000000,88.083333
279.363108,176.231923,88.825521,88.825521
280.630046,179.060237,88.145833,90.000000
280.990621,182.322622,88.825521,89.750000
281.612244,183.825439,89.500000,93.187500
285.107330,186.747482,87.250000,92.875000
285.103729,185.954066,87.703125,95.161458
284.717957,186.747752,87.703125,99.822917
284.721100,186.307149,89.645833,105.062500
284.452240,187.037008,91.322917,107.031250
284.442200,186.125671,91.763021,105.726562
284.839691,186.579102,91.289062,109.148438
284.809357,184.736394,92.473958,109.562500
285.579020,185.839106,92.473958,108.557292
285.545898,186.136480,92.171875,107.367187
285.553090,185.585236,93.184896,112.432292
285.818837,184.673050,94.916667,112.270833
287.580414,184.628515,95.395833,114.890625
286.851959,184.819168,96.593750,119.453125
286.984924,185.382095,97.937500,118.562500
288.362274,183.878189,97.390625,119.156250
288.177795,183.001724,99.406250,120.343750
287.730906,183.189946,99.651042,123.789062
287.928243,181.418930,102.184896,125.617188
287.950643,180.851410,101.364583,126.989583
288.021128,180.501577,102.927083,127.604167
286.981008,180.609517,103.916667,128.833333
285.988953,182.401917,104.250000,126.835938
283.102936,180.982498,106.960938,129.437500
284.008657,181.522176,105.635417,128.057292
282.712555,180.637472,106.703125,130.192708
281.187734,183.133525,108.575521,128.812500
282.304199,183.044963,106.445312,129.877604
280.970103,182.903997,108.575521,128.812500
280.400289,182.103317,111.770833,129.877604
281.089589,181.028666,111.229167,131.367188
280.128876,180.240021,114.177083,130.192708
280.517456,178.504700,115.523438,131.578125
281.978851,177.259293,114.476562,131.768229
281.533244,174.371231,118.562500,130.536458
281.742655,172.904180,118.588542,129.578125
279.121084,171.702245,119.687500,130.677083
278.467163,172.979309,120.539062,129.476562
277.353271,171.947952,120.526042,129.546875
275.548370,173.362854,121.375000,128.125000
275.164337,171.090383,122.489583,128.166667
273.233307,168.010941,122.734375,129.625000
270.641642,167.125692,124.161458,129.916667
271.248596,165.205668,122.489583,129.302083
271.028656,164.480408,123.625000,127.000000
270.751984,163.715240,121.375000,125.875000
271.450338,161.775391,121.096354,126.708333
271.582764,162.297302,119.703125,124.140625
272.756104,162.908188,119.968750,124.375000
273.058014,163.014974,118.799479,123.122396
273.073232,163.604965,117.968750,120.020833
274.784180,164.117071,116.598958,118.609375
276.175863,164.927007,114.802083,120.739583
278.071757,165.794688,114.723958,117.825521
277.414805,165.198212,114.294271,117.302083
278.796082,164.437393,112.718750,118.812500
278.522552,160.159342,113.291667,122.479167
280.123383,156.161794,111.901042,125.375000
281.910990,153.739868,110.973958,126.989583
281.607544,151.566427,110.895833,128.479167
280.641652,151.468145,109.619792,128.656250
280.072622,149.401789,111.085938,129.989583
278.458842,149.478032,111.859375,129.776042
278.038269,148.441803,110.484375,130.593750
277.113831,146.872421,111.250000,130.375000
275.370087,146.685471,110.125000,130.375000
275.607605,144.819346,108.750000,130.075521
274.233704,143.140518,109.750000,130.140625
273.211151,142.452443,109.500000,129.843750
274.439056,141.912506,107.484375,129.007812
272.140503,141.063980,107.875000,128.125000
272.328461,138.596476,107.729167,127.031250
273.677612,137.844371,105.458333,125.895833
272.174866,135.339808,107.729167,127.031250
273.380707,133.714264,105.218750,125.609375
272.535583,132.139359,105.218750,124.476562
272.603485,131.047760,105.218750,124.476562
274.028717,130.034607,104.085938,124.476562
272.368368,128.211355,104.739583,130.674479
271.444631,127.798640,105.981771,126.747396
271.828573,126.904536,105.033854,123.325521
266.640483,127.815704,110.630208,132.104167
271.869985,127.244039,106.000000,131.666667
271.908641,126.496953,105.531250,129.921875
272.979095,124.454605,105.062500,124.718750
266.595957,124.157735,112.145833,128.187500
266.074504,123.161774,113.661458,125.276042
267.891520,123.697906,112.500000,124.114583
276.681630,122.718150,104.369792,124.114583
268.994639,121.458303,111.750000,124.440104
269.962189,121.760651,111.250000,121.585938
268.901764,123.866165,112.398438,119.289062
270.848897,125.272949,109.606771,116.466146
267.891388,127.621607,111.760417,112.890625
273.079620,128.888301,105.270833,112.145833
271.806274,130.166814,105.140625,111.859375
272.364685,132.002986,104.656250,112.458333
277.930969,135.093674,99.312500,110.484375
276.382721,136.923340,100.057292,109.854167
273.693420,137.972295,101.385417,110.114583
275.071564,137.451462,101.242188,111.156250
274.281199,137.191045,100.609375,111.677083
274.053294,136.217087,100.375000,112.520833
272.709534,136.508759,100.843750,111.937500
270.267253,136.638967,102.822917,112.783854
269.196655,135.288712,103.138021,112.117188
268.280914,134.727514,104.260417,113.239583
267.446136,135.339493,106.351562,113.148438
264.888743,133.467214,108.463542,114.179688
262.870514,133.145594,111.338542,114.822917
262.594482,132.252365,110.710938,115.429688
260.452698,132.842209,113.070312,115.429688
260.180929,131.741948,114.059896,115.250000
261.351257,132.687256,112.164062,115.750000
262.308289,131.874756,111.437500,116.187500
261.714539,133.656006,112.625000,115.000000
262.527527,132.468506,111.437500,116.187500
263.933960,133.062256,110.250000,116.187500
265.967163,134.017848,110.468750,115.177083
270.071503,135.221176,108.531250,115.468750
270.065562,135.261119,112.145833,115.583333
273.501851,134.648987,111.135417,115.677083
277.662364,135.527420,109.619792,115.218750
283.111084,136.156184,107.598958,114.192708
288.918701,136.092453,104.250000,113.929688
291.957631,135.491302,105.671875,115.187500
294.743724,136.154139,104.630208,113.864583
294.575806,135.791433,108.187500,115.333333
299.455343,136.326640,103.604167,114.890625
299.958750,136.860494,105.541667,114.588542
300.530680,135.711329,106.546875,115.593750
302.900787,135.580627,105.179688,116.093750
302.997996,135.481379,106.723958,114.703125
302.671672,134.979925,107.875000,117.770833
299.852366,134.075673,111.833333,118.760417
300.610657,131.875051,111.286458,120.309896
299.508301,133.346848,112.718750,117.796875
300.839060,132.399373,111.286458,118.304688
298.293498,131.459427,115.757812,115.757812
298.971781,126.627080,116.625000,120.791667
298.966553,122.494385,121.312500,126.781250
297.266490,121.930445,122.218750,126.708333
299.876750,121.728699,123.604167,123.604167
299.033223,122.165202,122.205729,123.317708
300.892242,120.955811,122.773438,123.890625
299.436788,120.133377,124.177083,124.177083
300.815247,120.491379,125.875000,123.625000
299.261851,118.617406,127.536458,125.296875
298.699819,120.014704,128.166667,122.489583
299.057231,118.782145,127.583333,124.192708
297.653046,122.604202,128.713542,119.671875
295.141001,125.272074,130.973958,117.411458
295.355611,123.021271,130.291667,119.145833
293.871826,122.410385,132.625000,120.250000
292.596954,117.093170,135.125000,124.718750
291.112152,119.856842,134.867188,120.898438
289.797750,116.961339,135.729167,125.276042
286.795532,117.285614,136.937500,124.046875
283.790497,117.766159,137.562500,123.312500
281.496938,117.984512,134.291667,124.770833
280.232178,118.861984,135.765625,124.046875
279.048564,119.442449,131.572917,124.385417
277.422638,128.311371,132.812500,116.187500
274.584198,125.353083,130.291667,119.416667
272.345917,133.875397,132.234375,112.135417
271.723114,134.744980,123.312500,112.625000
268.565765,135.809296,124.867188,111.890625
268.038452,135.511017,120.937500,112.625000
265.347951,137.491079,123.044271,112.380208
264.054789,137.831736,120.791667,113.604167
263.389242,138.729065,117.885417,113.114583
262.612946,140.813655,112.380208,111.195312
261.832947,140.986481,110.843750,112.000000
261.592834,139.601613,105.981771,112.903646
261.196218,141.522547,101.588542,111.760417
259.227458,140.952840,97.742188,113.309896
258.027008,141.496994,98.510417,112.289062
258.040680,141.162120,97.791667,113.572917
257.224152,139.826335,98.843750,114.625000
258.432515,139.893097,97.072917,114.825521
256.734833,138.894058,98.671875,116.335938
256.191193,138.907761,98.359375,116.156250
254.856517,137.745234,97.552083,116.442708
254.994507,137.366547,98.031250,117.015625
254.752299,136.336466,98.161458,118.447917
254.387644,136.964645,97.796875,118.231771
253.331818,136.452749,98.395833,118.317708
254.509338,135.960541,98.111979,118.843750
253.541056,135.681976,98.968750,119.651042
254.325806,134.420247,98.421875,119.697917
253.929057,134.796387,100.768229,120.502604
255.577393,134.654282,100.687500,118.812500
254.104706,132.423416,104.171875,119.703125
256.014191,132.445221,105.937500,121.906250
258.273570,132.914139,105.697917,121.630208
260.998901,133.952433,106.455729,120.361979
262.081207,134.448868,109.257812,122.062500
264.103668,133.940216,111.156250,125.218750
267.752716,136.874023,110.250000,123.312500
270.556244,139.233658,113.070312,123.687500
273.453003,141.204178,114.250000,123.687500
276.509521,144.410609,113.565104,123.044271
279.589579,143.700933,113.250000,124.942708
285.095398,147.599335,111.091146,121.520833
284.060394,148.308268,115.210938,122.132813
287.850342,151.920898,113.546875,119.289062
290.173431,151.695709,113.148438,118.812500
289.573792,153.173401,116.546875,117.679688
293.556447,153.199910,114.541667,117.947917
291.270009,151.926758,117.729167,117.729167
288.882172,151.180283,119.125000,118.000000
291.779999,150.834869,116.875000,116.875000
288.630839,150.589706,118.851562,115.484375
283.753082,147.139282,123.343750,118.812500
282.568695,147.326019,123.625000,116.875000
281.513957,146.221344,124.177083,117.458333
279.645447,144.281006,129.776042,119.697917
279.429199,144.783417,128.278646,118.317708
281.968435,145.530807,126.416667,118.578125
281.439178,146.617416,126.578125,117.765625
283.304535,146.399353,124.083333,118.588542
284.250529,144.160105,125.583333,121.250000
283.898977,142.144501,122.533854,121.458333
283.663300,141.882782,121.945312,121.945312
286.418091,139.055339,117.781250,123.041667
279.960632,136.079880,121.234375,122.289062
277.548676,135.998739,122.135417,117.958333
282.857300,133.998459,115.750000,115.750000
284.137624,132.137884,113.690104,114.723958
282.848704,130.588440,111.901042,109.828125
283.256989,128.882421,111.416667,108.291667
283.346995,128.585831,111.468750,104.104167
283.156738,127.832626,111.140625,102.828125
284.924408,127.115448,110.101562,98.671875
284.159454,126.877421,109.096354,96.502604
284.833679,127.921687,108.843750,96.156250
285.514791,127.049118,108.049479,95.330729
286.174937,126.636353,107.786458,95.098958
285.779114,126.224899,108.578125,94.867188
286.445475,125.977844,107.786458,95.098958
283.940277,125.566391,108.578125,94.867188
283.476908,125.979151,108.843750,96.156250
282.915324,125.169540,109.640625,96.859375
282.954051,125.624797,109.640625,97.924479
282.560669,125.350128,110.171875,99.468750
282.768066,126.042145,110.171875,98.398438
282.616211,127.819199,109.101562,97.328125
283.353689,127.729975,109.109375,97.450521
284.028259,127.625092,109.375000,97.687500
285.693197,126.063121,109.333333,101.000000
286.357544,127.494141,109.281250,98.968750
287.398407,127.703018,110.229167,101.041667
287.747833,127.913681,113.583333,104.536458
288.843536,130.937831,114.312500,103.083333
289.937866,132.382874,114.750000,103.578125
292.397135,133.172897,113.445312,105.341146
294.722534,135.366150,110.851562,104.804688
294.574849,136.865417,112.416667,107.442708
295.000488,139.765966,110.968750,106.895833
294.576640,139.941706,111.419271,107.367188
292.506124,138.869939,113.445312,108.380208
296.721354,137.960861,107.486979,107.486979
294.885162,136.928452,109.000000,109.000000
293.480896,136.575236,108.278646,107.276042
298.293396,135.973689,103.265625,109.281250
295.195831,135.473007,106.328125,111.250000
299.676117,136.872599,101.031250,111.135417
300.489380,135.982437,100.218750,114.109375
301.218760,135.280767,101.520833,115.593750
299.051331,133.936981,102.562500,119.828125
299.771810,134.314865,102.062500,121.458333
298.312561,133.362091,106.625000,123.890625
296.633362,131.903183,106.414062,125.859375
297.428986,130.231659,106.208333,129.125000
294.732931,132.198288,107.755208,127.447917
296.418121,130.121078,104.906250,128.804688
288.694000,130.663218,112.656250,130.231771
292.036764,130.400126,107.486979,131.265625
291.308736,130.256790,107.486979,131.265625
290.609253,131.438583,106.187500,130.937500
288.936096,130.710098,107.486979,132.299479
288.114126,129.593369,109.007812,131.638021
288.015615,128.968536,108.291667,132.250000
286.841329,128.145615,108.291667,132.250000
285.848185,127.266281,107.250000,130.166667
288.469666,126.043381,103.093750,130.937500
283.838531,124.718786,107.486979,130.231771
285.580190,123.303233,105.419271,129.197917
284.481313,122.851313,107.486979,130.231771
280.023458,122.341924,110.416667,130.406250
279.516174,121.287201,109.875000,129.765625
282.767802,120.512288,104.898438,129.036458
275.384633,120.960409,112.244792,127.986979
278.960815,119.842361,107.260417,129.354167
279.114685,120.038361,107.523438,127.562500
281.859060,119.240514,105.682292,127.447917
277.291667,119.875509,107.515625,127.356771
280.554525,118.714238,104.645833,127.447917
274.311076,117.703145,110.786458,127.203125
275.779215,115.356664,109.828125,128.484375
278.820506,114.248332,106.718750,127.447917
282.639709,114.524602,102.578125,127.203125
274.581991,114.276616,111.065104,126.494792
277.399048,112.493515,108.460938,126.882812
273.249237,112.624329,114.601562,127.906250
272.107117,113.322439,118.265625,127.523438
271.912689,113.799286,118.359375,126.817708
269.391357,115.506332,120.843750,125.921875
269.729523,116.001282,121.234375,124.398438
269.841085,118.333099,122.169271,124.205729
270.578094,119.927521,122.875000,122.875000
271.765289,122.412415,123.953125,122.945312
271.741364,124.606206,125.281250,120.229167
270.936523,127.628220,124.906250,116.781250
271.521047,130.210032,123.635417,111.572917
275.425273,131.848699,120.309896,109.281250
270.096741,133.538376,123.317708,107.276042
275.055756,133.895081,116.898438,106.820312
270.911509,135.785934,117.302083,105.270833
271.197734,136.529765,115.177083,104.062500
270.448883,138.073303,114.882812,102.789062
270.772797,139.444646,113.583333,100.515625
272.425049,143.396454,108.835938,97.750000
271.519562,142.272909,107.721354,97.747396
273.423869,144.435547,103.052083,95.979167
273.471741,144.166326,103.052083,95.979167
272.284739,146.295074,104.328125,95.210938
272.292450,146.951645,102.320312,94.132812
271.400757,150.591904,105.390625,93.109375
272.882640,152.245453,104.385417,96.114583
273.017466,154.243429,103.338542,96.028646
272.175720,156.423965,102.828125,95.554688
271.827342,157.764414,102.578125,100.526042
271.101776,159.000748,96.976562,102.250000
270.965454,159.039413,98.671875,102.828125
270.345469,159.454661,94.403646,102.799479
269.781342,159.573374,94.606771,104.893229
270.207540,158.117864,95.635417,106.950521
269.568878,157.955983,96.114583,107.486979
270.256734,155.850688,93.578125,109.007813
269.631531,154.842555,94.046875,110.588542
270.996399,153.149765,94.515625,112.179688
269.727509,149.922699,97.390625,113.973958
268.683899,148.003265,99.328125,115.187500
270.018036,146.303513,99.812500,116.812500
269.408223,143.682515,100.630208,118.648437
269.629120,140.942429,103.000000,120.000000
270.341441,138.634567,103.500000,121.651042
272.408630,137.079081,103.500000,121.651042
269.453735,133.857071,107.250000,123.187500
271.220408,132.352544,106.145833,123.312500
271.699554,130.068700,108.575521,125.617187
271.667765,128.949900,108.575521,124.552083
271.445567,127.624486,110.169271,127.127604
269.165273,125.644867,112.041667,125.921875
269.082642,125.935623,113.382812,127.296875
270.431702,123.823461,114.177083,124.854167
268.023499,123.713211,115.523438,127.296875
267.181671,123.632111,116.593750,127.296875
268.111633,121.637914,116.080729,125.760417
267.310028,122.083359,116.312500,125.921875
268.527171,120.190684,114.966146,124.552083
266.510376,120.056651,115.468750,123.947917
268.684296,119.250092,113.851562,126.507812
266.044037,117.738968,115.960938,126.507812
267.274648,116.993744,115.677083,124.093750
270.885956,117.543686,113.218750,122.570312
272.352142,117.252884,110.864583,119.156250
275.829865,125.772486,105.921875,107.979167
274.515472,126.303090,107.708333,105.656250
273.538900,125.462957,107.708333,106.682292
271.247142,117.562536,109.333333,113.500000
269.835327,118.182933,110.648438,112.736979
259.606801,117.629247,118.708333,113.500000
256.378723,117.741089,122.687500,115.468750
255.116007,117.807312,124.093750,114.625000
256.622426,118.466787,121.531250,116.244792
256.294983,117.871613,122.125000,116.812500
255.889750,117.806819,123.609375,117.156250
257.077372,117.544164,123.609375,117.156250
257.414764,116.364441,123.710938,118.281250
259.634816,115.883143,122.421875,118.161458
257.894775,115.875931,123.710938,118.281250
258.562469,116.020905,122.828125,117.437500
261.988770,115.784515,120.875000,118.734375
259.990601,116.427155,122.828125,117.437500
260.217143,114.950017,122.718750,118.447917
258.640849,114.132584,123.609375,119.307292
258.969676,113.078771,124.385417,121.166667
256.691315,110.539902,125.687500,122.406250
257.695608,108.824895,125.283854,123.122396
257.261353,107.996994,124.299479,123.208333
257.943217,105.811579,122.695312,123.791667
257.623159,103.754756,122.458333,124.666667
254.837189,100.439178,125.476562,125.476562
253.358612,98.397792,125.770833,124.666667
255.315959,94.390915,123.057292,125.296875
254.438416,89.749725,123.317708,127.765625
254.814077,91.854747,122.218750,122.218750
255.411743,89.565094,121.656250,122.773438
262.996206,87.884730,112.651042,119.557292
257.209045,88.567871,119.421875,119.421875
261.439697,88.789251,116.015625,118.270833
258.220683,87.147263,118.869792,119.981771
260.738841,89.704132,116.338542,117.458333
262.652771,90.437439,113.835938,117.187500
260.545024,90.568532,116.645833,116.645833
262.638519,93.599828,113.572917,112.458333
266.562113,92.505905,109.463542,113.890625
263.737274,94.802017,108.000000,110.229167
266.203888,99.889816,104.791667,105.895833
265.129669,98.737061,103.812500,106.000000
265.481384,101.286377,104.906250,104.906250
264.591064,103.333862,107.093750,102.718750
264.103872,104.433263,107.677083,102.234375
261.788635,106.791351,109.281250,103.812500
261.168864,108.078552,110.570312,100.609375
260.516897,109.907898,111.994792,103.203125
258.300568,112.733078,115.562500,105.648438
259.391978,115.972972,115.833333,102.583333
260.160350,119.048721,116.117188,104.057292
258.971954,119.808609,119.703125,106.390625
253.383942,122.351512,125.296875,106.260417
259.538849,124.844940,119.945312,106.351562
250.820791,126.062419,129.578125,106.500000
258.101481,125.190384,119.825521,104.828125
256.570007,126.964096,121.638021,106.143229
259.161530,128.722183,120.812500,105.281250
256.585327,130.037882,122.695312,104.057292
259.072876,127.846903,121.093750,107.750000
248.497874,131.062302,127.979167,107.000000
257.800273,128.436539,120.492188,111.388021
257.011678,135.131022,122.117188,107.932292
257.662476,138.579193,120.671875,106.656250
253.784403,136.171234,122.041667,111.234375
254.219961,137.848969,120.093750,108.291667
254.715210,126.716975,121.166667,120.093750
258.063059,114.167206,117.588542,133.486979
261.138214,134.213526,112.783854,112.783854
258.171377,127.050898,116.442708,119.591146
258.915151,129.248301,113.973958,116.046875
259.872009,122.608398,111.703125,123.890625
262.382660,113.505783,109.671875,132.015625
263.438639,122.152781,106.729167,123.645833
265.352539,114.476466,103.052083,129.322917
265.514669,128.278722,102.000000,115.677083
267.664917,133.129318,99.000000,111.000000
268.284027,138.168152,100.000000,108.000000
268.293884,132.941772,99.000000,114.000000
268.588989,139.800842,97.000000,108.000000
268.026642,143.752075,97.484375,104.593750
269.878316,144.977641,95.210938,105.341146
270.531494,146.957947,93.421875,104.593750
269.672119,151.059494,94.000000,103.000000
269.812927,151.633723,94.242188,104.268229
269.116943,154.147369,93.000000,102.000000
269.172414,155.722580,92.520833,102.468750
269.787598,156.014954,91.763021,102.734375
269.550201,157.533966,91.289062,101.210938
269.450592,159.417801,92.520833,101.473958
269.593018,160.463455,91.000000,102.000000
271.521973,160.886922,89.072917,102.927083
269.366547,161.980672,92.760417,102.734375
271.617554,163.699600,91.390625,102.562500
270.816895,163.619888,91.234375,102.263021
271.590332,162.852966,89.687500,102.789062
271.819499,162.614685,89.229167,103.265625
271.934082,162.747498,90.000000,103.000000
272.733327,162.642349,90.231771,104.268229
273.901296,162.745209,89.916667,105.072917
273.786702,164.130620,91.158854,103.315104
274.986084,163.624115,91.158854,104.328125
274.736938,163.348190,91.158854,105.341146
275.601410,163.456268,91.854167,105.125000
275.882670,163.190643,93.343750,105.656250
277.042796,165.209737,94.046875,105.419271
277.368622,166.725077,94.916667,104.104167
276.760244,165.629598,96.664062,106.950521
276.658763,166.951070,98.182292,108.520833
277.042297,169.573303,99.250000,107.437500
277.514303,169.942383,101.283854,109.554688
277.935547,174.728043,102.562500,106.625000
278.762695,175.065186,102.789062,106.820312
279.459513,175.317947,104.536458,107.552083
279.879598,176.217997,106.723958,108.718750
281.518728,175.232112,106.723958,108.718750
282.137207,174.968363,107.593750,108.580729
283.148224,175.171570,108.296875,109.281250
282.757314,174.501394,108.580729,109.567708
283.637828,172.839564,109.687500,109.687500
284.272888,172.542720,110.666667,110.666667
284.342509,170.990219,111.645833,110.666667
285.582092,168.724569,111.645833,110.666667
285.468272,166.963628,112.625000,111.645833
285.271779,165.432271,112.625000,111.645833
285.938110,163.015081,112.921875,111.940104
288.360535,159.526932,108.296875,113.218750
282.041626,156.738190,115.101562,113.117188
282.072489,155.446376,113.515625,113.515625
280.067200,150.503098,115.101562,116.093750
281.738159,148.403804,113.812500,118.760417
281.656179,147.464498,112.578125,117.604167
281.889313,144.759054,114.703125,118.692708
281.469737,143.214305,113.411458,121.369792
281.868683,141.997620,113.005208,122.169271
280.840434,140.724726,113.291667,123.500000
281.084768,139.205256,111.986979,125.223958
282.079569,138.890188,111.622396,121.960938
281.090535,136.997452,113.445312,123.575521
281.459849,137.250885,113.156250,122.250000
282.344727,136.772959,112.656250,126.096354
281.841461,136.602620,112.520833,125.145833
281.424784,136.589055,114.729167,136.187500
279.971619,136.432175,115.750000,127.000000
280.600606,136.034302,114.177083,126.989583
280.099447,134.424194,114.476562,130.687500
278.533661,134.913523,116.385417,132.713542
279.405192,135.522964,113.388021,130.846354
279.578461,135.605270,114.750000,139.906250
279.766907,135.510849,113.546875,127.328125
278.742411,135.240758,114.479167,126.481771
281.597382,136.674515,108.828125,141.281250
278.612213,136.859431,114.192708,126.281250
279.735799,136.105031,111.195312,126.937500
279.830109,137.578161,111.994792,128.479167
280.085236,137.003082,114.953125,126.125000
278.956543,137.022781,113.656250,132.250000
279.693237,136.746262,114.695312,141.109375
279.927917,136.896515,109.773438,136.070312
277.837545,134.333008,109.854167,144.229167
277.724121,135.379801,107.614583,130.375000
278.461233,133.679774,107.973958,134.148438
278.916931,132.375565,103.210938,143.406250
278.753510,132.988312,104.812500,122.507812
279.901438,134.304347,101.781250,120.817708
279.687490,136.314321,99.906250,125.182292
278.927032,139.530930,96.846354,125.036458
276.546936,141.787415,97.750000,123.625000
275.689657,143.705185,97.302083,124.177083
273.984741,143.227249,98.875000,124.750000
271.344086,143.850922,98.421875,122.210938
269.455912,144.401901,98.421875,121.937500
270.540446,143.642812,94.158854,121.096354
268.751099,142.995667,96.406250,120.812500
267.647125,143.258077,95.281250,116.606771
269.040314,140.555028,97.708333,119.687500
267.906494,137.265915,103.062500,121.921875
268.835002,134.840861,104.656250,124.718750
268.927917,131.008835,106.750000,124.750000
268.061086,128.003738,106.885417,125.833333
267.290883,126.163183,109.463542,127.171875
269.085734,122.609634,109.463542,119.424479
268.754364,120.661621,109.906250,130.192708
268.341644,117.769989,113.046875,128.578125
268.897237,116.463018,112.458333,132.520833
269.435059,114.257309,113.500000,130.375000
270.072235,111.586029,113.046875,127.468750
269.405762,110.971985,115.023438,131.312500
269.856750,108.137258,115.533854,127.765625
270.896057,105.791260,117.484375,129.687500
270.049408,105.192886,118.593750,127.468750
271.261271,103.529577,119.406250,125.984375
272.741842,102.725311,121.093750,125.541667
272.900085,101.220871,121.312500,123.500000
273.618724,100.905884,121.458333,122.533854
271.710002,100.323654,122.718750,120.583333
273.030782,99.352086,122.135417,122.135417
273.561900,100.279490,122.588542,119.416667
273.938822,98.751561,122.630208,119.614583
272.846649,97.798157,123.062500,119.125000
273.473267,97.813273,121.757812,119.794271
275.660258,98.313365,120.375000,118.385417
274.582082,99.112656,121.437500,116.541667
274.028493,97.470520,120.739583,117.770833
274.423879,98.508698,120.802083,116.937500
273.188507,98.857437,120.796875,116.901042
274.986176,99.464554,118.450521,115.489583
275.040446,101.646250,116.541667,113.604167
275.103241,100.817413,116.234375,115.257812
274.008911,98.452759,118.812500,117.830729
274.670970,98.683161,113.411458,117.390625
274.673655,98.731369,112.289062,117.302083
274.799001,98.073552,108.187500,119.416667
274.306305,97.358444,107.437500,120.742188
274.153961,95.751597,106.718750,121.229167
274.016042,95.519684,105.427083,120.046875
272.507721,95.543935,107.346354,120.502604
272.584432,95.360321,105.895833,122.458333
271.332214,95.628326,105.648438,122.171875
271.577484,95.839493,105.140625,121.937500
269.139150,96.254415,108.122396,123.908854
267.859192,97.730998,106.593750,123.625000
267.172821,97.637268,108.953125,123.882812
266.923706,98.373352,107.078125,125.328125
264.610819,100.030258,108.708333,125.895833
263.379944,100.613632,109.257812,126.718750
263.018524,100.092784,109.770833,128.687500
261.103699,100.861313,111.156250,128.734375
260.444946,100.970367,111.890625,129.585938
259.561371,101.381821,113.359375,130.093750
257.916107,101.054743,115.500000,132.197917
256.867676,101.173798,114.828125,131.781250
257.185588,101.864461,115.072917,133.276042
254.681254,102.517492,116.052083,134.411458
255.770396,104.272807,116.281250,133.635417
254.046875,104.450216,118.760417,133.635417
254.935415,105.324295,116.239583,132.523438
253.554871,103.021866,118.010417,134.192708
253.959930,102.748199,116.718750,134.328125
252.165344,102.493469,117.765625,135.156250
252.866801,102.466558,118.744792,135.028646
252.299683,103.068095,118.989583,134.052083
253.404043,102.815511,118.989583,136.562500
253.278534,103.423635,120.244792,137.817708
254.594096,104.491643,119.997396,138.786458
256.704173,105.580221,119.997396,138.786458
258.179555,105.740534,120.500000,139.171875
260.082967,107.577672,120.986979,137.067708
260.100169,108.202352,122.687500,138.666667
262.447632,108.091766,121.203125,139.601562
262.426880,108.684408,122.614583,138.424479
264.735067,108.864766,121.833333,138.750000
267.162669,110.830251,119.161458,138.453125
269.622304,110.282654,119.078125,139.354167
272.489227,109.435277,117.666667,139.833333
273.018931,111.768102,116.364583,137.130208
274.314667,111.910034,116.203125,137.875000
278.903168,113.666870,111.601562,135.062500
280.094238,115.729594,111.677083,133.812500
281.228109,117.475230,111.731771,132.562500
286.632080,119.410248,107.734375,128.218750
288.813446,122.584717,104.750000,128.526042
291.021779,124.978185,103.174479,126.835937
294.124227,128.242752,98.265625,124.203125
297.003621,131.442347,95.416667,120.093750
298.450165,133.683283,91.533854,118.161458
300.227030,134.611303,91.533854,117.096354
300.856598,137.669968,90.687500,114.177083
299.069387,139.345500,96.390625,110.169271
298.391978,141.965424,97.562500,106.145833
297.071899,142.475845,99.812500,103.000000
297.886322,143.129878,100.205729,104.382813
296.057495,143.587697,103.351562,104.385417
296.047150,145.317398,104.640625,103.593750
294.278595,141.571457,107.260417,109.364583
295.476095,147.496195,106.145833,105.072917
294.387390,146.927887,107.250000,108.312500
294.599752,147.048381,106.911458,107.992187
294.836823,146.199005,106.960938,112.312500
294.348450,146.318756,106.588542,113.119792
295.308462,145.633840,105.750000,114.479167
295.322652,145.457998,107.932292,115.570312
296.520589,146.188466,106.841146,114.479167
295.701192,145.225382,106.588542,117.473958
296.394216,148.021042,107.166667,114.750000
295.972076,146.592992,107.166667,116.916667
295.112854,145.697103,107.932292,117.752604
295.005524,146.217692,109.072917,117.718750
295.204926,145.520264,107.734375,119.593750
294.004659,147.349182,109.364583,119.020833
294.002258,148.325348,111.510417,117.947917
294.840953,146.940821,108.575521,121.356771
296.114136,144.359680,110.437500,124.250000
292.245087,140.034302,113.109375,130.192708
292.144897,139.146978,113.656250,130.822917
289.615112,136.603770,116.638021,133.929688
288.956116,136.616969,116.638021,133.929688
288.755615,136.392944,117.380208,134.463542
287.606628,134.666214,115.281250,134.687500
287.036845,135.097076,118.648438,135.606771
289.777985,133.944504,116.593750,135.859375
290.047333,134.549591,116.593750,135.859375
291.373505,133.095474,115.523438,136.929688
290.973378,132.860901,114.966146,136.268229
290.205892,130.914413,117.302083,136.333333
287.834198,129.267151,114.408854,135.606771
282.107686,127.616186,116.312500,135.531250
280.709015,127.271398,118.447917,134.463542
280.265625,125.376801,114.453125,134.789062
279.947083,124.036682,117.664062,133.718750
282.318298,121.947205,110.968750,133.609375
278.725677,120.017792,117.437500,132.531250
277.524200,118.235097,119.020833,131.895833
278.101074,115.824880,121.651042,131.260417
278.417114,114.610489,117.096354,129.877604
282.111735,113.377894,114.966146,129.877604
280.478027,112.720235,119.515625,128.057292
280.866709,111.152293,116.875000,129.750000
279.149750,111.037430,118.734375,128.367188
277.799103,111.010223,122.828125,127.140625
278.011820,108.849620,119.880208,128.526042
278.081360,108.499476,118.799479,127.445313
274.776723,108.970444,121.166667,126.531250
271.965149,106.481094,123.500000,127.875000
272.912079,107.090134,121.312500,125.687500
269.865204,104.910980,124.203125,126.364583
267.721832,103.116760,125.687500,126.781250
266.066254,100.056330,125.770833,126.875000
260.299266,97.425471,129.546875,126.164062
261.969360,93.513199,127.242188,125.007812
260.299500,93.007517,128.419271,122.781250
264.351318,89.979802,122.768229,122.768229
258.720011,88.665426,128.458333,122.768229
260.079315,88.005519,127.031250,121.354167
261.320638,86.910619,125.044271,121.630208
261.091156,87.486511,125.609375,121.078125
264.002045,87.461670,124.476562,119.945312
264.115479,87.124405,124.187500,120.765625
262.608032,88.785212,125.611979,118.752604
268.402089,88.597097,119.083333,119.083333
262.711914,88.390147,122.182292,117.609375
262.376414,88.540441,119.671875,117.411458
265.394043,87.256907,119.671875,117.411458
265.960988,88.616435,121.653646,116.015625
266.891561,88.174764,118.851562,115.484375
272.463755,87.260717,118.851562,112.117188
277.936595,87.061956,113.239583,110.994792
277.658040,87.195643,114.421875,111.085938
277.218953,86.294591,115.802083,112.458333
278.480225,86.870529,114.953125,111.601562
274.390900,86.591614,119.421875,112.718750
274.022919,86.279251,118.578125,112.979167
271.766357,87.550293,122.500000,111.250000
272.476685,86.496490,123.046875,111.640625
273.008911,85.211792,121.250000,109.687500
273.595947,84.200653,119.734375,111.585938
274.010498,83.543579,119.734375,112.750000
275.082387,82.787186,118.671875,111.750000
275.712250,82.977554,119.289062,111.250000
273.376801,84.348602,121.859375,110.348958
272.819153,84.966080,120.437500,111.250000
275.762980,86.431829,117.255208,112.651042
276.115072,87.450068,119.671875,111.760417
276.980947,86.657603,118.270833,112.632812
273.456716,85.434586,119.671875,111.760417
272.589366,85.185389,119.557292,111.500000
274.356455,83.140025,116.466146,111.893229
277.508484,81.579198,114.179688,110.750000
274.558980,79.718511,116.606771,110.994792
277.703878,79.107412,113.406250,111.135417
275.306834,77.644719,115.218750,110.739583
275.376801,79.537415,114.625000,110.125000
274.825653,79.653122,116.070312,110.484375
274.682210,81.502370,115.533854,108.861979
275.091248,81.151978,113.046875,110.828125
274.926992,81.109695,114.729167,110.312500
275.352051,80.591141,115.562500,110.054688
277.189707,80.422155,116.645833,111.085938
279.365377,80.478195,113.093750,110.895833
280.860718,80.166977,113.359375,108.953125
283.930013,78.316559,110.942708,109.854167
284.735453,77.139943,111.500000,110.416667
287.615540,75.195541,108.812500,109.890625
287.470632,73.384171,110.705729,110.705729
291.035502,72.278915,109.640625,110.705729
294.178223,71.618126,108.031250,109.101562
295.893046,72.095436,106.911458,109.072917
298.498423,70.588587,105.947917,109.096354
299.605621,70.798917,104.869792,109.109375
301.038910,69.125015,104.125000,109.333333
301.354238,70.110224,103.500000,108.838542
302.387268,69.222008,103.078125,109.593750
301.395752,69.638412,101.625000,109.281250
303.490021,69.285744,100.539062,110.171875
301.484538,68.754267,102.098958,111.778646
301.404602,70.156555,100.140625,110.054688
300.495544,70.527626,100.539062,110.171875
299.594513,71.358070,103.000000,109.375000
298.826080,73.594398,102.343750,110.054688
299.805298,73.128662,104.000000,110.437500
299.993825,74.481799,104.791667,110.312500
300.916911,74.481794,105.000000,110.416667
302.109639,74.891602,106.703125,110.973958
302.102722,74.819672,105.281250,111.937500
302.746002,75.059830,106.841146,113.388021
303.720886,75.000809,107.734375,113.125000
304.378784,73.803711,106.401042,112.854167
304.903625,71.494542,108.575521,111.770833
306.049652,71.207047,108.046875,113.294271
309.906342,70.628784,106.187500,112.375000
308.453939,69.696960,108.380208,112.432292
311.477264,68.862968,106.328125,111.250000
310.443736,68.270935,107.721354,110.713542
308.481415,68.769524,110.283854,110.283854
309.605591,68.094177,109.000000,110.000000
311.952545,68.348818,105.619792,110.554687
312.459493,68.710754,106.049479,109.976562
311.111796,67.941671,106.187500,110.083333
311.696991,69.185257,106.703125,109.585938
310.922852,68.997037,106.130208,108.997396
307.865896,67.061923,107.526042,110.354167
306.863647,65.263728,107.458333,112.210938
306.398895,66.454460,105.929688,108.765625
304.175140,68.015289,106.984375,108.843750
304.812358,67.893374,106.348958,108.213542
304.392110,68.106018,107.578125,108.513021
302.681824,68.373947,110.656250,110.656250
299.334981,69.042229,117.463542,111.541667
301.047811,70.571459,117.695313,110.713542
299.196503,70.882395,119.307292,112.289062
299.820770,72.702738,119.218750,112.145833
298.265808,74.265213,121.859375,111.703125
296.867798,75.514038,122.789062,111.531250
296.155629,74.740367,124.437500,113.122396
296.808665,76.560730,124.028646,112.656250
295.410421,77.878209,126.312500,111.692708
294.152771,78.218613,127.986979,112.244792
293.963236,80.493001,127.986979,111.195312
293.093201,80.208496,128.718750,111.968750
293.847453,81.438583,127.747396,110.705729
293.941376,82.049561,129.125000,110.973958
293.759257,82.533956,129.755208,112.296875
294.370504,82.078125,128.664062,113.388021
294.740163,81.974681,130.369792,112.828125
294.266052,82.472483,131.598958,112.783854
293.742971,83.559713,130.187500,113.625000
293.404317,84.331304,130.369792,113.924479
293.497192,83.987000,129.890625,113.921875
292.961639,87.160838,127.901042,114.057292
293.013397,86.271698,130.375000,116.875000
291.929067,87.542394,127.315104,115.726562
292.155579,88.610758,127.031250,116.812500
292.746918,87.486949,128.458333,118.216146
291.491109,87.771729,127.901042,122.132812
293.279053,86.901011,127.614583,119.557292
290.971497,88.344421,117.406250,124.390625
290.958598,89.224309,124.468750,118.752604
291.211060,88.890762,118.812500,124.476562
288.051402,90.807510,128.713542,123.062500
287.229635,90.601898,130.184896,126.755208
286.470764,95.806229,129.890625,123.046875
286.475484,92.742935,122.218750,126.708333
286.946360,94.300125,126.164062,127.291667
285.372518,96.686361,122.205729,125.541667
283.571533,96.593369,114.460938,124.375000
280.756134,97.620692,127.270833,125.093750
281.956055,98.506683,116.937500,124.593750
281.177714,99.308823,124.203125,125.283854
285.711426,99.187113,120.502604,123.791667
281.416850,98.708420,127.445312,122.041667
283.218842,97.353683,121.539062,123.710938
284.685150,97.832682,116.916667,123.416667
283.680105,96.660645,120.739583,121.828125
283.475718,96.577260,110.416667,121.250000
282.593496,95.915833,110.703125,120.382812
282.605337,95.598618,109.333333,119.083333
283.824809,95.724182,107.476562,119.307292
281.795715,94.956955,108.552083,120.382812
285.337372,95.777054,105.578125,120.671875
282.871724,94.900111,107.476562,121.458333
284.779266,95.929311,106.703125,119.515625
282.590546,96.947540,117.875000,121.062500
281.223358,98.499954,110.687500,121.234375
285.407501,98.484065,110.145833,116.442708
282.763194,99.928121,116.046875,121.229167
281.771220,99.828588,111.901042,120.192708
281.256073,99.646088,110.101562,120.492188
282.232127,97.151550,108.559896,120.046875
281.649597,96.616084,108.520833,119.893229
281.457286,94.548370,117.825521,119.893229
279.060791,92.841354,108.791667,120.192708
277.487061,91.754898,118.414062,119.453125
275.621948,91.074738,120.343750,119.296875
275.481384,90.582535,120.046875,120.046875
275.635671,90.158234,118.541667,119.591146
276.994476,89.811996,114.062500,120.343750
277.512756,90.367828,105.687500,120.343750
268.800720,89.853439,122.289062,119.125000
270.206665,89.610825,113.625000,121.062500
268.805969,88.124252,117.664062,119.804688
268.296010,87.443319,114.729167,121.166667
269.698303,86.795242,113.125000,120.671875
268.246531,86.267598,108.552083,120.382812
270.852224,84.504613,107.677083,120.739583
269.221608,83.921936,109.364583,120.093750
270.080414,83.398727,107.476562,120.382812
270.511139,81.429749,111.242188,121.945312
271.859833,81.062454,110.171875,121.945312
270.793376,80.622676,110.973958,121.651042
272.493215,80.328705,110.705729,122.421875
272.134888,80.108398,109.890625,123.906250
272.516052,82.036875,109.364583,124.385417
270.371979,80.853500,111.242188,124.085938
272.223328,82.579926,110.437500,124.250000
271.656342,82.041122,110.973958,124.854167
273.414581,82.321823,110.171875,125.156250
273.007751,81.763840,110.171875,127.296875
273.110575,80.500203,111.778646,127.911458
272.439738,79.330017,111.778646,128.986979
272.879242,78.687881,110.679688,128.054688
272.645416,77.826721,112.046875,128.218750
271.076457,75.250066,112.315104,130.687500
271.161499,74.113937,111.765625,130.226562
269.458099,73.453293,114.750000,130.062500
268.107656,73.370010,114.997396,129.385417
267.582214,72.911982,116.104167,130.492188
265.335144,72.985458,119.424479,132.705729
265.505493,72.356781,118.000000,133.750000
264.493622,72.238907,114.953125,133.945312
265.059692,72.057480,119.125000,131.500000
264.133057,70.531911,119.145833,134.750000
263.583160,69.624634,119.945312,134.671875
263.172648,67.931234,118.578125,134.255208
262.850057,68.217929,120.526042,132.929688
262.931803,66.914510,118.541667,133.234375
265.621918,66.182571,120.739583,133.802083
262.884705,65.873884,119.398438,131.802083
264.101593,65.397275,120.786458,130.677083
263.424469,64.147964,121.750000,129.296875
265.282145,63.383728,119.515625,132.328125
263.752513,63.408770,121.096354,130.075521
264.688446,63.429909,121.312500,124.593750
266.528412,63.162448,120.473958,132.104167
267.495758,63.549706,118.593750,129.687500
268.332143,65.260315,118.317708,127.171875
268.798635,66.501523,118.317708,117.210937
271.981049,66.236290,115.393229,114.343750
274.343892,68.026777,114.890625,114.890625
275.756958,67.952263,115.625000,113.578125
275.640259,67.584615,114.458333,111.419271
278.613708,69.723305,112.718750,107.640625
279.238586,70.202026,111.703125,107.640625
280.452352,72.239321,110.406250,106.354167
282.120860,71.960571,110.406250,109.393229
282.306244,74.266571,109.484375,100.273438
283.210592,74.244761,108.278646,100.257812
283.084564,75.732483,108.000000,99.000000
283.673808,79.019460,108.278646,95.244792
284.967438,82.833122,106.820312,92.710938
285.826111,85.635597,107.000000,90.000000
286.872681,88.863413,106.546875,88.453125
287.860870,89.515010,105.541667,88.453125
288.733276,91.921265,104.804688,88.679688
290.375203,92.537150,105.541667,90.463542
290.801656,92.118520,107.093750,90.927083
290.212372,95.370956,107.828125,90.695312
289.848226,95.175685,109.716146,91.763021
288.637787,97.567200,110.000000,91.000000
290.489421,98.793686,108.718750,91.763021
289.982686,97.606583,109.432292,93.515625
288.760447,99.062017,111.833333,92.041667
289.317993,99.664902,111.000000,92.000000
287.227305,96.205256,113.411458,95.505208
287.750132,97.000173,113.291667,95.244792
284.318176,97.618408,116.000000,95.000000
281.079905,94.511256,117.302083,100.257812
281.191162,93.727208,115.296875,101.260417
279.991943,93.065414,116.898438,102.789062
281.207031,92.556046,115.000000,102.000000
276.953410,92.618037,118.304688,103.265625
274.664490,91.998459,119.921875,103.796875
273.460144,91.515778,121.937500,104.804688
274.083415,88.359584,121.625000,106.546875
270.834005,87.518321,122.315104,108.278646
269.647339,87.291351,122.945312,106.820312
273.577789,85.393158,117.906250,109.843750
274.758606,83.738174,117.000000,110.000000
274.751536,82.563207,117.604167,111.572917
283.491180,84.131134,110.000000,111.000000
281.659068,85.729289,110.567708,110.567708
272.591156,85.914800,120.229167,111.135417
283.661194,86.807632,109.484375,109.484375
279.346069,87.215291,113.291667,111.250000
282.185059,89.589859,108.460938,110.507812
280.793915,89.250692,112.432292,111.419271
285.324656,90.105230,107.166667,111.250000
286.130819,91.190572,104.859375,110.968750
279.540588,91.393143,110.687500,112.718750
282.330912,90.922791,107.552083,112.578125
279.102041,90.272725,111.135417,113.156250
279.915405,89.695892,110.687500,112.718750
283.756622,90.821172,108.278646,113.291667
282.534332,89.968887,110.427083,112.416667
280.098938,90.664383,113.117188,111.132812
285.007355,91.826828,108.156250,112.125000
284.318695,95.808802,109.854167,109.854167
283.008392,97.090663,109.716146,108.718750
275.289764,97.943192,117.156250,109.281250
277.618540,99.541290,114.502604,107.593750
279.688141,98.176575,112.234375,108.296875
280.750285,99.661051,110.554688,107.593750
277.937185,99.069458,113.903646,106.049479
280.971710,99.385473,111.833333,106.885417
275.751923,98.032064,117.463542,108.580729
283.329651,99.245834,111.000000,109.000000
276.869751,99.449722,117.085938,108.156250
281.915456,100.738464,112.416667,107.442708
285.716095,100.767197,109.854167,107.875000
286.800690,100.685740,108.864583,107.875000
285.862467,101.061457,109.854167,107.875000
282.327576,99.889236,114.109375,110.140625
281.491516,101.361038,115.000000,109.000000
280.638102,101.409063,115.401042,107.442708
286.423197,101.426987,108.864583,108.864583
283.097382,102.711233,112.708333,106.723958
283.848572,102.014053,111.421875,107.442708
282.255066,103.249451,114.109375,108.156250
285.567566,102.797775,109.148438,107.164062
283.219208,102.132492,113.218750,109.281250
286.675008,103.534251,110.427083,107.442708
283.036519,103.260574,112.822917,106.885417
289.311259,101.924718,106.606771,109.567708
287.160187,101.553101,109.148438,110.140625
285.152120,101.450129,110.283854,110.283854
289.557027,101.171422,105.270833,110.283854
287.944051,102.042435,109.716146,110.713542
287.783691,101.808634,109.716146,110.713542
286.451538,101.615479,111.000000,110.000000
289.599182,103.338333,107.000000,110.000000
287.972870,102.521118,110.713542,112.708333
284.929321,101.239985,113.005208,115.041667
276.104045,103.655523,118.994792,114.890625
275.825317,102.935272,119.718750,116.648438
272.311879,103.973272,123.179688,115.869792
271.504913,103.887207,123.187500,116.812500
272.506104,103.971441,122.718750,116.312500
270.615468,103.866007,125.390625,117.752604
268.379618,105.631210,127.080729,116.117188
272.335185,106.301554,121.937500,116.338542
271.162872,106.604080,124.177083,116.338542
272.015757,106.856028,122.781250,116.015625
272.443339,106.763234,121.630208,117.078125
271.807821,107.866002,123.325521,116.466146
270.653127,106.392853,122.458333,117.875000
275.504028,106.499212,117.518229,117.518229
268.722198,108.094152,124.440104,116.364583
270.261210,106.868169,121.791667,118.307292
272.888540,106.642665,119.825521,117.518229
272.624115,107.653976,120.765625,117.343750
274.180440,109.040232,118.216146,117.078125
272.232931,108.659322,121.096354,117.729167
273.614115,108.436879,120.260417,118.031250
275.083527,109.848587,119.703125,117.484375
271.493357,112.706334,120.739583,117.473958
276.187724,113.176605,118.000000,118.000000
280.189606,114.899918,114.453125,117.664062
275.274292,115.677399,119.296875,117.203125
283.295258,116.307175,111.742188,118.070312
286.532928,117.720993,108.023438,119.453125
279.602020,118.019770,115.916667,120.020833
287.302795,115.652273,110.036458,122.380208
291.475861,117.857895,107.166667,120.437500
288.498749,119.541351,110.687500,118.812500
289.783946,120.791346,110.229167,116.354167
287.362467,125.224070,112.432292,112.432292
295.076833,123.619563,106.546875,112.578125
290.919759,124.817144,108.437500,110.427083
292.641917,127.407247,106.049479,108.013021
292.089122,127.593109,105.906250,107.848958
293.611898,127.045263,103.411458,108.242187
292.358002,128.577286,102.859375,107.664062
290.224314,127.673889,105.062500,107.953125
291.977488,129.696360,102.307292,108.041667
287.854431,129.969996,105.067708,108.994792
289.197174,132.910919,104.359375,110.265625
287.868896,135.682165,104.632812,109.567708
285.247131,139.085648,107.312500,110.265625
284.970490,140.329946,108.580729,110.554687
286.626282,140.822561,108.580729,110.554687
285.223012,143.282186,109.567708,109.567708
286.415354,144.345469,108.864583,108.864583
286.408234,144.063705,110.140625,110.140625
286.149272,145.485097,109.432292,109.432292
286.939117,144.760590,108.156250,110.140625
285.167511,143.966843,110.140625,110.140625
286.614451,143.014425,108.718750,110.713542
285.809865,142.032237,108.437500,110.427083
286.044312,140.986069,109.148438,111.132812
286.188059,139.970072,109.716146,110.713542
286.244293,139.435699,110.000000,110.000000
286.115550,138.442001,110.283854,110.283854
287.003215,136.169444,110.567708,111.572917
287.395640,133.952092,110.968750,110.968750
287.020996,131.206909,112.554688,111.531250
288.848460,128.061615,111.812500,112.838542
287.896810,124.908081,112.736979,112.736979
287.850901,121.507675,113.781250,114.825521
287.609497,118.198196,117.015625,114.906250
286.340810,116.026326,118.231771,115.005208
285.425690,114.041168,118.031250,114.750000
284.017527,110.313563,120.260417,116.916667
283.141408,109.402679,118.270833,114.888021
278.413076,106.676982,121.039062,115.322917
276.943390,104.484360,119.625000,115.062500
275.688660,103.205444,119.945312,116.546875
272.424337,103.223907,120.218750,116.812500
269.131643,103.564494,122.489583,116.812500
267.865906,103.257004,122.210938,116.546875
266.694885,102.825363,121.906250,116.203125
265.790660,104.313883,120.492188,115.940104
264.099396,102.880173,123.046875,118.484375
263.742126,104.591110,124.187500,117.343750
263.776215,106.049103,121.906250,116.203125
262.832662,104.937836,123.625000,119.083333
262.189921,105.221670,121.354167,117.947917
261.493703,107.038325,123.625000,116.812500
261.309285,106.833069,122.489583,117.947917
261.222697,106.367330,123.062500,118.541667
260.235738,105.722900,122.781250,118.270833
260.333140,106.865870,123.908854,117.143229
261.109792,105.206497,122.781250,118.270833
260.916890,106.793320,123.908854,117.143229
261.667135,106.372615,123.908854,117.143229
260.857829,105.345403,123.908854,118.270833
261.792552,105.875661,124.192708,117.411458
262.955221,104.779114,123.908854,118.270833
262.895915,103.436193,123.908854,118.270833
262.794607,103.505173,124.760417,117.947917
262.882701,103.585271,125.036458,118.270833
264.309479,102.843994,125.875000,118.000000
264.808980,102.609283,125.296875,117.458333
264.835480,100.122503,126.708333,118.851563
265.105967,101.863124,124.463542,117.729167
264.793457,100.894806,125.875000,118.000000
263.897929,100.536875,126.453125,118.541667
264.572642,102.895030,124.463542,117.729167
264.384379,100.971486,127.291667,118.270833
264.465108,102.967967,126.164062,117.143229
263.258087,101.114151,128.125000,118.000000
264.600688,100.737055,125.585938,117.729167
264.306895,99.831045,127.830729,117.729167
267.431030,98.422729,124.750000,118.000000
264.670654,98.603424,128.125000,118.000000
265.541372,98.892024,126.708333,117.729167
266.515096,98.419393,124.718750,118.031250
266.031047,98.794769,126.947917,118.031250
265.827993,100.039576,127.765625,117.757812
264.579722,100.213165,127.979167,118.041667
264.809469,102.166041,127.765625,117.757812
265.439972,103.093664,126.065104,117.210937
265.367065,103.887980,125.770833,118.041667
264.401449,104.130630,123.562500,119.145833
264.017771,105.954142,126.065104,117.210937
264.276886,106.859111,125.770833,119.145833
264.192810,107.787445,124.666667,120.250000
262.978231,108.670792,126.875000,120.250000
262.641174,109.521164,126.578125,121.070312
263.820353,110.862579,125.541667,119.981771
262.990560,110.688624,127.171875,120.531250
264.475352,110.359558,124.429688,121.093750
264.646067,112.675710,126.947917,119.145833
263.977336,111.895493,126.947917,119.145833
265.389079,111.928040,126.947917,119.145833
266.131805,110.304108,128.578125,120.812500
266.491343,109.737971,127.830729,121.096354
267.435079,109.742605,128.656250,120.817708
266.410675,109.610107,129.476562,120.539062
269.757497,109.205495,126.708333,117.729167
272.665588,110.019485,124.796875,118.281250
278.111267,108.705612,121.921875,120.812500
270.120636,109.794693,127.000000,119.125000
269.247437,114.031525,129.250000,114.625000
271.215566,112.268077,129.546875,117.143229
270.409912,100.653753,131.802083,127.291667
272.103821,92.447342,131.338542,136.078125
272.071136,105.547256,129.359375,120.882812
273.887858,106.790059,129.916667,120.708333
273.397247,106.551010,130.437500,121.354167
273.551819,107.944885,129.890625,119.625000
274.708567,106.252686,129.596354,121.630208
274.426727,106.632126,131.273438,121.078125
277.500946,108.167297,132.171875,120.765625
278.243337,110.089177,131.067708,119.557292
279.820628,109.483704,131.625000,121.312500
282.100800,111.455790,129.054688,120.979167
282.958954,112.193207,131.921875,119.289062
285.295614,111.524297,133.109375,121.520833
288.384796,111.804855,131.656250,121.250000
288.644114,112.564611,132.244792,120.630208
290.386190,112.709234,131.950521,121.520833
292.070099,112.446457,132.539062,122.062500
292.878367,112.221247,133.127604,121.434896
293.725779,110.619181,131.666667,121.166667
292.461792,108.377090,133.127604,121.434896
292.488800,108.914566,133.421875,121.703125
291.531626,106.794566,133.127604,121.434896
291.155670,106.583796,131.958333,120.265625
290.070374,104.882629,131.375000,120.898438
288.108276,104.666641,131.375000,119.734375
287.086873,104.807048,131.083333,117.145833
284.994537,101.074829,131.656250,120.093750
284.157990,98.871613,131.921875,120.437500
282.256378,98.922953,130.184896,118.752604
280.006653,97.470734,131.031250,118.484375
278.729370,96.132782,129.007812,117.679688
276.558746,95.182159,130.375000,118.000000
276.534973,96.652512,129.250000,114.625000
275.208842,93.818899,128.953125,117.729167
275.113434,97.951335,127.536458,111.859375
273.391164,94.445460,127.765625,117.757812
273.514231,96.403595,126.065104,117.210938
272.655385,97.245244,124.083333,116.390625
270.797089,96.819153,125.687500,118.031250
270.993652,99.306641,124.796875,117.195312
270.327861,99.398148,124.500000,118.000000
269.263560,102.200602,124.500000,115.833333
268.955963,102.550364,123.122396,116.638021
268.536713,102.300369,122.239583,116.875000
269.042928,103.526403,121.651042,116.312500
268.576782,105.427444,121.945312,115.523438
270.075226,105.014465,120.875000,116.593750
269.355652,105.265808,121.651042,109.906250
270.392049,105.859655,120.640625,115.393229
270.956085,106.110474,121.070312,116.664062
270.827728,106.899124,124.476562,117.679688
280.989288,108.805084,116.359375,116.359375
275.094940,111.124680,124.140625,116.375000
275.255676,108.900635,124.593750,118.031250
275.889119,110.801956,125.984375,118.309896
278.138957,112.245087,125.390625,117.752604
278.832753,113.493927,125.770833,116.937500
280.000336,113.055573,126.359375,117.484375
281.008514,112.363251,125.250000,119.703125
281.006256,113.790283,126.125000,118.304688
280.161804,113.386429,126.359375,118.593750
281.024475,112.541636,124.958333,119.424479
280.800934,113.728531,126.359375,118.593750
280.161774,113.551895,127.468750,118.593750
283.068492,111.871852,124.718750,119.145833
282.060150,112.045624,127.765625,119.981771
282.210022,111.780970,127.830729,118.851563
282.831848,112.594833,128.359375,118.304688
282.683411,112.464625,127.536458,119.697917
282.199036,113.342244,126.708333,118.851563
284.038422,113.814728,126.125000,119.421875
283.547017,114.454188,125.296875,118.578125
282.110545,113.732849,125.541667,119.981771
280.939992,114.416885,125.833333,119.145833
279.476318,113.988714,125.541667,119.981771
277.067952,113.304825,126.875000,120.250000
276.957540,113.084005,125.770833,119.145833
274.792450,113.548065,127.679688,118.867188
274.435577,114.313604,125.770833,119.145833
274.843852,112.402562,126.281250,119.687500
274.843872,112.952042,127.380208,118.588542
274.843882,112.402583,126.281250,118.588542
275.489990,113.306320,127.171875,119.424479
275.681396,114.457382,127.679688,118.867188
276.618683,114.592056,126.578125,118.867188
276.441884,114.617350,128.479167,118.588542
277.902405,115.803391,128.968750,118.031250
277.031932,115.471054,127.080729,119.406250
276.648315,116.144501,128.664062,118.843750
276.822072,114.462591,130.846354,119.934896
276.948385,116.322876,129.578125,119.687500
275.840973,115.621226,129.578125,119.687500
276.861908,116.332733,128.781250,119.968750
276.643931,116.500580,130.677083,119.687500
275.639445,117.862900,130.369792,119.406250
275.120361,116.366898,130.984375,121.070312
275.272858,116.378906,130.984375,121.070312
275.306763,116.438202,130.984375,121.070312
275.457113,115.516973,131.291667,122.458333
276.231466,115.494334,130.677083,120.786458
275.906016,115.556269,130.369792,122.695312
274.717428,116.422770,132.562500,120.502604
276.386953,115.486552,129.578125,121.885417
275.402242,116.366582,131.776042,120.786458
275.809519,117.270060,130.677083,120.786458
276.296763,116.603017,129.273438,121.598958
275.061808,115.045588,130.369792,121.598958
275.603709,116.229635,130.677083,121.885417
274.023427,114.860128,131.776042,121.885417
274.258575,115.535446,131.156250,122.406250
273.523438,115.744568,132.250000,122.406250
273.466573,116.935369,130.677083,122.984375
272.297496,118.042857,130.369792,122.695312
269.318502,119.500549,131.466146,122.695312
267.953105,118.766617,132.083333,125.583333
268.592478,121.785680,128.359375,125.093750
268.549561,122.716263,126.968750,125.882812
265.155924,124.798665,130.687500,125.283854
268.126658,127.235723,126.666667,125.583333
269.436371,128.371658,124.984375,124.984375
270.282104,131.010620,122.828125,124.984375
270.317261,131.264420,124.984375,123.906250
271.024363,132.551478,125.458333,123.312500
270.836039,132.905940,124.203125,123.122396
269.820648,134.984904,127.750000,121.250000
270.099660,135.469340,128.812500,120.291667
272.737386,137.372630,124.093750,119.885417
272.062744,135.971024,125.578125,121.390625
269.747833,134.182185,126.937500,121.690104
269.603038,134.931163,126.312500,121.091146
268.105530,141.140930,125.687500,113.218750
270.562480,139.069962,120.322917,116.208333
272.897125,138.487289,117.796875,116.781250
271.997131,137.486938,117.671875,114.601562
266.407166,133.107071,121.937500,118.914062
270.372375,137.238139,115.867188,112.921875
269.281453,134.245692,116.541667,116.541667
267.224396,134.993149,117.156250,116.171875
266.354340,134.508148,116.234375,117.210938
269.328084,136.602976,113.005208,114.953125
267.253967,137.558304,114.583333,114.583333
269.589376,138.491679,111.541667,113.515625
267.530070,139.176631,111.645833,112.625000
268.978729,139.870356,111.710938,111.710938
274.165741,140.141561,106.447917,110.427083
272.838359,142.006622,107.552083,107.552083
270.306061,141.808594,109.843750,105.812500
274.837118,140.423472,105.270833,105.270833
277.479279,140.564992,103.265625,103.265625
278.952637,139.519842,101.937500,102.927083
277.563263,139.303925,102.390625,102.390625
277.063416,139.914581,100.000000,99.000000
275.679840,141.898895,100.739583,96.750000
277.818359,141.783203,96.000000,95.000000
280.535594,141.641144,95.010417,99.958333
279.592590,139.876999,97.750000,97.750000
277.339447,138.820770,101.000000,101.000000
276.966736,135.264648,103.578125,106.625000
274.942098,131.405263,108.557292,111.572917
275.458181,127.467763,109.208333,115.333333
272.693848,116.452377,113.122396,127.523438
271.726807,116.043335,114.203125,127.140625
271.043945,116.497406,114.203125,126.062500
269.059662,119.171173,117.437500,122.828125
266.378133,121.341405,119.651042,120.739583
265.623901,120.711533,120.453125,120.453125
264.146617,119.413686,120.960938,120.960937
265.494568,117.713165,119.591146,121.690104
265.282227,117.806554,119.885417,121.989583
264.352122,117.793635,120.291667,122.421875
263.706197,115.538356,121.828125,123.947917
265.582184,115.143280,120.875000,121.945312
263.502563,114.636841,123.486979,123.486979
263.125061,113.519165,123.484375,122.437500
263.343140,113.511749,124.906250,122.875000
264.204956,113.755636,124.338542,125.375000
263.354095,113.780502,124.835938,125.859375
265.368235,115.259013,121.960938,129.197917
267.430328,116.175537,121.091146,131.533854
273.866862,116.956238,116.046875,131.593750
274.844727,116.382039,116.916667,134.250000
276.288055,118.248825,119.804688,135.859375
274.946910,118.455872,121.458333,135.440104
274.836375,118.171132,122.916667,138.156250
276.080750,117.797058,122.984375,137.270833
277.149689,117.707418,120.502604,138.044271
278.355011,117.440674,121.312500,136.625000
278.745209,114.814545,121.539062,137.828125
279.687998,114.401016,120.786458,137.270833
278.969910,112.202627,122.117188,136.302083
280.418783,110.018529,120.502604,138.044271
282.165100,108.773768,118.317708,136.026042
274.442861,105.883382,124.429688,136.661458
274.128143,104.623322,123.625000,136.000000
274.612773,104.743612,122.781250,135.184896
284.114044,104.133026,112.718750,137.296875
272.788239,104.756927,124.476562,138.070312
272.127014,104.784775,124.476562,136.937500
270.642141,104.271240,126.453125,137.755208
273.784800,104.753713,122.768229,137.562500
286.641836,104.414149,109.500000,136.625000
267.110677,104.489349,128.166667,137.250000
280.589783,105.096151,115.940104,135.286458
272.296488,104.806386,123.625000,136.114583
274.868256,106.168427,121.354167,134.979167
261.627960,107.834142,133.010417,134.148438
260.449432,108.902929,133.916667,133.916667
262.328278,111.403702,129.625000,131.921875
261.286082,114.738729,129.596354,130.734375
260.351013,115.228775,127.000000,130.375000
258.349915,115.603602,125.296875,129.776042
256.130025,116.532949,124.958333,129.385417
255.678650,116.243805,121.375000,129.250000
253.121338,116.197510,121.656250,129.476562
251.948792,116.489639,122.773438,128.359375
252.174001,116.248113,123.625000,128.166667
250.636322,115.640060,126.468750,128.750000
249.012390,115.737869,129.625000,128.476562
250.150981,116.157013,129.054688,129.054688
249.955048,117.586263,132.708333,128.166667
251.645396,117.536840,132.520833,129.177083
255.433563,119.102951,130.593750,129.476562
254.477173,118.321742,133.802083,131.625000
283.140635,119.701319,106.588542,130.536458
285.911194,121.750992,105.578125,129.296875
286.883942,120.936157,106.187500,129.562500
288.638275,121.751465,107.250000,130.625000
289.559692,121.338348,108.578125,131.781250
289.574951,121.414007,109.901042,131.046875
288.426666,120.899902,112.796875,131.781250
289.317291,120.431803,113.294271,133.234375
288.987447,121.676178,114.343750,132.184896
288.956533,121.835154,115.244792,132.328125
290.606771,121.649419,115.468750,132.427083
291.800578,121.866903,112.835938,130.942708
294.041158,123.679764,112.015625,129.989583
293.462067,124.864578,113.851562,127.562500
294.147268,125.927785,112.835938,126.682292
295.623169,125.288732,110.705729,127.747396
297.119049,127.606817,108.049479,123.947917
295.336812,128.803034,109.901042,122.588542
293.996480,129.483999,109.364583,122.239583
295.296570,133.557307,105.929688,118.648437
295.361664,135.841934,105.890625,115.523438
292.795807,134.914871,105.687500,115.109375
292.585032,137.528152,105.156250,112.520833
290.539856,139.510345,105.671875,109.901042
291.612061,138.891388,103.867188,110.101562
288.664988,142.863515,104.104167,106.208333
289.766062,137.942871,105.419271,111.622396
288.523743,143.400665,103.078125,106.335938
286.990814,138.452942,107.781250,110.921875
290.331065,143.769877,101.145833,105.500000
290.705566,145.566391,100.453125,104.640625
292.239197,146.369985,98.117188,104.382813
293.304993,146.751139,99.958333,104.125000
293.061930,147.025152,98.117188,102.294271
293.738149,149.846725,103.609375,99.463542
292.080668,150.011815,103.848958,95.453125
291.168976,148.019379,105.945312,95.554688
291.128662,145.511658,107.781250,95.218750
290.838989,142.834030,107.523438,96.976562
290.786072,142.892593,108.575521,98.989583
289.393178,141.432190,110.153646,97.184896
287.937866,138.817734,110.171875,99.468750
287.729726,137.346095,112.835938,98.989583
287.247803,136.575317,109.640625,98.989583
287.253876,135.541824,111.195312,98.601562
285.074860,132.684479,114.687500,98.750000
285.798258,132.172607,114.408854,99.570312
284.417409,130.030416,116.031250,98.989583
281.398448,127.054433,117.380208,101.364583
280.833852,124.654516,116.442708,101.750000
281.162954,122.812088,116.625000,102.041667
280.457947,119.459986,114.825521,105.427083
279.095154,116.466899,115.757812,106.453125
277.884827,114.698720,115.869792,107.515625
276.327087,112.264084,116.335938,109.062500
275.307556,111.294556,115.468750,109.281250
277.164897,111.082163,115.333333,111.250000
272.642985,111.578949,117.236979,110.036458
272.238373,110.909378,116.648438,111.531250
270.392303,110.782110,117.497396,112.432292
270.849253,111.329890,116.354167,112.270833
270.729085,110.828150,117.078125,113.005208
268.372406,108.570760,118.510417,114.458333
269.210642,108.030701,117.078125,117.078125
265.537282,112.605291,120.437500,111.250000
264.842112,110.910212,120.192708,112.937500
265.282420,107.286942,120.046875,116.914062
264.610942,110.702581,119.156250,113.973958
265.501556,108.312225,118.414062,115.296875
262.746775,99.437612,121.690104,123.789062
263.390605,103.057475,123.041667,120.937500
261.833120,99.253677,123.486979,125.617188
262.441264,98.614700,123.609375,126.835938
262.464386,101.161591,122.625000,124.796875
263.044423,101.887980,123.122396,126.364583
264.555450,103.443029,120.502604,125.984375
264.060486,107.375824,122.828125,123.906250
266.251740,110.098857,118.843750,122.117187
268.180227,111.721481,118.799479,122.041667
271.374207,113.458649,115.843750,121.312500
272.233093,115.011551,115.570312,121.026042
272.774058,116.723872,113.388021,119.934896
273.200490,118.253159,110.114583,117.752604
275.349894,119.156982,109.627604,117.156250
275.951752,119.892456,104.164062,116.109375
279.115631,120.176483,99.812500,114.687500
279.892670,121.814545,98.843750,110.416667
280.405141,121.136027,98.510417,109.109375
283.441650,122.220922,95.453125,106.997396
283.553162,123.793167,95.554688,103.867188
284.601196,124.173925,95.635417,103.864583
286.099762,125.091822,95.080729,102.317708
285.822428,126.375671,95.635417,99.750000
287.059082,127.892532,96.468750,98.500000
285.869537,130.235840,99.765625,97.750000
286.666484,129.968196,99.742188,99.742188
285.668254,129.650452,100.739583,99.742188
283.596161,128.202774,102.000000,101.000000
282.700602,126.394124,102.822917,102.822917
279.985901,123.740438,104.104167,104.104167
279.780406,120.903417,104.382812,104.382813
277.288961,117.993739,104.898438,104.898438
274.789551,116.701614,106.468750,106.468750
272.605164,114.178289,108.575521,107.510417
271.001139,112.513148,109.854167,107.677083
269.159637,109.954010,111.205729,111.205729
268.543925,109.734711,111.343750,111.343750
267.937103,109.391769,111.250000,112.375000
264.957153,106.457581,113.291667,114.437500
261.464793,104.847829,114.953125,117.255208
258.130483,101.482244,115.682292,119.229167
249.894409,100.171463,122.515625,121.312500
242.865631,98.100291,124.958333,124.958333
234.815186,96.225082,130.822917,129.562500
228.825582,93.049367,130.645833,128.000000
218.602814,89.290980,136.416667,129.906250
218.133311,84.996429,133.197917,131.848958
213.033112,81.688873,133.617188,132.250000
210.684967,77.361511,132.250000,133.617188
206.997803,70.305140,133.250000,137.382812
203.551575,65.080694,135.000000,137.791667
202.432648,61.213135,136.250000,137.658854
204.420074,57.478745,136.000000,136.000000
208.405182,54.012746,134.098958,136.901042
208.578969,51.558350,135.750000,137.153646
211.892914,48.418434,133.921875,138.164062
212.095581,46.036924,135.830729,137.250000
213.102529,44.413010,136.500000,136.500000
212.477539,43.338465,137.750000,133.476563
212.977539,43.640678,138.164062,133.921875
212.462758,48.178068,137.250000,134.411458
212.587769,53.075503,135.583333,131.333333
212.693817,60.355347,140.062500,130.328125
214.800476,69.252167,140.218750,131.781250
215.590403,74.656647,141.250000,134.166667
215.802094,76.925919,144.229167,134.203125
214.332611,77.054718,145.531250,133.968750
212.897736,71.666677,148.028646,139.294271
211.419810,66.756851,148.210938,142.263021
210.725952,58.464966,147.763021,144.736979
211.451569,50.238744,150.015625,148.510417
214.534882,42.231316,150.289062,150.289062
218.468384,38.105827,151.804688,148.695312
222.691030,33.155006,150.750000,149.190104
227.646606,28.523384,151.000000,151.000000
232.184631,24.220551,152.562500,152.562500
236.237701,20.939552,152.500000,152.500000
241.152710,18.010239,152.500000,152.500000
245.387410,14.704575,153.750000,152.158854
250.028117,11.342717,152.250000,155.401042
253.072906,12.530319,152.750000,155.911458
256.207916,12.607353,151.546875,157.953125
258.974670,12.321014,149.945312,159.554688
258.968018,12.126366,153.148438,159.554688
260.315186,10.454308,152.406250,161.968750
265.382731,8.573166,148.822917,164.890625
262.558380,7.104134,152.406250,165.156250
262.508453,5.052539,154.138021,167.033854
251.969838,2.552236,164.598958,169.458333
250.974701,-2.421537,166.630208,171.700521
253.166005,-1.392352,165.750000,170.898437
254.869914,-1.053808,164.750000,169.867188
257.070648,0.619568,166.203125,171.312500
