141.000000,124.000000,91.000000,40.000000
133.701853,117.901042,101.833333,52.677083
127.382782,118.101008,103.526042,52.593750
123.525803,116.557251,101.125000,54.539062
120.294729,118.271418,101.625000,53.500000
114.488480,115.329819,102.895833,54.229167
109.760635,115.740967,102.828125,53.828125
104.046844,115.238459,102.895833,53.468750
102.293274,115.236333,100.955729,52.885417
96.173294,114.334824,102.546875,53.289062
89.419510,113.095011,103.244792,52.885417
83.671356,111.543889,105.177083,54.229167
80.007350,111.817708,102.750000,53.416667
74.905418,111.730835,105.937500,53.468750
70.163106,109.897995,103.437500,53.770833
64.040540,109.833669,104.770833,55.174479
59.869789,108.166331,104.291667,55.729167
54.593318,108.296992,104.213542,53.770833
47.669044,107.798752,105.578125,54.046875
42.040738,107.145294,105.833333,54.187500
36.164319,107.440389,105.833333,52.645833
30.579536,105.725769,106.656250,53.828125
26.902725,106.367940,104.989583,54.546875
19.577377,104.755051,103.867188,54.367188
14.801338,106.844386,104.291667,54.187500
7.937022,107.791590,104.213542,52.994792
3.156055,108.893616,104.710938,53.239583
1.250900,108.625031,100.437500,54.958333
1.816610,104.754695,93.325521,59.752604
-0.185802,113.263463,89.192708,53.317708
1.271687,112.999878,80.625000,53.609375
-3.263248,110.822255,78.781250,57.630208
1.203938,115.040492,68.546875,54.901042
-0.627071,115.847153,63.898438,54.171875
0.145987,115.391424,60.614583,56.312500
0.341134,117.871521,55.843750,54.625000
0.770612,118.946111,55.588542,53.265625
-1.222066,118.217723,57.203125,54.364583
1.866859,118.431229,54.427083,53.846354
1.100976,118.294505,54.684896,54.119792
1.319098,118.560684,53.796875,52.661458
1.694366,119.218979,54.250000,52.031250
-7.043627,113.170049,64.916667,56.791667
-2.530103,115.227275,61.744792,53.796875
0.570324,115.386134,62.424479,53.479167
-1.847743,110.376048,65.687500,56.703125
0.308633,113.193558,66.270833,53.718750
-5.909374,107.810745,75.687500,57.015625
-4.584084,106.641627,76.822917,58.520833
2.097817,108.455770,72.914062,53.736979
-3.396380,104.246078,80.427083,58.291667
-0.465249,102.342636,79.463542,58.312500
-0.617009,101.668757,82.432292,56.898438
0.993122,103.329849,82.812500,55.312500
1.241709,103.147619,85.882812,54.828125
2.713554,101.349953,91.000000,55.140625
1.370261,100.540128,95.838542,55.296875
-0.299497,98.921583,106.382812,54.812500
2.793367,98.431735,109.171875,55.085938
8.020964,96.495550,112.625000,54.041667
13.594432,95.859103,112.669271,53.981771
18.021062,95.807383,104.333333,54.281250
23.865863,94.350922,105.338542,55.505208
29.494464,94.919856,103.916667,53.250000
34.575829,95.024940,110.054688,53.593750
41.209546,94.805654,103.916667,55.625000
44.678581,96.243304,103.684896,55.085938
49.020510,97.019694,105.252604,59.005208
49.245847,98.606712,104.848958,55.786458
48.676013,99.944616,103.916667,57.208333
50.373489,101.697723,103.796875,55.187500
50.333387,102.683924,104.026042,58.411458
50.028234,103.639938,105.270833,58.750000
50.778008,105.431442,137.796875,103.195312
52.413213,106.097066,134.723958,104.255208
51.444855,108.488708,134.203125,102.234375
50.856517,109.042374,132.453125,102.619792
51.387520,110.218974,129.270833,101.854167
51.580686,109.921819,126.494792,102.835938
52.102539,111.124313,124.984375,101.265625
52.810654,112.525085,122.210938,100.687500
50.445580,114.001714,122.489583,99.781250
51.990468,114.087769,117.518229,99.059896
51.635704,114.333425,116.916667,101.312500
50.964195,116.497564,114.687500,97.968750
52.460566,115.373678,112.520833,100.375000
50.328794,116.959213,111.205729,100.294271
50.599152,118.563278,110.375000,98.343750
52.426094,119.112289,107.421875,98.734375
51.608220,119.900747,107.218750,99.708333
28.571304,121.016144,128.218750,99.109375
29.118378,122.348557,126.742188,98.421875
29.461238,123.360285,125.276042,97.401042
32.407583,124.977961,123.604167,97.250000
17.139641,125.199692,136.734375,97.953125
5.126826,124.479599,149.541667,100.427083
3.663429,124.277954,149.421875,99.109375
9.162010,125.522888,147.812500,100.984375
9.194249,127.516510,148.416667,100.125000
3.540115,129.860667,157.614583,105.830729
6.650228,129.344182,156.182292,100.947917
16.725464,130.267303,148.429688,97.546875
22.797831,130.842824,142.838542,101.416667
34.095037,131.285807,133.223958,99.544271
30.270307,132.913854,139.059896,106.645833
46.321612,133.553177,126.260417,102.460938
40.706584,136.502645,136.671875,100.968750
58.544230,136.520584,124.781250,101.723958
58.958845,138.525569,125.276042,102.046875
65.814646,136.665756,124.997396,102.979167
72.544205,138.963140,121.859375,101.140625
83.675446,139.647568,116.070312,99.312500
86.595235,140.759715,115.570312,99.203125
93.185806,140.713257,112.851562,99.820312
96.511536,141.652908,114.203125,98.031250
108.218862,138.987513,106.445312,101.119792
113.623795,142.965856,104.125000,95.791667
117.450511,139.363424,106.208333,101.000000
121.293538,144.557073,105.682292,68.369792
125.097107,147.283691,106.606771,91.802083
129.407501,145.083374,106.187500,95.875000
133.749018,147.407974,105.156250,93.583333
138.007960,147.114171,105.419271,93.013021
142.058721,149.646215,105.419271,91.979167
145.785797,148.580215,105.656250,92.317708
147.232625,150.672572,109.007813,90.492188
142.268916,151.178029,117.083333,89.098958
143.931320,149.576213,120.291667,90.468750
147.166748,151.395691,120.875000,63.078125
163.082932,151.278427,109.671875,64.984375
164.223353,152.262421,110.174479,77.325521
172.900065,153.170207,109.166667,56.000000
176.644084,155.751795,108.854167,85.369792
181.551727,157.090942,107.031250,81.437500
184.899490,155.191879,124.960938,84.601562
187.110687,157.064453,128.992188,84.648438
189.451635,156.134033,130.489583,84.541667
193.680567,159.104340,125.466146,82.263021
194.753082,160.307856,125.674479,78.796875
198.158681,162.433568,120.458333,77.375000
194.310170,161.926651,126.671875,77.799479
194.080536,159.697367,127.338542,79.588542
195.368388,163.266861,128.330729,76.195312
200.959473,162.383972,120.625000,77.312500
204.912404,165.427165,115.562500,74.437500
202.256480,168.734044,116.643229,69.812500
205.117615,168.202952,111.942708,51.343750
207.767721,166.939067,113.447917,62.979167
205.478048,169.220367,114.604167,49.687500
183.164856,171.535110,129.773438,47.973958
203.243683,173.616058,109.281250,46.937500
189.363403,175.502335,122.093750,46.312500
191.556208,177.283681,116.226563,46.463542
196.501877,177.407623,110.882812,45.710938
198.427658,180.176804,108.617188,58.890625
199.967392,181.270620,105.338542,48.497396
198.167262,179.756978,106.020833,59.427083
196.405217,169.459213,117.406250,68.515625
195.394297,185.886434,111.854167,53.166667
195.107671,168.593445,119.750000,70.666667
194.455744,171.637705,108.164062,69.119792
193.151683,161.556834,125.752604,79.515625
191.375122,163.841614,107.031250,76.867188
190.041504,165.372620,107.937500,75.671875
189.479101,166.100082,107.526042,73.588542
189.312424,164.689941,108.239583,74.958333
187.717697,165.549103,130.375000,74.125000
186.741455,168.273209,119.125000,71.875000
186.661987,169.115977,108.408854,71.338542
184.783346,188.801325,105.500000,49.583333
184.592723,188.672195,103.635417,49.708333
182.794184,172.328929,105.841146,68.692708
182.415207,172.665588,102.460938,67.773438
179.493362,182.293162,107.114583,56.666667
181.686508,170.116216,102.539062,68.692708
178.440832,166.732310,96.932292,70.614583
178.265676,170.013957,99.528646,66.971354
177.121709,168.923670,104.255208,67.861979
177.345428,172.343369,102.500000,59.625000
174.978383,168.215225,108.994792,63.304688
173.866150,168.720383,115.109375,60.609375
172.892873,175.656514,106.916667,53.104167
170.062744,163.908554,117.187500,64.375000
170.110346,169.463206,105.208333,56.520833
129.497121,158.476796,144.351562,67.411458
126.519211,166.993210,146.617188,56.351562
114.980957,153.732279,157.315104,68.885417
114.296844,159.941528,158.500000,61.000000
140.322647,154.120102,130.937500,66.953125
122.263107,153.546982,148.250000,64.937500
147.033447,162.011002,117.796875,55.843750
128.898763,152.295354,135.895833,63.630208
118.423335,154.367589,144.359375,62.166667
129.772156,147.811895,132.208333,67.583333
157.079564,145.666926,103.656250,67.536458
129.156596,143.459213,134.739583,68.773438
155.586355,148.746043,107.458333,63.734375
100.205215,148.022746,164.989583,62.270833
87.562027,150.512390,173.520833,58.822917
99.009898,144.356949,155.192708,63.671875
93.875376,145.685740,159.179688,61.997396
104.563705,147.317886,144.031250,59.041667
101.497345,140.681320,147.671875,64.984375
112.587112,146.758133,134.346354,57.145833
114.470078,145.121490,131.221354,56.130208
117.468358,139.901942,127.510417,61.544271
123.542114,147.277847,119.718750,52.656250
116.991669,147.247101,124.263021,51.856771
122.090607,146.002121,117.484375,51.039062
136.288320,145.716924,97.901042,52.627604
126.892263,145.124822,115.791667,52.354167
128.059357,144.181463,117.757812,51.039062
126.602437,142.654709,123.708333,52.458333
128.605576,140.764847,128.968750,51.859375
128.648438,141.570450,128.898438,51.992188
125.561198,139.066096,134.286458,54.484375
124.891184,136.460154,139.661458,54.533854
115.333247,133.822240,104.919271,57.929688
101.924332,132.327148,123.031250,59.437500
108.092361,132.926727,117.203125,58.234375
110.872518,131.237493,112.872396,59.039062
115.716517,132.192418,106.143229,58.197917
116.330973,131.099833,116.815104,58.502604
113.020543,134.321370,105.421875,56.182292
112.919724,133.105184,105.947917,56.703125
110.396408,124.580734,108.023438,63.765625
111.036194,127.146988,114.062500,61.750000
108.673630,123.634415,115.960938,64.867188
107.704692,122.937709,122.263021,64.684896
106.037547,120.735596,127.510417,66.062500
104.233368,112.471497,131.453125,73.789062
102.283585,123.831512,141.890625,62.515625
101.025452,127.555506,108.820312,62.195312
98.145101,128.852453,108.239583,58.317708
96.667333,127.714427,105.434896,58.044271
95.340007,128.154460,105.166667,58.500000
91.327916,129.125387,107.302083,58.239583
89.450862,130.405431,105.510417,57.781250
87.052104,130.824799,108.593750,57.242188
89.323161,131.049500,103.041667,56.958333
90.229101,130.247421,106.531250,56.164062
90.520762,133.908203,104.333333,53.473958
90.796799,131.579610,106.117188,54.726562
93.875137,133.685410,106.734375,53.078125
97.065328,129.115819,105.765625,56.098958
100.656158,131.719986,106.414062,52.500000
104.715591,128.451309,106.187500,55.140625
107.487752,126.194773,107.330729,55.364583
111.823283,129.589462,106.531250,52.966146
115.350769,124.179367,106.960938,55.914062
118.815409,126.675903,106.875000,53.135417
122.949753,125.841705,106.895833,52.390625
126.424683,125.262675,106.604167,52.645833
129.127045,122.719584,106.895833,53.947917
132.494720,121.485209,109.458333,54.041667
136.742518,121.537292,106.875000,53.135417
137.118998,118.299932,107.958333,56.052083
144.067764,118.755875,106.625000,53.812500
145.455734,119.516434,104.640625,53.593750
150.197800,118.469559,108.031250,51.781250
153.217865,117.831161,108.031250,53.343750
155.947403,115.614716,106.468750,54.125000
159.643285,114.468882,107.083333,54.833333
160.737885,112.555298,107.083333,56.416667
166.552658,110.576202,108.023438,57.328125
167.063705,109.674591,106.820312,56.781250
169.648346,110.147293,106.286458,56.882812
169.440180,110.384420,107.096354,56.882812
171.435455,109.797175,105.333333,57.242188
171.259084,110.936864,107.096354,56.072917
171.997518,111.381185,107.562500,56.703125
176.930211,112.076899,105.333333,55.611979
176.277700,112.549042,106.820312,57.437500
172.457855,110.983719,105.812500,57.875000
171.072311,114.598770,107.778646,55.611979
167.331528,116.266220,106.755208,55.895833
168.155960,117.712631,104.804688,54.914062
163.016027,122.003398,109.458333,54.041667
159.291102,121.789602,109.458333,54.833333
159.785329,126.201518,109.458333,54.041667
156.161708,128.205510,109.020833,53.421875
155.621506,125.118317,107.523438,57.812500
147.724416,128.076406,114.661458,56.604167
143.336273,127.735092,114.333333,58.500000
142.457764,133.144735,107.968750,56.182292
141.504639,135.292435,108.250000,55.437500
137.510356,136.424993,108.369792,55.895833
137.014648,138.428497,107.437500,56.250000
134.781967,138.346258,106.875000,55.541667
133.379929,137.568848,108.023438,57.328125
133.094772,136.410009,106.148438,57.242188
131.231491,133.656097,106.625000,59.500000
128.545726,133.021769,106.666667,59.611979
126.121063,132.272110,106.502604,58.320312
125.068604,131.393402,106.820312,59.242188
122.717031,99.385600,105.510417,89.052083
121.167837,127.257833,106.479167,59.791667
117.963272,108.921860,107.000000,76.359375
114.700831,103.621892,107.114583,81.020833
113.959579,122.963094,107.640625,59.333333
110.679428,121.606750,105.929688,59.968750
109.407318,119.523417,105.671875,59.981771
106.559672,118.989487,107.333333,59.981771
104.568176,117.766159,106.000000,58.500000
104.010422,114.648956,106.820312,60.882812
101.195221,121.108627,107.164062,53.664062
100.516449,122.273605,106.638021,52.627604
98.728628,116.325063,106.895833,59.398438
96.748388,121.823710,109.755208,54.151042
98.236420,120.790222,108.578125,55.984375
99.879435,124.997528,107.330729,51.367188
101.579173,124.289474,107.317708,51.442708
69.717407,112.071609,139.445312,65.195312
73.403275,103.097458,136.687500,74.125000
81.182678,102.184189,129.585938,74.234375
74.185094,103.656270,136.770833,73.351562
87.974284,105.242137,126.973958,70.567708
70.603602,104.889211,147.380208,72.289063
101.696482,105.986730,120.687500,70.817708
80.621521,107.167943,146.031250,69.250000
116.922913,107.958644,110.427083,66.656250
123.852798,118.102844,109.710938,54.882812
126.068802,115.039032,109.710938,57.601562
129.555359,104.864934,109.479167,65.916667
132.729818,110.901723,110.145833,58.213542
134.371948,106.787521,109.671875,61.187500
138.820709,108.188995,108.156250,55.843750
142.156952,101.377533,107.677083,60.354167
123.811584,101.884918,127.226562,57.843750
131.985418,98.671811,122.109375,58.044271
139.376470,99.980245,114.942708,54.927083
144.384822,100.442497,109.968750,52.182292
150.541428,100.592407,106.734375,51.500000
148.290115,99.942039,106.656250,51.531250
149.198853,101.129738,107.458333,51.187500
150.876358,102.273262,107.015625,51.703125
150.479619,102.837641,107.375000,51.875000
151.007762,103.080330,106.604167,52.645833
150.052521,104.201083,108.552083,51.703125
151.575867,104.631554,107.734375,52.820312
137.567062,106.227348,122.429688,52.046875
145.554876,107.277201,115.195312,52.833333
151.469371,106.644582,107.906250,60.932292
152.280279,108.958944,107.906250,51.213542
153.237467,110.291423,106.604167,55.729167
153.358521,110.540207,109.101562,51.500000
153.650589,111.215881,108.507812,51.273438
154.915207,111.757996,108.187500,51.531250
156.509018,113.119283,107.783854,53.239583
155.511169,112.926056,108.312500,56.234375
155.575114,113.474457,107.906250,52.833333
155.931768,115.892054,107.317708,52.218750
156.739634,115.989054,108.145833,52.645833
154.907608,113.412689,110.375000,57.250000
157.003311,115.168121,107.640625,52.679688
154.485082,113.481923,111.104167,56.838542
156.746277,116.813019,110.101562,52.679688
159.133636,117.148956,109.458333,53.250000
158.117065,117.768428,118.182292,52.119792
157.581019,118.219101,109.408854,51.536458
159.415919,119.217148,108.869792,51.442708
160.718470,118.664363,108.869792,52.218750
160.063614,119.264435,110.375000,51.000000
161.357712,118.873276,110.375000,51.000000
160.030640,119.270376,110.789062,50.833333
160.138377,119.585561,111.197917,51.442708
161.518509,118.983383,111.156250,52.562500
159.629517,118.670090,111.468750,53.078125
129.307907,118.909943,142.843750,52.796875
158.515045,118.124191,110.507812,52.828125
157.556870,115.460775,110.609375,56.598958
153.737976,115.505280,112.562500,55.960938
132.244690,117.482056,130.609375,55.960938
150.505351,116.718180,111.333333,54.442708
148.158142,115.751511,108.937500,58.239583
143.145121,114.465057,111.486979,58.320312
142.872986,113.420222,110.348958,60.721354
141.441915,114.823954,109.479167,59.083333
140.183283,114.518804,110.010417,58.020833
139.897746,115.644943,108.164062,58.320312
138.255539,115.888718,107.828125,57.312500
135.717911,118.400558,108.460938,55.140625
134.552546,118.830246,107.562500,87.380208
90.540563,117.463786,149.111979,96.638021
103.007004,119.591080,134.593750,90.953125
114.699239,120.254710,119.731771,94.489583
122.621836,121.298559,114.885417,93.286458
120.193954,121.475606,130.609375,92.549479
117.874420,123.493668,145.817708,91.781250
115.519842,123.703008,164.500000,90.697917
115.795502,122.086929,170.364583,91.645833
111.471985,123.036545,168.500000,89.750000
108.778305,123.227417,211.000000,93.500000
105.938019,122.138092,113.875000,73.187500
103.208583,124.106898,109.296875,50.791667
102.528539,122.992315,108.588542,50.656250
100.038086,125.872192,110.125000,50.500000
97.614248,123.196732,109.906250,52.250000
96.869919,123.858322,107.640625,51.781250
91.465693,125.530579,108.916667,50.140625
91.340693,123.807220,109.166667,51.416667
86.215530,125.532130,109.723958,51.447917
82.903244,125.221893,108.656250,49.859375
80.979635,125.944611,110.317708,51.333333
77.925588,126.206034,109.231771,50.833333
77.317749,125.537567,110.054688,50.500000
73.609406,126.416946,111.601562,50.500000
71.998779,126.019455,111.156250,51.000000
68.261230,127.205012,110.010417,50.833333
66.361857,126.227193,110.421875,50.666667
64.147474,127.094864,109.645833,51.442708
59.921496,126.636495,110.010417,51.611979
59.264771,127.203705,110.375000,50.218750
56.515691,127.898809,110.458333,50.333333
52.861542,126.075745,109.281250,51.273438
51.345856,126.675883,110.421875,51.442708
42.750702,127.504669,111.937500,51.781250
42.045982,127.663361,112.257812,50.710938
32.642075,128.947586,119.750000,50.218750
15.778595,127.876882,134.203125,51.052083
35.486661,127.919790,111.872396,51.781250
16.051483,128.841965,129.750000,50.890625
27.545830,127.227661,116.104167,50.934896
29.575302,128.652390,111.687500,51.531250
25.501579,127.728577,113.046875,51.500000
24.211792,128.781723,114.580729,51.039062
21.645638,128.143616,114.953125,51.203125
21.746874,127.616898,111.328125,51.367188
17.317790,127.118785,111.523438,51.950521
17.987206,128.016418,109.890625,50.710938
14.711067,128.007263,110.054688,51.273438
11.771693,127.123479,112.750000,50.666667
9.914284,127.151449,110.739583,50.382813
6.663403,125.165339,112.750000,51.442708
5.591915,125.227631,111.468750,50.710938
3.946648,124.347961,111.156250,51.000000
1.586216,122.556030,111.156250,51.781250
0.883828,123.683334,111.104167,51.333333
-0.808262,120.870102,108.812500,51.781250
0.221124,119.340535,106.117188,52.390625
-2.034541,118.213888,108.145833,51.875000
-0.722092,116.810313,108.093750,51.442708
-0.809631,116.137268,108.507812,50.500000
-0.192833,114.588323,108.916667,51.875000
1.281010,111.743408,109.593750,51.000000
0.364343,110.118093,110.789062,50.833333
1.711693,108.964122,110.010417,50.833333
1.518536,107.213521,111.567708,50.833333
3.089767,105.256434,112.307292,51.950521
3.107910,104.166463,111.833333,51.666667
3.400608,103.069750,112.677083,51.333333
4.173908,102.601326,111.468750,50.710938
3.064377,101.301437,112.718750,51.000000
6.078640,102.027458,111.104167,50.546875
3.598076,102.784218,112.718750,50.218750
3.809483,101.186096,112.718750,51.000000
5.093849,101.812447,112.257812,50.710938
5.947269,102.370667,111.937500,51.000000
8.564171,103.094861,111.104167,50.546875
7.302339,103.205729,113.125000,50.054687
7.513192,103.770988,113.091146,50.382812
9.801436,105.444402,111.104167,49.760417
7.940847,106.190689,112.000000,50.333333
11.149860,107.646566,111.567708,50.054688
10.261909,108.712636,112.346354,50.054688
11.247589,110.583725,111.937500,50.218750
2.164703,110.974350,124.437500,51.000000
8.680756,110.807480,117.484375,51.859375
16.272168,111.480754,111.955729,52.833333
16.070480,114.326716,111.833333,51.666667
17.341525,110.092824,111.523438,55.869792
18.119479,114.410472,119.567708,53.333333
17.322070,114.948985,123.947917,54.166667
20.721161,118.556824,120.218750,51.242188
21.283015,118.741165,120.820313,52.351562
21.641243,120.998642,115.281250,51.515625
22.198982,108.436127,116.875000,65.375000
22.715530,111.311844,118.281250,63.437500
25.796995,111.275569,112.786458,65.255208
24.780497,112.418228,113.666667,65.255208
25.660904,124.265671,115.765625,53.968750
27.908699,125.232925,115.041667,54.666667
27.979388,129.073212,113.739583,52.020833
29.303436,129.971090,113.291667,52.333333
32.010455,125.960673,112.489583,57.145833
31.275586,127.725179,113.979167,56.658854
35.425718,130.127101,111.000000,55.166667
35.880692,132.731583,111.500000,53.000000
36.438301,133.260351,112.127604,52.966146
38.531013,129.859294,111.328125,56.963542
40.005137,133.488286,109.825521,54.997396
41.823611,136.190109,109.526042,53.643229
42.566261,138.527344,109.729167,52.966146
44.557874,140.433843,109.020833,51.833333
43.743408,140.767176,111.523438,52.734375
46.286227,141.599594,110.528646,86.544271
48.920982,141.589218,108.666667,84.273438
33.026337,147.852722,130.773438,91.046875
35.122487,133.390376,141.916667,96.489583
44.230324,135.412257,153.502604,102.020833
47.120712,133.948344,111.250000,77.562500
50.504097,133.318497,107.562500,83.343750
54.028824,137.491913,115.375000,82.562500
54.086571,134.718277,108.296875,70.890625
55.090019,137.240977,108.513021,69.247396
59.834511,135.242966,105.786458,69.377604
62.604523,139.805481,105.125000,65.750000
74.432170,143.704702,95.166667,62.666667
81.066093,141.892024,88.875000,65.125000
83.688011,143.268036,87.250000,60.250000
95.762065,144.081696,75.567708,62.536458
90.647156,145.104187,83.500000,64.250000
80.820635,146.681030,94.776042,70.971354
123.128850,147.222102,61.593750,69.528646
144.289434,170.592941,47.166667,68.807292
94.778511,202.359650,47.888021,24.804688
72.397786,156.722153,58.708333,52.216146
71.580144,155.754293,68.807292,60.872396
74.920723,149.201843,68.562500,65.687500
78.389435,150.876038,59.218750,54.906250
83.438309,152.026093,64.968750,54.187500
79.867126,151.875763,82.218750,40.531250
80.683838,152.095673,79.343750,39.093750
81.064377,151.875153,78.765625,39.882812
86.477753,153.656143,81.859375,39.085938
94.735331,153.997274,82.807292,45.729167
110.235062,154.223907,71.976562,60.867188
110.269226,156.993118,87.242188,59.359375
110.535950,155.734512,81.510417,64.453125
110.548620,156.599960,80.145833,59.677083
179.837077,154.729289,56.265625,73.322917
189.949697,155.644430,80.203125,74.494792
193.541870,154.300507,87.250000,65.500000
192.235657,153.993500,116.625000,69.750000
196.679840,153.718079,128.968750,72.367188
213.674367,151.987676,88.921875,46.684896
216.654083,150.506836,103.539062,37.093750
211.006022,145.971700,110.789062,38.375000
243.808746,147.105367,76.437500,38.718750
238.037018,148.518555,81.156250,37.562500
261.148356,150.420959,61.000000,35.000000
274.031067,141.940648,51.197917,90.593750
288.000000,148.942525,55.666667,71.666667
282.664062,148.703568,50.359375,29.476562
282.376373,144.745193,52.734375,31.679688
231.960938,142.029449,93.390625,31.796875
241.412201,136.473373,85.312500,31.507812
251.541779,136.061554,69.000000,32.343750
263.181742,144.644180,42.932292,54.046875
277.259918,182.774638,43.645833,43.166667
269.250946,181.267370,30.166667,40.192708
273.061646,184.951045,48.984375,34.286458
276.162140,173.933350,44.476562,32.054688
281.595815,172.301473,39.143229,33.638021
295.481873,184.300690,26.500000,28.750000
302.078298,170.405538,21.692708,34.536458
306.732361,163.901662,24.359375,43.656250
308.333333,182.429423,21.666667,32.000000
301.451935,186.114192,21.651042,29.911458
304.526398,176.880915,19.427083,22.447917
303.637950,182.785924,20.765625,24.776042
302.901367,183.371033,20.140625,26.156250
303.376831,183.431656,28.585938,25.234375
306.458333,179.626348,23.135417,27.562500
304.181244,175.374924,25.234375,18.531250
304.822917,163.983195,27.927083,33.067708
309.405060,163.022385,12.859375,27.296875
296.166219,158.493780,22.296875,28.906250
300.780314,154.810501,20.140625,31.625000
302.703796,147.059575,23.619792,31.773438
303.609416,153.651459,30.791667,28.354167
298.062500,137.190018,36.156250,39.250000
299.903524,141.358114,29.838542,36.018229
306.764496,134.984924,19.744792,32.651042
306.230174,131.183762,29.583333,34.250000
303.420044,156.651901,18.208333,21.125000
299.871206,156.515666,31.093750,23.013021
302.738983,148.510651,24.242188,30.531250
306.924133,130.964839,15.843750,34.854167
295.793223,127.740489,27.471354,33.408854
296.870097,117.413127,23.916667,31.989583
301.881073,118.152573,23.695312,30.257812
295.081116,117.881749,37.479167,28.091146
300.465851,116.057617,26.593750,31.375000
280.607707,112.894117,43.111979,28.627604
285.280365,112.072746,37.000000,29.968750
294.619873,113.060857,28.367188,29.544271
299.912038,113.053116,20.765625,30.648438
302.183197,113.028122,19.166667,31.372396
307.036397,112.549482,24.020833,31.333333
301.143951,134.881215,24.562500,18.333333
302.170349,135.483078,31.164062,18.531250
295.506002,131.068263,28.906250,15.197917
304.936829,128.512629,18.846354,14.906250
308.199046,134.732407,21.143229,8.968750
305.867188,127.668793,25.679688,14.921875
309.589661,134.939957,21.252604,8.018229
304.374502,134.648900,26.093750,8.604167
306.882812,131.212097,24.718750,12.320312
303.999125,129.878535,20.505208,12.302083
306.719859,128.934692,21.937500,11.817708
306.455892,125.673075,16.234375,14.710937
311.637390,127.811549,13.390625,12.596354
309.549388,125.938349,19.109375,12.596354
312.057292,123.869492,14.026042,14.026042
305.719635,121.729396,17.838542,16.091146
306.359762,122.800532,19.166667,15.833333
305.086304,123.338481,22.635417,16.877604
306.634389,126.484639,24.880208,12.666667
306.456604,118.693420,18.250000,20.125000
303.908691,117.811295,27.171875,18.968750
303.335938,118.828313,27.950521,16.635417
303.900269,117.983576,26.937500,18.940104
305.324524,122.437683,31.359375,14.367188
300.963135,118.678253,29.187500,15.734375
304.298391,119.232564,24.684896,15.830729
303.974884,119.102928,26.523438,14.500000
307.244792,122.166382,23.630208,12.315104
304.046448,116.277550,20.335938,16.039062
305.104451,119.434036,21.151042,12.216146
306.710205,117.522675,20.765625,13.757812
305.755402,116.216949,18.015625,14.062500
307.890198,115.637108,20.359375,12.976562
310.632385,112.516014,14.921875,14.234375
302.652679,113.063273,19.890625,14.723958
303.197378,113.346319,20.804688,13.695312
309.388072,113.575109,16.583333,12.333333
310.666667,115.865980,19.000000,10.833333
309.356771,113.900795,17.361979,11.802083
301.939067,112.710599,20.221354,13.231771
302.362427,114.150459,18.833333,11.000000
305.132701,112.690674,17.838542,12.596354
306.552287,110.412674,15.138021,14.343750
304.670125,113.673500,19.585938,13.390625
305.163025,115.052177,16.093750,10.023438
306.229268,111.990420,18.632812,12.278646
310.452413,111.385976,16.091146,14.502604
305.166199,109.420761,18.950521,17.044271
309.289551,111.756266,16.666667,14.500000
308.835409,114.902323,13.231771,12.119792
302.940816,113.542346,18.632812,11.325521
307.769521,109.242142,15.296875,18.315104
304.881632,111.944089,18.000000,13.666667
306.576324,114.500130,16.093750,10.843750
307.345469,111.378682,18.156250,13.549479
304.283620,111.776207,22.312500,13.593750
305.129852,109.484464,21.651042,15.218750
303.856120,106.764491,18.354167,17.645833
305.950033,109.532341,20.414062,15.976562
305.220785,107.769468,22.510417,17.406250
304.526174,107.303228,24.002604,17.158854
303.939585,105.107140,24.661458,20.049479
303.638916,106.624786,26.101562,17.875000
302.562724,104.384333,27.119792,20.700521
302.690013,105.826403,27.885417,17.687500
302.671844,109.071602,23.882812,14.593750
304.009725,106.088170,22.398438,15.914062
303.136953,102.412043,20.750000,19.721354
300.589406,105.724368,28.291667,17.041667
301.547546,103.065857,25.937500,20.250000
296.634420,105.130023,32.166667,16.354167
298.987864,101.721876,24.479167,19.927083
301.254903,96.310656,23.687500,22.770833
297.491201,95.013420,30.947917,23.520833
302.088725,92.522245,18.429688,24.997396
302.400604,96.124001,22.802083,19.687500
305.970713,95.607279,22.322917,19.927083
305.416931,77.740746,16.406250,35.210938
308.576650,92.006762,16.812500,18.968750
307.765625,82.789963,20.031250,24.789062
309.937500,80.027008,20.031250,27.906250
304.645833,80.455368,26.437500,25.750000
302.617320,56.552353,26.156250,30.708333
297.739156,68.849304,30.302083,21.460938
296.618815,63.152562,35.708333,25.244792
301.730570,62.193405,28.091146,23.263021
305.984802,44.547775,23.312500,33.671875
302.350769,56.797142,25.479167,20.010417
302.640106,65.041138,26.481771,27.966146
303.955587,49.253913,25.218750,30.947917
300.033997,45.383232,27.296875,37.921875
304.280090,51.583260,20.968750,37.000000
295.482666,61.728958,37.380208,29.359375
299.814433,58.686251,30.906250,33.020833
294.216329,58.959742,40.388021,33.770833
297.235972,63.703814,39.364583,26.796875
299.870178,71.593246,22.500000,20.484375
287.545481,68.926638,42.302083,23.239583
304.298706,81.448227,15.687500,30.062500
298.274353,79.139427,21.187500,33.656250
288.350098,78.782127,37.843750,29.406250
303.857117,73.420082,18.812500,31.281250
301.409332,60.241821,25.468750,24.906250
303.432821,55.055539,24.067708,28.091146
302.587016,48.935313,20.580729,37.210938
302.003174,49.408310,20.968750,34.187500
301.953074,50.180290,19.687500,33.229167
299.017517,64.498510,30.505208,24.604167
300.811106,58.141380,26.776042,29.838542
305.832316,57.561640,22.190104,27.822917
301.810638,48.534630,22.398438,40.187500
297.715159,56.383041,24.833333,31.333333
303.829081,51.159124,22.289062,33.359375
303.607300,62.988091,22.375000,21.531250
305.752991,57.581841,19.062500,27.562500
307.662476,56.933698,22.471354,31.565104
300.626007,62.983971,25.460938,20.859375
302.911560,68.690778,27.114583,18.250000
300.287537,58.050631,25.750000,28.041667
301.823161,64.976486,28.312500,24.479167
302.120758,60.279167,33.000000,26.500000
300.448659,56.533394,27.565104,30.458333
302.490936,53.528254,24.739583,30.812500
303.222565,53.244476,21.312500,30.520833
302.648315,65.879364,25.234375,18.531250
304.378723,61.457924,24.744792,23.520833
302.781952,63.940071,27.750000,23.750000
304.344604,66.315732,28.091146,23.356771
304.928345,65.022491,22.000000,24.750000
302.812714,63.230629,24.010417,28.171875
310.345530,63.080528,17.078125,17.333333
297.595154,63.957306,31.515625,19.648438
302.126292,68.194382,27.270833,24.492188
302.180491,70.358411,23.458333,21.161458
300.555847,71.273956,26.671875,21.585938
301.080597,71.615173,24.671875,21.625000
301.996613,70.886261,24.492188,24.976562
301.962809,71.187159,29.796875,23.229167
298.562581,72.341667,32.825521,24.408854
298.861766,72.286049,34.125000,23.635417
300.661072,79.523305,34.260417,17.093750
300.602793,77.529081,30.604167,20.906250
300.199982,78.745466,29.932292,19.411458
303.355438,80.112457,28.750000,18.250000
301.418772,79.182228,29.911458,19.010417
303.712646,74.232536,28.708333,25.986979
301.125000,73.918307,29.906250,27.302083
297.816162,73.949455,31.351562,26.703125
299.554911,84.974258,30.505208,20.479167
299.252045,79.862488,33.539062,26.156250
297.091064,77.864868,37.281250,27.437500
299.982778,76.601351,32.486979,27.778646
295.830658,76.678970,35.109375,26.437500
294.441101,74.696045,39.445312,29.039062
293.587748,77.451642,38.458333,25.770833
290.061279,74.456917,30.440104,29.820312
294.542786,77.073616,32.875000,23.812500
289.106903,76.984230,35.734375,26.828125
292.307892,76.331886,36.343750,25.070312
293.828979,72.881167,33.625000,30.604167
296.401530,75.604986,32.609375,26.721354
299.210632,72.157359,25.166667,31.812500
298.885620,79.550529,31.062500,27.304688
300.624603,76.935226,26.726562,26.148438
301.003194,79.099447,26.947917,25.567708
300.153992,79.329468,26.765625,23.843750
301.235809,84.660128,21.966146,21.208333
296.258474,87.145615,27.354167,22.562500
301.558838,88.373342,28.416667,21.807292
303.055389,87.776749,23.945312,23.429688
301.222585,88.469180,27.437500,16.911458
296.154938,87.848836,31.130208,19.541667
300.487579,80.405271,24.744792,27.682292
297.067322,87.705902,29.617188,21.109375
302.096283,87.472954,25.234375,24.989583
297.380829,81.027458,31.750000,27.750000
297.219177,86.961255,28.880208,21.515625
302.668121,83.292122,21.500000,26.000000
302.755981,85.756416,26.213542,26.213542
297.514893,86.902504,31.273438,25.218750
295.779734,87.395515,30.049479,25.250000
299.242635,90.743436,31.468750,21.052083
302.190776,86.156537,28.460938,26.976562
295.334757,87.424474,31.729167,22.093750
296.848450,98.200559,35.882812,16.091146
295.932566,96.561284,37.627604,18.429688
293.896210,90.092801,28.091146,22.041667
298.279307,83.789642,32.135417,26.776042
297.902384,87.135091,30.721354,19.937500
300.037079,86.556419,32.250000,22.500000
296.738841,89.463811,35.718750,17.833333
297.741791,86.928635,35.000000,22.500000
298.340322,83.829768,28.617188,24.408854
301.937408,84.792953,29.617188,22.398438
298.039602,81.639788,31.880208,22.182292
299.843842,79.057343,30.062500,23.039062
300.408071,79.982557,28.307292,26.010417
298.185557,86.677559,32.333333,16.666667
300.640167,81.170265,30.296875,22.796875
302.798147,71.485891,27.437500,28.906250
294.216156,72.660545,38.125000,32.453125
300.444641,76.776866,29.708333,26.187500
295.144501,82.710663,40.187500,18.789062
288.555318,81.745885,42.437500,17.250000
295.696493,80.771950,37.833333,21.583333
298.260722,83.825877,27.682292,17.747396
296.048279,82.992668,36.479167,18.604167
294.093781,80.392715,37.640625,21.781250
300.174530,72.517649,32.796875,30.505208
289.285187,76.394971,31.546875,25.856771
294.166199,79.951126,27.067708,17.041667
302.118347,77.648219,28.895833,18.604167
290.226898,78.145706,33.226562,18.273438
291.543722,72.829811,37.229167,24.744792
295.310272,77.575981,37.093750,20.593750
294.950490,71.559942,37.562500,25.916667
301.380819,71.775492,22.856771,26.263021
295.670705,72.012268,31.333333,25.375000
300.797058,69.374812,32.390625,27.541667
296.072906,73.227837,34.260417,24.067708
300.639079,71.467621,26.078125,20.783854
301.434845,72.400012,30.458333,25.723958
301.463440,67.103889,32.750000,28.750000
301.072957,69.752393,31.247396,25.986979
300.384959,71.966454,31.880208,23.713542
296.224497,69.406873,35.101562,26.513021
298.503418,69.701973,34.468750,26.500000
294.525279,71.242208,36.609375,23.359375
294.547567,73.470741,35.830729,17.718750
299.678040,70.704926,31.281250,19.593750
300.725993,71.754196,28.533854,21.460938
298.933400,71.441182,30.947917,20.885417
294.812744,71.935509,35.750000,20.250000
297.092356,69.361908,33.088542,24.671875
303.548859,65.523422,28.359375,26.765625
298.920003,62.272107,28.617188,25.723958
302.308980,68.155441,29.156250,22.255208
300.846263,69.305606,30.687500,21.312500
302.803304,69.722333,30.934896,22.523438
303.765523,66.401230,28.052083,26.010417
301.761383,64.093127,28.880208,27.828125
304.240479,75.290848,31.937500,16.468750
299.362630,73.069122,32.578125,17.156250
301.040680,69.858218,29.989583,23.281250
299.662384,64.378309,31.817708,27.270833
297.814229,63.879583,36.770833,27.828125
299.723002,69.885633,31.093750,23.291667
301.398682,67.005463,28.625000,24.640625
301.284831,71.475571,31.247396,18.359375
298.676331,65.305130,29.000000,25.750000
299.013306,61.207868,33.614583,28.091146
293.139628,57.587519,36.333333,30.260417
297.209686,50.119175,27.304688,20.367188
297.364299,47.566238,34.677083,18.114583
303.102478,37.834625,31.989583,39.020833
304.430695,64.132530,30.257812,24.789062
309.514181,71.078969,18.096354,22.304688
296.113586,72.894180,25.750000,18.250000
302.930033,64.075061,24.697917,19.484375
300.938324,63.847046,27.281250,26.148438
302.018402,65.100764,31.570312,25.171875
302.965515,71.820747,30.000000,17.750000
302.074036,63.990428,30.148438,24.934896
302.399577,63.463712,25.739583,20.049479
301.501526,72.523918,29.911458,13.796875
301.542521,70.330533,28.098958,18.468750
300.544484,69.036517,27.125000,19.104167
302.289246,70.428271,24.463542,18.044271
303.432912,68.212351,23.635417,19.364583
302.099152,71.657158,28.625000,16.640625
301.337565,66.308528,27.265625,21.713542
302.007345,69.072858,29.442708,18.468750
293.354736,70.386950,36.979167,16.583333
297.151408,72.414406,36.458333,15.854167
299.395538,72.154907,35.500000,14.500000
299.799906,68.531441,22.562500,15.375000
301.988586,65.215736,23.656250,22.296875
303.601969,65.130819,27.369792,20.020833
303.518982,70.398056,28.867188,17.992188
302.035675,65.207428,30.531250,21.859375
304.880381,62.578222,27.304688,23.750000
301.004598,70.128807,29.442708,15.781250
303.225769,72.114761,30.882812,15.609375
303.319743,72.677231,28.729167,15.895833
301.803772,68.308167,31.406250,20.906250
300.809143,70.995435,31.593750,17.455729
302.718414,67.049583,29.820312,22.312500
303.350067,63.440119,30.093750,24.734375
301.327332,64.424365,31.729167,26.781250
302.191132,71.565239,29.437500,20.960938
290.424561,73.255842,44.489583,21.833333
295.777344,71.897255,29.710938,22.875000
301.918243,68.733398,37.867188,21.625000
305.185822,68.938232,17.791667,27.000000
297.453186,63.004211,24.203125,27.812500
301.384827,49.128380,23.945312,26.007812
309.359568,44.923059,12.718750,29.645833
304.933167,33.340248,16.833333,22.523438
309.718842,27.045746,12.484375,23.265625
310.129588,10.647786,11.750000,30.114583
312.464417,15.830986,13.234375,25.468750
307.791656,9.591339,13.432292,17.442708
309.530080,15.867037,13.632812,17.041667
311.702087,16.999843,10.505208,12.976563
311.588888,9.834028,13.356771,16.208333
311.203349,1.686165,16.208333,9.744792
312.317047,0.966258,10.114583,8.838542
307.421071,5.625856,13.942708,20.505208
309.445567,8.437962,12.687500,18.531250
310.630981,0.610420,12.510417,9.971354
315.186686,2.450595,6.247396,7.093750
312.029053,1.153373,10.648438,9.294271
313.015442,1.773514,13.018229,8.955729
316.471283,1.434014,5.062500,8.447917
312.045197,2.358797,11.325521,14.710938
311.943471,2.709741,10.054688,15.138021
313.516998,1.653303,9.260417,7.513021
312.033610,1.733857,10.531250,8.625000
307.726206,1.994741,13.072917,9.736979
309.712036,2.562844,12.278646,15.138021
313.208964,0.309554,8.783854,16.567708
310.812571,3.103097,10.848958,10.372396
309.143453,1.487707,18.156250,15.773438
305.327504,2.990311,15.369792,14.885417
312.106984,4.441028,9.578125,13.549479
308.325734,8.296638,17.997396,11.484375
310.357493,2.969282,11.325521,19.903646
312.774628,2.178058,14.661458,12.437500
314.037191,9.432410,13.708333,15.138021
305.905223,5.270376,14.979167,10.848958
304.744568,2.109581,15.932292,13.867188
306.182119,1.790442,16.091146,14.343750
303.569519,1.607024,23.398438,16.250000
307.075541,1.042985,17.666667,16.166667
305.106405,2.336885,22.835938,14.880208
303.223562,1.891579,25.437500,13.395833
307.500946,1.781281,22.187500,11.312500
312.199015,0.689170,14.281250,13.041667
304.416626,1.961537,22.666667,9.632812
307.145976,3.061113,14.885417,15.208333
308.800283,1.063908,15.455729,8.783854
308.865794,1.454055,24.351562,11.484375
312.377869,1.480179,15.500000,8.000000
312.205027,3.277312,9.333333,15.500000
311.852010,2.246446,12.278646,12.755208
309.412547,2.684663,12.596354,11.643229
304.480632,2.531521,17.044271,8.307292
307.435252,1.312182,13.867188,9.101562
306.618042,1.174610,15.773438,10.848958
305.060099,2.032604,17.838542,13.549479
305.945587,1.509068,21.989583,9.234375
305.198598,1.601584,23.239583,9.260417
312.873932,1.652029,14.184896,7.671875
312.170837,1.192942,14.343750,7.036458
311.096608,1.731940,16.726562,6.559896
