121.000000,50.000000,51.000000,61.000000
123.397105,52.730446,51.166667,62.833333
123.061167,52.907527,50.656250,63.661458
122.168777,52.769508,51.468750,63.937500
122.656321,54.699760,51.312500,62.692708
122.799154,55.212377,51.838542,63.070312
122.168620,56.247899,52.882812,62.424479
122.542775,56.824267,53.109375,62.692708
122.317535,57.592499,51.531250,61.757812
121.098785,57.770335,53.380208,62.208333
121.421707,58.106201,53.335938,61.757812
122.204391,58.679451,52.510417,61.494792
121.429459,59.050735,53.250000,60.968750
120.241959,58.160110,54.437500,63.343750
121.429276,59.085007,54.015625,61.328125
121.312332,58.788658,53.937500,61.757812
121.500931,59.502403,53.335938,61.757812
120.305883,59.744334,53.708333,61.494792
120.305883,60.267362,53.708333,60.895833
120.635605,60.500999,53.250000,62.156250
120.317459,61.175301,53.335938,62.359375
120.445877,61.350494,53.335938,60.554688
120.183609,60.691366,53.611979,61.296875
120.325653,61.110349,53.708333,62.093750
119.430267,61.593597,53.937500,62.359375
119.842865,61.805969,53.562500,60.812500
119.113739,62.248344,53.250000,59.187500
119.003494,62.776077,53.734375,60.765625
118.415838,61.650126,53.479167,60.039063
118.240107,62.017265,53.611979,60.114583
117.600047,61.788213,53.611979,60.114583
117.882370,61.392710,53.611979,59.523437
116.086161,60.454714,53.380208,61.619792
115.103714,60.027967,53.708333,62.692708
112.921936,59.459190,53.937500,61.757812
111.710943,58.413157,54.075521,61.828125
110.208354,58.206647,54.770833,60.208333
108.088298,57.452426,55.505208,71.677083
107.666840,57.271871,57.088542,74.104167
108.243642,57.666835,55.901042,76.406250
107.516017,57.226250,56.549479,76.627604
108.061574,56.794284,56.947917,76.052083
109.491903,56.420542,54.489583,61.937500
108.984741,56.860970,52.458333,61.463542
110.375081,55.889936,54.242188,60.361979
112.119787,54.901405,52.286458,61.231771
112.531423,52.288470,52.429688,64.252604
113.368657,53.962817,52.575521,62.283854
113.290456,53.967957,52.882813,63.020833
113.772842,52.806252,53.250000,63.937500
114.198847,53.766820,53.708333,63.291667
114.548818,55.676481,54.671875,62.424479
115.046936,57.826241,55.843750,62.546875
114.957947,57.894028,56.453125,62.546875
115.108124,59.898079,53.854167,63.687500
115.414591,60.865855,53.018229,63.421875
115.101095,65.405617,54.166667,62.625000
114.955332,67.066836,52.958333,62.020833
114.382558,68.304192,54.075521,61.231771
108.641861,70.723745,59.697917,60.895833
113.136520,72.829226,56.393229,66.351562
112.292491,75.522270,55.864583,66.002604
112.645009,77.873721,54.671875,64.809896
113.772263,79.760788,54.625000,60.718750
113.659164,81.974335,53.734375,63.695312
110.864410,82.913040,57.791667,58.395833
114.008179,83.380577,54.671875,66.598958
114.784185,84.740595,55.466146,65.257813
118.009537,84.993988,53.789062,62.890625
120.382187,86.370720,52.062500,60.375000
121.612859,86.746470,52.104167,60.234375
122.572764,86.465060,53.500000,64.583333
125.292765,86.399498,52.958333,63.229167
126.385640,85.071538,52.791667,66.328125
127.259598,83.486893,56.945312,66.570312
126.359772,82.622693,58.348958,69.062500
126.568314,81.010056,52.843750,70.125000
125.692917,77.151917,53.500000,67.250000
125.351822,76.134171,54.125000,71.000000
124.563431,73.518138,53.317708,74.372396
124.015366,71.849243,54.156250,77.125000
123.088033,69.786636,54.283854,72.494792
123.551239,68.143082,54.812500,64.421875
123.514689,67.409894,61.119792,64.218750
124.507807,67.526014,54.604167,63.000000
123.543167,67.927058,54.854167,62.809896
123.735336,67.201258,55.466146,63.421875
123.274801,66.183027,54.921875,63.598958
122.236069,65.584236,55.312500,63.335938
122.635574,65.332535,54.078125,62.718750
121.899724,64.260989,55.375000,62.625000
120.476741,62.860209,56.690104,64.033854
119.671061,61.024282,56.078125,65.257813
118.181244,60.009819,55.234375,63.156250
115.733449,58.083946,58.036458,62.890625
113.971013,58.708183,56.161458,62.359375
112.409195,58.231425,53.630208,60.973958
111.214788,56.637100,55.976562,61.296875
109.677780,57.298627,52.354167,60.208333
108.370697,56.619011,53.148438,62.523438
107.157984,56.740626,54.307292,61.494792
106.185806,56.368024,54.166667,60.208333
105.903432,56.750837,54.671875,62.424479
105.052826,55.462433,53.406250,65.593750
105.139435,55.841090,53.789062,75.026042
104.327886,54.237974,53.317708,76.924479
104.727397,54.560081,52.390625,73.473958
104.086121,54.169324,56.507812,71.182292
104.238052,54.748838,54.604167,67.520833
104.347310,53.941149,53.718750,63.760417
105.233678,53.674052,52.575521,63.497396
106.367493,54.386045,52.882812,62.424479
106.741430,55.006719,53.708333,64.489583
106.899022,55.706075,53.630208,67.093750
107.081207,55.483093,52.658854,70.085938
108.445724,57.601885,53.307292,71.583333
107.450673,58.065791,55.031250,68.539062
107.298467,59.164711,57.145833,72.458333
107.631749,60.791875,56.562500,71.776042
107.936279,62.434837,57.437500,69.906250
107.477534,63.875885,58.291667,67.406250
108.084732,64.158915,57.833333,67.520833
107.642949,65.124939,57.604167,64.036458
107.247060,65.217534,58.979167,67.171875
108.572784,66.051496,58.942708,62.848958
108.967850,66.055298,58.398438,61.484375
107.243017,67.284986,60.750000,64.484375
109.762502,67.947004,59.125000,59.770833
109.379761,67.365186,58.156250,61.843750
109.919464,66.346992,58.281250,61.937500
107.997192,65.980306,60.463542,67.138021
107.847549,65.770767,59.697917,67.354167
108.098511,66.096840,59.406250,65.968750
107.857956,65.434082,59.593750,66.755208
107.117991,66.186333,60.481771,66.364583
109.488892,65.767632,58.520833,63.096354
108.986506,66.292892,58.882812,63.239583
108.056931,66.263336,59.851562,66.812500
107.163783,65.486387,59.174479,67.671875
107.832825,65.435173,58.750000,67.937500
107.055776,65.820943,58.942708,68.057292
107.665543,65.492081,56.989583,64.802083
108.246109,65.178284,56.054688,68.710938
107.493795,64.428891,53.958333,69.458333
107.376002,65.480975,53.317708,66.716146
104.879608,65.420481,53.281250,68.218750
104.372894,64.825897,54.567708,67.802083
105.191162,64.644333,52.890625,69.343750
103.703634,64.997775,53.937500,68.432292
104.889404,65.199043,53.523438,69.976562
105.254061,65.594447,53.317708,69.906250
104.818919,65.159299,53.955729,68.630208
105.112986,65.665555,53.937500,66.541667
105.331741,65.739471,53.500000,67.250000
105.150574,65.995293,54.750000,69.125000
105.019562,66.072800,55.453125,68.265625
104.955195,66.110486,55.197917,69.062500
105.219981,67.030599,55.010417,68.354167
105.540131,67.200470,54.789062,68.710938
105.652756,66.047206,55.010417,68.989583
105.165441,66.893148,55.231771,68.630208
105.470215,65.824343,55.645833,70.260417
105.203786,67.180280,55.250000,70.750000
105.498052,65.772306,54.388021,69.825521
105.484131,66.281372,54.812500,69.546875
105.686239,66.072665,55.231771,69.906250
105.355713,66.545591,55.674479,69.182292
104.761139,65.814285,55.453125,68.906250
104.811656,65.694516,55.645833,69.625000
104.661636,66.349167,55.231771,70.544271
105.321243,65.967361,54.812500,68.906250
104.855428,65.735624,55.645833,67.718750
104.473862,65.952248,55.010417,68.354167
104.466766,64.818764,54.750000,66.625000
104.261032,65.393374,54.346354,68.781250
104.103256,64.529297,54.526042,68.218750
103.865046,64.492561,53.682292,68.557292
103.353897,64.703987,53.854167,67.375000
103.288101,64.019485,53.630208,64.645833
103.321355,64.882718,52.958333,62.625000
102.762100,64.046224,53.611979,59.523437
103.005480,64.037735,52.203125,67.505208
102.959770,64.377495,52.734375,65.968750
103.134193,64.844879,52.734375,65.367188
102.690567,64.654381,53.250000,66.906250
103.680344,65.014832,53.708333,67.484375
102.787440,66.382192,54.075521,66.002604
103.890671,65.264427,53.109375,68.083333
103.176826,65.661774,50.968750,66.812500
104.201210,66.794991,50.281250,65.125000
104.483658,66.942713,49.473958,67.208333
105.118782,66.736043,48.708333,66.598958
105.685883,66.524165,48.291667,57.158854
105.841537,67.128586,48.250000,66.250000
106.502014,67.334938,47.289062,61.937500
107.395554,66.776443,47.125000,67.937500
108.277817,67.839923,46.906250,66.328125
108.083806,68.209696,47.666667,64.000000
107.697108,68.112796,48.768229,66.033854
107.735942,69.916735,48.083333,63.385417
107.889170,69.561226,48.552083,65.166667
107.286591,70.025642,49.046875,63.109375
107.164230,71.133621,49.343750,62.005208
108.138306,72.111053,53.468750,60.882812
107.283035,72.902641,52.898438,60.882812
110.288055,72.372780,49.697917,54.854167
108.766388,73.741781,52.705729,52.705729
109.516215,73.328552,49.903646,59.244792
108.386414,74.642883,53.695312,55.359375
107.989059,75.444946,53.312500,55.000000
108.560196,75.448771,53.070312,54.750000
108.496562,75.249771,53.630208,53.630208
108.272491,74.972458,52.510417,59.789062
108.159790,75.330734,52.187500,56.687500
107.498744,75.946170,47.255208,55.614583
107.730413,75.357630,47.671875,58.401042
107.407397,75.513039,51.002604,58.695312
108.316335,75.962204,47.375000,56.208333
107.619247,74.979101,47.445312,59.190104
107.195747,74.912364,47.807292,59.236979
107.823377,74.089050,46.500000,57.875000
108.619052,74.282781,45.526042,58.937500
107.693649,74.499100,45.843750,59.723958
108.125877,75.082362,43.916667,60.010417
108.259082,74.619871,47.445312,57.588542
107.318751,73.921237,48.125000,61.125000
107.317553,73.264890,47.255208,60.630208
107.264114,73.203412,49.151042,61.468750
106.063276,72.286644,49.125000,62.302083
105.552373,73.297763,51.390625,60.348958
106.230052,73.229256,47.617187,61.429688
106.069969,73.093376,46.562500,62.875000
105.520688,72.498596,50.270833,62.588542
106.102552,73.219411,45.716146,60.815104
105.905866,73.510132,45.507813,61.992188
105.734528,73.204727,48.031250,61.156250
105.850014,74.923752,44.312500,60.062500
106.297997,74.409897,44.242188,60.791667
106.454366,75.104495,43.291667,60.208333
105.084681,74.606944,43.820312,59.679688
105.522659,75.093656,44.348958,56.507813
104.968745,75.013758,46.658854,58.971354
105.144750,73.626139,44.989583,60.010417
105.150505,74.183609,47.218750,60.500000
104.089506,73.158752,48.255208,61.442708
104.758214,73.591207,47.471354,62.028646
105.028114,73.000618,48.812500,63.437500
105.257660,73.528137,49.476562,63.164062
104.662844,72.985331,48.687500,61.744792
104.450508,73.580505,50.500000,62.875000
104.705406,73.573784,54.437500,61.750000
104.070831,73.646385,48.906250,62.023438
105.089539,71.874489,55.000000,62.312500
104.017853,71.161339,47.828125,64.015625
104.000381,67.806519,47.765625,67.156250
103.170952,67.226494,47.828125,65.750000
104.071159,66.073181,48.984375,62.281250
103.870094,64.092499,48.687500,69.125000
103.094070,61.961583,52.882812,73.158854
103.477328,60.267705,48.924479,75.065104
103.219360,58.109868,48.895833,74.734375
102.378253,57.667412,48.697917,73.802083
102.575157,56.382423,49.757812,73.828125
102.897453,54.428711,55.375000,69.125000
102.865697,50.800809,48.122396,61.585938
101.821523,50.471090,49.200521,59.653646
101.895238,48.708651,48.468750,61.466146
102.440798,48.325335,48.468750,63.161458
101.989337,46.791183,48.119792,61.177083
102.068837,45.451411,48.687500,63.447917
103.373138,44.949776,48.984375,62.859375
103.038452,44.006218,47.828125,64.593750
104.172930,44.231842,47.458333,63.718750
104.843826,44.832914,48.552083,61.729167
104.477547,44.626900,48.335938,63.734375
105.243078,46.341181,49.125000,62.875000
106.147275,48.535566,49.033854,59.770833
107.235626,48.660858,48.468750,60.335938
107.800730,50.279475,49.598958,58.640625
108.652206,51.183281,49.375000,59.500000
110.058090,52.000623,50.164062,60.335937
110.664342,53.348195,49.822917,59.473958
111.745595,53.473666,49.484375,64.531250
113.066004,54.111188,50.390625,58.338542
113.044017,53.754924,49.151042,58.109375
113.572225,54.595622,48.927083,58.401042
114.038498,54.238029,49.257812,62.015625
114.791290,55.567708,49.033854,65.421875
114.830098,55.763751,49.697917,65.166667
113.939407,56.283841,50.270833,61.729167
114.974487,57.220479,50.942708,62.557292
115.382141,58.275228,51.026042,64.562500
114.960846,59.802144,52.203125,62.208333
114.060440,59.961769,54.320312,61.351562
111.265233,61.922572,57.302083,62.093750
112.661011,65.053378,56.104167,61.494792
113.937668,66.262482,55.145833,58.677083
109.359762,67.002497,59.523438,56.567708
109.211355,67.526756,60.208333,65.645833
108.579341,68.974533,60.093750,66.447917
109.942307,71.594238,58.585938,58.585938
112.328247,73.592041,55.843750,57.671875
108.607478,74.508736,58.677083,57.500000
109.157786,76.807223,57.302083,55.505208
108.005758,76.404307,57.583333,61.666667
108.160797,78.826797,57.062500,62.546875
108.411229,78.975779,55.979167,60.812500
107.853333,78.375229,55.734375,61.619792
107.550212,78.382619,56.460938,63.020833
108.494476,78.170715,55.031250,62.750000
107.866440,77.099754,55.625000,62.750000
108.849075,77.481171,55.625000,63.343750
107.988861,77.689392,56.218750,61.562500
108.438161,76.630727,54.557292,63.973958
106.933156,77.027072,58.500000,63.890625
106.937154,75.454641,55.979167,64.437500
107.625910,74.899633,53.708333,58.500000
107.612885,74.752129,55.492188,64.281250
104.925751,74.203094,57.062500,60.718750
104.767639,74.026896,54.770833,61.416667
102.632843,72.898521,56.945312,62.960938
101.455437,72.218185,56.453125,62.546875
100.457947,72.678528,59.351562,61.757812
98.485280,70.975466,56.690104,62.197917
97.019185,70.806630,55.609375,62.283854
95.199954,69.178454,59.000000,66.250000
92.741318,68.743136,56.781250,64.218750
92.499074,68.533862,56.078125,64.645833
90.415098,67.524223,56.078125,65.869792
90.029208,67.208165,55.083333,67.989583
87.721888,67.536853,56.393229,66.973958
86.789502,66.904462,55.770833,66.973958
85.282117,65.530312,56.856771,69.408854
84.771439,65.947657,56.281250,67.083333
83.585587,65.948997,57.484375,68.153646
81.133163,66.490929,57.250000,66.000000
80.485273,64.995801,56.216146,71.385417
79.095721,65.523460,58.111979,68.153646
77.664116,65.644852,56.453125,67.421875
76.251747,66.433144,56.546875,70.125000
75.092809,66.296730,55.828125,67.171875
74.038826,65.685043,55.929688,70.125000
72.951518,66.027232,56.229167,66.270833
70.630534,65.752134,56.781250,69.177083
69.017143,65.689692,57.484375,67.526042
68.588402,66.141151,57.164062,63.953125
66.539859,66.415716,57.302083,61.585938
65.435501,66.790718,57.062500,64.375000
64.243474,65.765465,57.187500,65.645833
61.691345,66.539258,57.791667,62.020833
61.318057,66.501742,56.583333,63.229167
58.953056,66.414589,58.148438,60.554688
57.353737,66.672935,58.281250,60.718750
56.870079,66.848404,59.500000,60.109375
54.716507,66.746399,61.328125,60.718750
53.311531,65.904627,62.809896,61.585938
53.219432,66.132764,67.093750,62.197917
52.455482,65.850052,93.348958,62.359375
51.412603,64.837626,70.010417,62.848958
50.385246,64.324165,74.500000,62.687500
49.792389,64.766329,71.776042,63.177083
50.129913,64.694588,63.343750,66.625000
50.982796,64.593781,59.406250,63.343750
51.081182,64.338333,61.611979,64.164062
52.532056,61.719358,62.130208,65.281250
54.242218,60.984823,62.000000,63.906250
56.576309,60.620979,59.593750,66.104167
58.168213,59.699852,60.973958,68.630208
58.415833,59.456434,60.955729,65.567708
59.473394,58.199453,61.708333,66.875000
61.381811,56.679461,62.442708,72.247396
63.236870,54.641350,57.002604,72.156250
64.486519,52.450737,56.093750,66.343750
64.309156,50.830195,56.916667,72.166667
66.426971,49.499016,58.187500,72.802083
67.550568,47.635658,58.710938,76.218750
68.662532,46.272257,57.867188,78.130208
70.114227,44.878487,58.062500,65.195312
71.863174,43.966502,59.533854,65.322917
73.786354,40.114777,56.338542,69.359375
75.220851,32.883578,55.687500,75.869792
77.554832,41.457797,57.197917,64.645833
79.321599,39.832799,55.674479,66.609375
80.692411,32.370743,55.828125,75.364583
83.364922,39.332759,55.901042,67.145833
84.097056,39.786641,68.630208,70.544271
86.201225,40.599091,64.156250,69.531250
88.095329,41.209590,68.804688,74.283854
89.906639,41.697708,70.000000,72.875000
90.308723,42.367287,70.750000,72.929688
91.789378,44.026937,69.033854,72.614583
93.387131,44.400345,67.843750,72.156250
94.156057,45.965243,65.221354,65.221354
96.115906,47.744781,62.171875,69.648438
96.949465,49.004654,59.679688,67.773438
98.287811,51.072479,62.442708,65.710938
99.125656,53.021139,63.177083,63.838542
100.141805,54.295171,62.515625,63.838542
99.726232,56.310387,60.296875,71.497396
100.560562,57.712728,55.250000,66.229167
101.847219,58.882604,56.856771,65.015625
101.977615,62.057877,55.421875,66.812500
103.450328,65.334712,54.375000,63.906250
102.743169,66.990715,54.468750,67.375000
103.181707,67.794444,54.567708,67.171875
104.026001,70.626373,54.750000,62.875000
104.150513,72.869052,55.466146,60.973958
104.078903,75.392962,55.002604,62.890625
104.568446,76.813873,54.242188,60.361979
104.667170,79.194745,55.268229,73.158854
104.267263,82.063950,55.601563,66.898438
104.682810,83.999636,56.458333,63.390625
105.079224,87.194946,55.375000,67.250000
105.453690,90.908506,56.229167,65.643229
106.216838,92.590162,55.770833,61.372396
106.705119,94.497482,55.002604,60.463542
106.495255,98.317741,55.140625,65.367188
105.863439,100.980982,54.468750,60.614583
105.832575,101.662501,53.708333,60.296875
106.010132,103.233551,53.843750,59.187500
105.728607,104.330607,55.145833,61.031250
105.485229,106.037445,54.166667,63.833333
105.086273,105.603027,54.625000,80.218750
104.815445,106.039851,55.231771,77.562500
104.298172,106.365768,55.421875,80.281250
104.152486,104.981649,55.106771,81.132812
102.958003,120.398753,56.898438,64.489583
103.382863,118.742671,55.906250,70.286458
102.664141,118.238429,56.281250,72.166667
103.609141,105.514974,54.593750,80.752604
103.401108,117.510925,55.421875,71.546875
102.768733,116.845093,55.687500,74.567708
103.093669,117.756510,54.367188,74.791667
102.938502,117.376424,55.026042,77.427083
102.845062,117.135910,54.078125,79.609375
103.321869,119.658025,52.533854,79.304688
101.190056,139.390076,55.421875,62.140625
100.508685,141.739003,55.869792,60.335938
101.907173,140.982931,53.789062,63.497396
99.645426,144.134460,55.375000,60.812500
97.408422,141.091527,57.653646,64.809896
97.504791,138.271500,57.250000,69.125000
96.029231,131.904582,56.989583,77.171875
94.862269,141.680288,58.994792,69.229167
93.758652,150.253159,59.174479,61.789062
92.163198,153.981435,60.239583,58.979167
91.482625,155.585607,61.372396,58.882812
91.940829,156.086314,61.250000,59.994792
90.855779,156.721278,62.505208,59.994792
89.589933,157.326319,63.270833,59.458333
89.244581,156.320638,63.390625,60.869792
87.338951,158.115977,64.164062,57.145833
86.729050,158.364243,60.500000,57.401042
86.365949,159.191737,61.843750,56.312500
84.120349,159.050924,62.424479,56.460938
83.932617,158.602915,61.416667,57.187500
82.857697,156.771372,60.500000,57.583333
82.200503,152.579773,59.854167,60.442708
81.262454,149.621094,66.697917,60.500000
80.730306,145.644023,63.393229,62.106771
80.241422,142.228892,61.546875,62.848958
80.038300,137.692917,61.953125,64.546875
79.738330,134.621368,64.908854,64.250000
79.328323,130.938105,63.000000,65.000000
79.203461,120.021718,63.000000,73.666667
79.249235,119.645543,72.885417,73.583333
80.102333,105.568675,69.786458,80.763021
80.358940,111.691330,61.690104,71.677083
81.295092,111.258916,62.250000,71.000000
82.169769,108.158941,64.036458,68.885417
82.753085,105.417664,64.580729,59.895833
83.799408,101.346191,64.036458,61.463542
84.907649,99.011698,63.526042,60.973958
85.853447,98.058777,63.781250,61.218750
88.823817,97.282354,62.197917,60.895833
89.338341,96.295418,62.500000,61.859375
90.592834,94.223063,62.106771,64.036458
92.154607,92.831072,62.197917,63.500000
92.950846,91.219004,64.151042,62.848958
95.376551,89.827306,62.848958,62.848958
97.025998,89.311150,64.151042,63.500000
99.922112,89.354548,61.614583,63.591146
101.518494,89.707916,60.656250,63.898438
103.044983,89.871567,61.218750,63.140625
105.902939,90.626493,59.533854,62.750000
106.819682,90.544828,59.059896,64.164063
108.190770,89.965403,60.820313,63.393229
108.769714,89.956268,60.656250,64.546875
109.343262,89.569817,61.953125,64.546875
108.417770,90.087072,84.333333,64.151042
112.059820,90.353778,63.088542,63.770833
112.469055,89.535695,63.838542,62.515625
117.991226,89.575633,66.226562,63.591146
119.707855,89.321472,69.250000,64.000000
122.765615,88.894183,62.333333,65.000000
124.388418,87.713506,60.093750,65.177083
126.326869,88.269221,58.979167,64.651042
127.808228,88.046165,58.260417,64.484375
130.293238,86.785624,56.856771,65.015625
132.949071,86.568011,58.640625,66.078125
133.860199,86.826492,56.546875,68.890625
136.420568,86.153053,56.161458,58.640625
138.711461,85.176252,58.088542,71.036458
140.907481,86.019661,56.583333,67.458333
142.949615,87.654638,56.322917,66.328125
144.181737,87.928960,57.330729,65.460937
145.089142,88.935837,59.265625,65.739583
148.252060,89.666771,56.218750,61.562500
150.551804,91.869659,53.250000,59.187500
151.327301,93.455185,57.250000,57.835938
151.273951,94.516106,54.427083,57.911458
152.789948,94.913564,53.070312,62.588542
155.036097,95.681747,53.070312,62.028646
155.939102,96.753220,53.734375,64.281250
157.644124,95.927139,52.354167,65.645833
158.977397,97.540583,51.968750,65.317708
160.715525,98.200963,50.114583,70.479167
161.650670,97.586446,49.937500,69.875000
163.198115,97.342926,50.065104,70.755208
165.232315,103.622935,48.916667,63.890625
164.920308,106.043076,49.255208,60.041667
166.090530,98.112061,50.054688,66.226562
166.144628,97.665298,49.255208,65.151042
165.877319,97.478287,51.625000,64.562500
167.252172,97.639582,50.164062,64.856771
166.121048,96.556793,51.625000,65.687500
167.118963,93.960088,52.661458,67.989583
167.781845,90.091232,57.406250,71.062500
166.894958,87.168098,51.000000,61.625000
166.043701,83.721687,52.062500,67.500000
167.504125,81.789464,52.354167,63.229167
167.485306,78.211182,52.453125,70.375000
166.458984,76.726166,54.075521,69.580729
166.403076,75.211685,53.843750,65.718750
165.651540,72.976285,55.588542,70.106771
165.153768,69.630371,54.166667,63.833333
166.089157,66.378075,54.854167,66.885417
165.851095,62.610011,55.588542,74.171875
166.454742,61.278549,55.375000,61.416667
165.748779,58.015111,55.833333,64.000000
166.366333,56.465233,58.000000,64.531250
165.674042,54.773827,56.546875,66.421875
165.025762,52.753044,56.822917,62.890625
164.619522,52.165039,60.375000,59.187500
164.742111,50.491450,60.208333,61.416667
163.336553,49.652346,59.367188,62.505208
162.139954,50.898277,58.281250,63.765625
160.751383,51.907557,59.000000,60.208333
157.903539,52.415174,59.880208,61.739583
154.581701,54.255478,60.973958,61.585938
153.941452,55.451218,60.375000,61.625000
155.551880,56.458160,58.281250,60.718750
155.172190,58.241610,57.901042,61.494792
154.871623,60.081472,55.864583,60.635417
152.917974,61.596588,55.385417,58.932292
151.242798,63.492121,54.523438,57.401042
149.581238,65.133334,53.229167,57.203125
147.769124,65.076241,53.200521,58.145833
146.513397,65.924950,51.875000,57.656250
145.272308,65.965691,52.750000,60.625000
143.324153,66.566628,51.294271,57.510417
140.314224,66.661430,53.140625,58.687500
139.423309,66.747691,53.846354,58.492187
136.337463,66.714338,55.007812,58.492187
133.132289,67.455981,53.846354,57.330729
131.245860,68.238225,53.708333,60.010417
127.238678,69.992917,56.322917,63.973958
125.608765,72.280251,57.062500,71.078125
124.511795,73.674850,59.296875,68.265625
124.559026,74.500163,57.401042,67.317708
125.035355,73.622849,55.375000,72.250000
126.477025,71.952426,55.197917,74.734375
128.848943,70.619644,55.906250,77.476562
131.261230,69.879448,57.445312,62.093750
135.436712,69.957573,57.088542,69.692708
136.154948,69.453659,57.604167,62.106771
136.910751,69.519684,57.302083,78.109375
138.393524,69.616394,55.375000,81.000000
138.522578,68.463725,56.229167,80.705729
138.190567,68.512146,57.250000,71.625000
139.056641,67.432587,58.593750,62.750000
137.077108,66.656771,61.494792,66.286458
137.523295,65.965869,59.138021,81.781250
136.080017,67.037010,58.015625,80.437500
133.621312,67.841609,58.890625,83.976562
132.589249,68.896187,58.320312,75.450521
130.592687,69.536336,59.367188,75.684896
130.562454,72.578560,58.890625,74.734375
126.372030,75.773560,64.388021,65.643229
128.485077,77.389585,58.111979,63.760417
127.578161,78.704366,57.552083,68.989583
126.744639,81.436653,58.822917,68.354167
123.429474,82.239647,56.117188,68.437500
119.062154,82.779694,58.479167,68.166667
115.234416,84.961700,60.296875,64.908854
113.684575,86.402351,60.481771,67.018229
109.989054,88.754405,61.546875,65.453125
108.052643,90.428886,63.250000,63.898438
107.515930,93.555481,62.601562,62.601562
107.893417,96.338745,61.218750,60.578125
107.791153,99.205302,59.367188,58.739583
108.178818,102.103261,58.770833,55.697917
107.954361,95.706894,59.187500,63.937500
108.250254,104.714213,59.385417,56.927083
107.849223,105.029073,61.416667,57.187500
107.292109,104.665019,64.218750,62.359375
110.023651,103.974915,61.953125,58.710938
110.668350,106.176163,57.638021,58.260417
110.263199,106.483215,55.742188,78.000000
109.225555,104.633682,55.421875,82.000000
107.932983,105.094406,58.773438,82.679688
107.742813,105.095383,55.929688,83.742188
107.603612,105.305140,58.083333,81.630208
105.693253,105.597351,56.343750,80.062500
104.589422,105.912771,59.187500,83.432292
103.643265,105.005249,62.140625,82.757812
102.803848,104.219254,61.651042,80.916667
102.253754,104.828415,59.937500,82.218750
99.986633,103.689758,57.953125,79.750000
100.029256,104.492218,58.278646,83.122396
98.905502,104.853790,58.656250,81.859375
98.358215,104.252457,59.083333,80.333333
98.257586,104.996124,57.742188,58.442708
98.118754,105.705968,57.666667,54.333333
97.479736,103.845779,58.585938,53.523438
97.413071,104.310944,59.953125,52.734375
97.235062,104.496445,61.703125,55.921875
97.399714,102.056493,61.083333,58.166667
97.267494,98.793716,64.015625,59.968750
97.146805,96.279640,62.156250,65.125000
97.596792,93.780065,62.020833,61.416667
97.145073,91.431503,61.328125,61.328125
96.402585,89.312012,64.388021,61.877604
97.105850,88.509636,60.007812,64.546875
96.519386,86.091459,60.869792,62.760417
96.806264,82.652557,60.335938,63.526042
97.411736,80.128853,60.416667,64.291667
96.592224,78.164520,60.007812,72.328125
96.962601,75.320915,59.406250,64.000000
96.374596,73.170410,59.533854,64.036458
97.092903,71.193588,60.578125,64.421875
96.730080,67.748276,86.286458,66.755208
95.759196,66.743945,61.270833,66.750000
95.334709,64.915039,61.192708,67.145833
94.381424,62.708298,61.375000,68.593750
93.578570,62.717987,77.067708,67.807292
92.274818,60.125750,62.651042,72.348958
90.825989,59.183395,71.546875,68.187500
90.529198,58.606636,63.578125,70.609375
88.014320,57.634066,59.906250,71.416667
86.892319,57.066704,59.453125,68.859375
84.446114,57.236847,60.062500,69.250000
84.124115,55.553581,58.093750,68.593750
84.043709,54.773598,56.989583,73.916667
82.579796,54.056396,56.781250,77.367188
82.041626,53.315567,56.054688,73.726562
80.678345,54.496910,57.437500,77.593750
80.983383,53.519465,61.955729,75.653646
80.228144,52.587710,62.640625,78.393229
79.687088,54.186401,62.187500,75.937500
78.193929,54.827075,64.645833,76.156250
77.270432,56.953842,65.500000,77.593750
76.029449,57.926445,66.312500,77.312500
75.517657,59.369169,70.174479,76.338542
74.653938,60.444069,73.187500,73.875000
73.667994,60.594205,71.390625,69.320313
73.077471,63.033503,74.283854,68.804688
72.333049,62.374491,76.221354,67.940104
70.782402,63.585429,76.505208,66.807292
69.248225,65.935089,68.630208,68.630208
68.442513,66.106339,65.312500,67.281250
68.546707,69.022812,61.625000,66.000000
67.656626,70.566287,77.554687,65.729167
67.785362,72.041840,63.250000,65.843750
68.457893,73.942154,76.296875,65.187500
68.470406,76.315091,64.679688,61.463542
69.875837,78.805644,59.750000,59.750000
70.039088,81.137024,58.846354,59.442708
69.976280,82.584396,62.523438,59.007812
71.234533,83.504290,80.804687,59.523437
72.080093,82.142184,77.234375,58.020833
73.845876,79.702215,75.869792,58.291667
76.329491,77.226143,58.333333,63.666667
76.128723,73.511299,73.140625,65.546875
78.663048,71.057396,65.414062,64.750000
81.298767,69.090118,64.656250,64.000000
82.957166,66.878306,60.955729,64.908854
85.310354,64.821625,60.481771,62.442708
87.943993,62.871101,64.421875,63.781250
91.001043,61.633700,89.635417,68.468750
92.743312,58.835518,92.437500,74.427083
96.176605,57.312589,62.979167,77.562500
96.778697,55.002889,91.890625,80.348958
98.211472,53.967712,65.414062,80.570312
99.141001,53.247459,60.872396,80.348958
99.743917,52.068202,60.937500,82.343750
100.072657,53.170766,59.723958,79.776042
99.527626,51.368484,60.718750,77.781250
99.508052,50.457133,60.322917,78.468750
98.870570,50.327464,59.187500,80.661458
99.109550,48.896881,59.406250,79.570312
98.092911,49.428317,60.572917,68.192708
98.231079,46.809990,59.437500,67.406250
97.672259,46.371045,60.955729,70.838542
97.484848,44.478689,61.955729,72.229167
96.729591,43.923111,62.882812,74.007812
96.062363,42.529640,57.953125,69.203125
95.561384,41.617462,58.333333,69.666667
94.430496,40.159615,62.093750,76.039062
93.823418,40.377963,64.510417,75.677083
92.559291,37.511017,65.932292,78.776042
90.971550,35.874130,66.625000,83.395833
89.434799,40.781487,70.031250,76.640625
88.686249,40.717092,70.270833,76.104167
87.005178,40.140414,71.000000,77.562500
85.466395,38.274658,71.260417,78.656250
83.752124,37.681618,73.479167,76.437500
82.505107,35.144414,75.697917,80.135417
79.894109,27.017161,78.065104,90.273438
78.905467,32.823970,57.145833,63.562500
78.272321,32.884109,77.041667,80.083333
77.428131,30.532852,56.510417,64.114583
74.803696,28.943260,58.708333,63.757812
74.655914,25.806140,57.846354,66.750000
73.541046,24.658274,58.291667,66.104167
71.937096,25.456371,62.500000,64.421875
70.734627,25.000057,57.375000,60.578125
68.576708,25.137182,60.973958,62.809896
67.522723,25.467274,60.750000,63.861979
68.578636,24.822372,59.994792,64.388021
68.292793,25.377056,59.750000,63.500000
69.488846,25.121170,58.585938,63.648438
68.615306,26.898360,60.239583,64.020833
70.025670,26.575007,59.770833,65.583333
70.353157,25.501511,58.890625,67.895833
71.939390,27.510953,77.854167,81.729167
72.910301,25.343826,79.164062,85.960938
74.079745,27.655871,57.369792,70.927083
75.304204,34.050148,59.229167,66.000000
76.520269,43.342682,78.783854,68.979167
77.597361,46.232562,78.393229,68.119792
78.847168,47.387917,67.125000,62.093750
81.154264,49.324755,56.947917,60.359375
81.912224,49.389038,56.117188,60.007812
82.736252,50.563675,56.546875,59.015625
84.536476,51.720909,56.343750,58.148438
86.903992,50.857493,55.268229,59.442708
88.951668,50.937553,54.437500,59.781250
91.005608,49.283951,54.437500,59.781250
93.300397,48.883428,60.635417,61.828125
95.248070,46.462860,61.000000,69.125000
97.644897,45.104446,60.062500,71.218750
100.432930,43.466352,56.307292,74.518229
102.092209,42.682045,55.421875,68.859375
105.293605,40.386724,53.955729,73.734375
107.790665,39.324966,52.890625,79.156250
109.240336,38.454633,53.872396,81.312500
112.537888,37.137810,51.296875,79.843750
114.898641,36.833689,53.083333,65.453125
117.090485,34.958054,52.226562,61.484375
119.495616,34.751919,52.203125,60.442708
122.091415,33.648071,50.718750,62.281250
123.390396,32.344128,50.046875,60.882812
124.998306,33.613393,49.598958,62.031250
128.207484,31.698778,48.591146,64.268229
129.277222,32.667892,48.906250,59.171875
131.791840,32.059297,49.031250,58.968750
133.375259,32.035263,49.354167,59.794271
135.827708,31.327516,48.369792,62.302083
138.523285,31.495172,49.484375,60.072917
140.405385,29.238462,49.151042,62.028646
142.504440,29.115940,49.937500,60.625000
144.992818,28.450558,50.270833,62.028646
146.384735,28.178757,50.500000,62.312500
147.247314,27.962074,51.062500,62.875000
149.195358,28.485771,50.500000,62.875000
150.121582,31.595310,51.476562,59.796875
152.862467,32.441672,51.002604,60.343750
154.467407,34.006332,49.937500,60.062500
155.878627,35.559336,50.729167,59.205729
156.290766,36.697833,51.294271,59.770833
157.185959,38.545502,51.875000,58.812500
157.807571,40.091639,51.416667,61.156250
159.026230,40.914253,51.296875,57.656250
160.203003,42.144554,51.625000,57.250000
159.900736,44.327380,51.791667,55.104167
161.350642,45.985387,51.791667,56.760417
162.091746,48.747444,51.950521,55.309896
163.461690,49.645490,51.713542,56.171875
163.590149,51.202202,52.750000,55.000000
164.179225,53.198954,53.942708,54.500000
164.451233,55.860222,55.000000,52.750000
165.041672,56.272484,51.625000,54.437500
164.429276,57.044579,51.859375,55.687500
164.389038,58.389097,52.510417,60.348958
165.010895,59.353887,51.427083,56.255208
163.719406,59.900726,51.671875,55.445312
162.229726,59.699020,51.963542,58.937500
160.223424,59.387342,51.375000,57.875000
155.728806,60.086174,56.208333,58.968750
155.080902,59.801114,56.234375,57.812500
154.282618,60.118395,53.447917,61.729167
154.442795,58.649590,54.039062,62.023438
153.620605,58.343880,56.218750,60.968750
152.528687,57.608315,58.750000,62.359375
150.441101,57.398450,59.385417,64.302083
147.063431,58.430435,62.130208,60.869792
144.091995,58.221420,63.526042,62.888021
141.963476,59.098389,65.322917,62.750000
139.097870,58.001808,63.343750,62.687500
138.112462,59.970685,60.416667,61.062500
135.112503,58.994125,63.648438,61.117188
132.739304,59.862816,62.635417,62.000000
130.408279,60.053955,59.296875,62.500000
127.193843,60.308675,57.088542,65.281250
124.071747,61.314639,60.869792,65.911458
120.909836,62.569873,73.265625,64.151042
112.826670,61.770002,76.338542,68.804688
108.329071,64.561890,71.437500,67.843750
108.253372,64.816414,66.848958,65.447917
107.712016,65.418233,61.041667,68.546875
106.631521,65.786517,57.218750,68.596354
104.630819,67.127632,57.640625,67.406250
101.924957,67.441704,58.585938,66.179688
101.108818,69.161911,59.851562,64.914062
98.467295,69.217824,60.335938,62.888021
96.175804,71.982483,61.218750,60.578125
94.385452,73.452751,64.281250,78.835938
92.368960,74.051509,65.583333,64.291667
91.689751,74.654856,61.250000,77.567708
88.982183,74.463626,65.322917,65.322917
87.922203,75.006213,56.856771,66.270833
87.971565,74.303215,63.648438,64.281250
87.886182,75.649569,56.541667,66.229167
87.976206,77.248962,58.111979,79.450521
87.674650,80.171694,57.002604,69.520833
88.916354,82.654589,58.111979,66.898438
89.523160,86.934313,58.348958,63.390625
88.786619,90.592397,58.882813,60.750000
90.117943,97.051170,57.781250,58.398438
91.156209,100.300827,58.036458,58.643229
90.176585,105.647400,58.036458,56.216146
90.467278,105.501755,58.341146,58.932292
90.903275,105.527283,58.031250,60.312500
91.028404,105.815964,58.000000,59.781250
90.786868,104.721405,57.653646,64.809896
91.939621,103.943390,56.000000,81.625000
92.569679,105.980591,57.437500,79.093750
91.343315,104.270691,60.348958,83.122396
91.369705,115.645808,60.364583,77.015625
92.628095,104.240102,59.625000,86.145833
93.183462,117.242640,59.541667,73.445312
91.602776,104.316895,60.101562,85.132812
92.716057,104.638418,58.604167,81.208333
92.992989,105.255554,57.062500,66.406250
92.916181,105.366618,57.161458,70.859375
90.890010,105.777918,56.989583,59.593750
90.942467,98.910980,57.164062,60.867188
90.708282,93.101402,57.062500,61.937500
89.378657,88.631152,57.401042,62.359375
89.027496,83.884155,56.625000,64.750000
89.678978,79.765053,56.000000,72.250000
88.425710,75.592209,56.960938,71.111979
88.921829,72.355400,57.375000,69.546875
87.729335,70.368457,57.187500,66.229167
89.038933,68.572289,57.375000,63.781250
88.920675,67.980306,58.348958,63.390625
90.937747,65.700310,60.093750,65.812500
92.509984,65.195651,62.197917,62.197917
94.607063,64.514877,64.546875,63.898438
96.630946,65.124608,75.289062,63.242188
98.274841,64.802610,83.661458,75.255208
101.068832,65.178485,79.856771,79.119792
103.185791,65.526474,85.117188,65.414062
104.100067,65.110390,70.067708,81.708333
107.064377,66.240934,69.671875,71.197917
107.616297,66.329091,70.500000,65.432292
108.021469,68.000473,72.718750,72.015625
108.256719,67.471891,72.348958,64.036458
109.751673,67.803108,71.572917,72.984375
113.982147,67.318878,68.031250,74.125000
113.062663,67.201157,68.447917,72.494792
113.614222,66.286530,69.489583,72.914062
114.955648,66.259069,77.890625,70.270833
109.893046,67.078799,70.250000,63.036458
107.183034,66.190992,67.940104,66.559896
108.145396,66.849297,72.770833,63.799479
108.023087,65.755455,67.054688,63.578125
107.026932,66.359993,61.492188,64.210938
105.757996,66.374580,61.375000,66.625000
103.925552,67.133392,60.765625,68.734375
102.576238,67.428998,58.557292,67.927083
100.344147,67.099136,58.093750,65.968750
98.979218,67.734207,57.833333,63.645833
97.136513,69.390854,58.585938,61.750000
94.297401,70.220901,59.125000,59.750000
92.565117,71.120880,59.880208,64.218750
90.463257,73.585342,59.937500,78.515625
89.576335,74.617510,61.192708,61.854167
87.700653,73.846672,62.888021,65.440104
86.189781,76.139359,61.463542,64.679688
85.438942,75.873611,59.851562,76.937500
84.281937,78.663979,59.593750,62.848958
84.631027,79.633728,56.625000,71.000000
84.399040,83.200963,58.822917,76.614583
84.705467,85.622396,61.135417,65.710938
84.841563,89.215111,68.153646,63.132812
85.657883,91.342087,54.973958,62.505208
85.327296,97.275709,57.429687,57.429688
87.399546,100.866318,52.791667,53.968750
86.925929,105.117874,52.510417,51.950521
86.759529,107.255391,56.515625,54.338542
86.536077,104.768753,55.656250,57.312500
88.308172,105.652415,54.854167,57.145833
89.394000,104.950887,53.708333,58.864583
90.184547,105.398666,55.179688,59.171875
91.208237,104.475250,56.664062,60.765625
92.248711,104.075302,66.039062,74.828125
94.249954,104.523636,64.570312,77.531250
96.083054,104.271439,80.757812,76.218750
98.784683,105.029739,72.367188,62.171875
99.951711,104.136902,65.250000,81.312500
102.894165,103.779663,62.171875,81.156250
105.058868,103.278147,58.164062,82.864583
106.369965,104.299164,62.875000,58.656250
106.906525,102.980179,61.234375,55.880208
109.566193,95.539210,61.364583,60.093750
108.938858,96.174889,59.218750,57.320312
108.596344,92.252472,59.953125,61.757812
107.922623,89.122655,60.812500,62.625000
108.119247,85.986534,59.218750,62.382812
107.725998,84.177714,60.239583,62.130208
106.988602,82.076823,58.822917,66.447917
105.023941,79.491272,59.937500,72.109375
104.143143,76.297401,59.453125,65.500000
102.527191,75.883232,59.593750,65.453125
100.951464,74.874985,58.479167,63.645833
99.038935,73.020816,60.335938,62.888021
96.523023,73.153854,62.106771,62.750000
95.161924,71.853340,61.546875,61.546875
93.740265,70.657616,60.578125,63.140625
92.341860,68.761856,60.177083,65.322917
91.212016,67.302048,63.096354,65.057292
89.750755,65.513557,66.343750,65.703125
90.051275,64.752673,77.666667,66.333333
91.230583,62.458209,68.250000,68.250000
91.717578,61.516075,59.843750,69.651042
93.451154,61.744024,57.666667,68.333333
93.327591,61.256599,58.750000,67.281250
95.206421,61.557121,59.406250,67.281250
95.989451,61.946490,58.320312,66.226562
97.689659,60.968966,58.479167,66.875000
100.075394,60.362508,57.867188,69.632812
100.727737,60.283084,58.546875,69.130208
102.938675,59.816940,58.109375,72.054688
102.931763,60.384987,60.354167,72.494792
104.095383,59.536435,58.278646,74.151042
105.809530,59.556074,59.901042,72.914062
106.275681,58.465986,59.658854,76.911458
106.994761,58.829226,61.945313,71.752604
106.300374,59.000977,64.729167,72.348958
107.629639,57.765755,69.960938,72.804688
106.955114,59.186366,66.625000,73.916667
107.110046,58.580994,66.406250,75.031250
106.716482,58.987483,68.807292,76.020833
107.405090,59.289238,78.742188,76.562500
106.963328,59.502838,71.960938,75.776042
106.748672,59.103859,63.484375,78.015625
107.014084,59.411491,70.609375,74.828125
108.060440,59.215553,70.671875,75.648438
107.202784,58.970299,71.692708,77.463542
107.621872,58.335373,72.234375,75.906250
108.100108,58.200823,73.223958,75.434896
107.923309,58.516373,69.296875,73.703125
109.477890,57.930313,70.000000,75.031250
109.062119,57.649963,71.476562,73.656250
108.680959,58.028852,69.786458,75.640625
109.740356,57.966988,72.156250,71.437500
109.008901,58.481636,73.958333,74.666667
107.503194,58.799459,76.104167,69.541667
108.495941,58.539040,74.843750,69.776042
117.945618,59.467440,65.447917,68.250000
135.420471,59.340426,46.333333,62.333333
121.961441,59.457352,63.648438,66.812500
136.430969,61.158577,45.203125,61.218750
107.864105,63.662292,75.343750,68.640625
130.458755,67.734215,49.687500,72.109375
106.851593,71.114822,73.515625,75.953125
105.464925,73.900078,74.372396,71.820312
105.497808,78.830182,76.627604,69.934896
104.160004,81.725899,74.125000,68.500000
105.511846,83.404938,74.697917,65.117188
104.118276,84.898122,77.015625,66.156250
103.776764,86.978233,76.703125,64.085938
103.511063,89.777133,74.908854,62.468750
102.961670,93.196144,75.648438,64.273438
103.079926,95.326782,76.083333,60.500000
101.663264,96.555517,73.958333,61.208333
101.083201,96.590235,70.174479,58.531250
100.473796,94.724721,76.520833,64.151042
100.135401,95.714462,76.734375,58.994792
99.838638,92.373952,78.583333,64.036458
99.664444,90.250778,75.648438,67.828125
98.252096,94.481987,72.080729,60.348958
97.746368,91.845802,70.875000,61.468750
97.785080,90.001266,72.054688,64.085938
96.925817,87.061150,78.565104,66.424479
96.432922,83.816193,76.093750,64.273438
95.586807,79.943138,77.601562,66.559896
95.335169,77.751300,79.911458,71.947917
94.678141,74.200821,80.083333,68.677083
94.966324,72.402702,90.578125,79.093750
93.820480,68.593788,77.445312,82.273438
92.906418,65.704124,79.859375,70.203125
91.899775,63.627304,87.221354,68.145833
91.226242,61.493126,89.640625,73.656250
89.092687,59.845207,99.312500,65.052083
87.960912,59.439367,92.419271,74.750000
85.589503,59.323769,81.494792,72.713542
83.492523,58.198761,78.875000,73.312500
81.261706,57.790980,78.635417,74.619792
79.714742,57.297351,78.583333,63.343750
76.841637,56.382345,82.807292,63.984375
74.526009,55.376935,82.960938,65.447917
72.644198,54.640396,81.041667,63.333333
70.029099,53.683632,80.625000,85.601562
67.406021,54.009949,83.531250,66.880208
66.631360,52.973437,84.072917,66.169271
63.840950,53.333092,86.841146,69.528646
61.177114,53.913528,88.500000,62.979167
58.855309,53.167725,91.546875,72.992188
58.458435,54.162130,93.890625,62.927083
54.772964,55.255875,94.109375,63.335938
53.851151,55.079109,103.593750,70.671875
53.093552,55.766487,106.072917,69.979167
52.628960,55.999054,103.937500,68.500000
51.565221,55.684522,99.286458,71.453125
50.633156,55.534559,105.841146,62.914062
49.269028,56.194901,102.335938,65.718750
49.254639,56.014870,107.312500,63.437500
49.433144,56.558253,98.403646,63.924479
49.536756,56.710177,104.190104,64.565104
50.499636,56.289935,105.526042,72.968750
50.953359,56.880442,103.122396,75.593750
52.525335,57.370834,99.580729,99.580729
55.141691,58.376444,98.375000,100.083333
57.078562,59.976824,94.958333,95.812500
59.848958,62.121257,97.484375,100.869792
62.059273,62.762088,88.760417,92.270833
64.900497,63.920787,87.666667,92.666667
68.452321,64.892120,83.333333,64.333333
70.579852,66.096619,81.528646,64.971354
73.329262,66.975975,78.776042,63.791667
74.950478,68.251740,77.804688,63.531250
78.353961,68.271734,75.531250,63.799479
81.827164,70.058609,74.007812,62.882812
84.891179,69.198662,74.841146,65.179688
88.370270,69.669197,77.781250,72.804688
92.489380,68.784378,79.776042,82.640625
95.679423,68.670227,83.786458,83.033854
99.463593,70.099058,86.044271,81.528646
102.621185,70.338921,81.484375,77.539062
104.506409,65.716370,86.296875,87.101562
107.467697,69.199684,82.843750,86.218750
110.113571,67.905006,82.000000,87.062500
107.903183,69.732170,87.125000,83.875000
107.920380,69.690857,90.161458,78.385417
109.444377,76.597303,92.140625,73.752604
109.089203,81.360110,98.333333,56.510417
118.571599,83.203003,92.611979,55.101562
117.186920,81.011154,94.437500,62.812500
134.995071,83.969742,78.250000,65.500000
158.025335,86.522995,55.942708,56.656250
166.552628,88.512561,47.718750,61.260417
169.592331,90.250562,46.026042,62.750000
168.421076,97.965566,46.898438,56.078125
171.346095,108.328156,44.554688,48.039062
171.478368,106.311930,44.062500,52.343750
171.522369,116.841019,44.445312,45.492188
170.664871,119.550557,44.273438,46.263021
171.221069,115.155451,44.130208,56.927083
170.954610,110.020757,45.078125,64.984375
170.890808,124.047241,45.765625,57.205729
168.683777,127.950597,46.736979,56.789063
169.079407,128.660339,46.046875,59.609375
167.654902,132.011068,47.479167,59.098958
166.764394,141.243296,46.463542,58.622396
165.486389,145.749008,49.750000,55.843750
164.395432,149.137477,51.716146,52.783854
162.741481,152.353368,52.161458,50.528646
163.624878,151.516098,50.937500,50.937500
164.881892,147.737940,49.635417,57.565104
164.857574,141.427399,51.859375,61.703125
164.691177,137.789932,51.526042,66.286458
163.590800,139.508280,52.882812,67.791667
163.506887,138.436371,54.166667,66.854167
162.722788,134.483256,53.630208,69.541667
159.725499,130.806157,56.229167,71.919271
158.684769,115.974609,55.036458,73.265625
159.418676,119.244807,54.526042,65.106771
160.244517,125.237752,52.010417,55.083333
161.237579,123.754547,50.804688,54.906250
159.866882,123.792633,49.812500,43.156250
160.015299,121.193995,50.164062,42.234375
158.634206,105.445063,52.265625,53.270833
158.160950,102.540639,50.447917,52.026042
127.106852,88.928741,78.942708,63.460938
144.149317,87.024696,59.789062,64.268229
150.892675,91.867658,51.026042,61.619792
151.367386,88.044449,48.460938,63.109375
151.947144,85.961868,44.937500,69.796875
147.526438,84.191391,46.833333,68.031250
130.802490,83.751045,61.750000,72.437500
143.281703,82.209773,46.518229,73.119792
127.789714,82.101906,61.619792,73.979167
125.467728,82.422880,63.598958,72.895833
123.579096,81.353686,62.617188,68.218750
134.581340,81.799548,47.442708,69.408854
108.125458,81.461500,73.755208,67.791667
109.090378,82.236450,71.625000,64.125000
107.724625,82.628540,71.875000,69.250000
107.716522,83.860847,71.812500,68.375000
107.760971,85.130814,65.687500,64.984375
105.419128,86.413432,67.000000,66.333333
102.067042,89.118098,73.265625,53.083333
99.719376,91.126930,61.953125,61.953125
98.384903,93.885262,70.187500,56.734375
96.056104,97.699341,64.291667,55.250000
94.673353,97.538699,64.484375,54.526042
93.192767,96.858055,62.809896,57.302083
92.925995,95.913218,61.677083,59.250000
92.129293,95.821434,68.218750,61.994792
91.028620,95.234233,61.611979,60.973958
91.132690,95.202980,64.125000,60.375000
90.461304,94.237946,77.544271,64.036458
91.116282,95.540375,79.914063,61.028646
90.349932,94.915207,71.125000,62.625000
90.757062,95.463679,81.052083,58.968750
90.425845,94.556351,80.348958,63.757812
90.965591,94.244995,80.916667,65.218750
90.699666,94.485102,79.299479,71.981771
91.011663,94.870117,81.614583,60.906250
90.158257,94.308929,79.578125,61.218750
90.234619,93.516792,82.218750,64.250000
88.507579,94.207868,80.776042,64.971354
88.480990,93.673172,83.033854,62.713542
87.525986,93.277598,83.960938,64.528646
86.826958,92.979599,71.500000,70.750000
84.669777,92.329620,73.593750,70.000000
84.410624,92.497419,77.713542,63.562500
83.322718,91.845904,81.791667,66.643229
82.521378,90.289825,79.812500,74.507812
81.244118,90.183708,75.960938,73.593750
80.797874,89.210564,82.000000,71.500000
79.864558,88.267965,78.072917,70.208333
79.201157,87.294006,84.531250,68.289062
79.036199,86.049665,101.979167,65.750000
77.483729,84.895393,80.369792,64.171875
77.152568,84.742541,97.028646,60.921875
76.751368,83.886927,92.101562,59.398438
75.716527,83.513509,101.208333,58.041667
76.192884,82.764712,101.872396,57.393229
75.798538,83.251350,84.640625,56.234375
77.132472,83.365781,70.507812,55.559896
77.427460,81.984932,91.289062,55.742188
79.117905,77.368027,84.554688,59.851562
81.770604,75.085335,73.734375,56.416667
84.592079,71.967272,67.544271,65.567708
88.312403,69.622027,66.447917,65.177083
90.619324,67.135829,69.906250,64.164062
92.174232,64.530248,65.919271,66.588542
93.361259,62.610794,63.484375,67.515625
96.202677,59.030571,61.666667,73.666667
98.154421,59.551262,62.640625,74.283854
99.305565,56.690445,58.750000,77.312500
100.516418,54.677834,59.143229,78.757812
100.740555,52.936371,58.164062,74.395833
102.072708,51.352974,57.375000,80.062500
103.601293,48.126472,56.958333,78.916667
104.738139,48.300692,64.046875,80.158854
105.018127,45.605865,64.890625,84.718750
105.451406,45.503377,75.739583,83.960938
106.456406,45.244136,69.421875,91.442708
107.151194,44.485448,74.471354,87.679688
106.392726,44.568481,75.861979,101.096354
106.656250,43.349335,82.218750,96.343750
107.052017,41.646164,79.617188,95.882812
107.445557,42.152580,77.145833,88.656250
108.136180,43.419413,86.677083,84.106771
108.344020,42.761309,88.914062,93.354167
107.553304,42.543660,82.583333,87.218750
108.616394,41.705510,78.458333,79.338542
112.959976,42.265846,72.054688,73.726562
110.907038,42.682986,74.867187,74.867187
113.057129,43.285576,74.500000,72.203125
113.808228,42.572334,74.500000,72.968750
114.283066,44.436707,74.000000,70.197917
119.332102,45.373662,69.760417,70.507812
121.313721,45.831177,68.539062,70.671875
122.802450,47.441846,69.000000,70.416667
123.949585,48.051079,68.500000,69.203125
123.971252,48.836090,64.273438,69.960938
124.797577,49.631897,66.677083,70.739583
123.462606,49.828321,67.250000,75.531250
122.294866,49.851995,64.747396,75.255208
118.833023,49.821144,68.539062,75.648438
114.633041,51.020782,71.833333,81.041667
111.527501,51.779228,77.463542,75.299479
109.524348,51.474510,69.520833,85.906250
107.980611,53.394346,70.276042,76.171875
106.782349,53.261650,79.578125,84.718750
107.879166,53.083928,81.937500,82.708333
106.459259,53.493950,77.940104,94.138021
105.174606,53.836121,82.750000,95.523438
103.265762,55.748718,79.604167,93.002604
100.271362,56.343979,83.585938,93.354167
97.635742,56.635414,84.796875,95.609375
94.543950,59.645035,61.208333,90.427083
93.225683,60.400124,62.403646,92.684896
91.089587,60.810908,62.559896,78.549479
89.424807,63.516111,60.312500,86.166667
88.169807,64.276611,60.872396,73.856771
86.545456,65.369957,60.812500,65.625000
85.491773,66.837606,60.481771,67.671875
84.255564,68.079600,60.955729,68.203125
82.182312,68.690201,62.093750,73.382812
81.891998,69.775368,60.132812,68.968750
81.022614,72.055145,61.429688,68.070312
81.403890,74.298747,61.854167,67.145833
80.651812,75.279851,63.838542,68.468750
80.716629,77.206299,63.666667,68.333333
80.641118,79.560488,63.177083,67.807292
81.040789,81.272024,70.286458,68.979167
81.816544,82.568405,66.171875,67.515625
82.726166,84.122032,67.406250,66.755208
84.600947,83.368156,63.500000,66.755208
84.566968,83.857389,62.750000,67.252604
87.312884,84.552307,58.739583,65.015625
88.009605,84.040878,61.625000,64.125000
88.895617,85.212402,66.270833,65.015625
89.470512,86.442322,65.062500,63.781250
90.892532,85.598839,62.760417,65.911458
91.275360,85.567024,64.125000,64.125000
92.353594,85.654394,62.250000,66.716146
92.650645,85.319143,61.119792,67.937500
94.096860,84.402064,60.750000,67.596354
94.328308,84.035904,59.015625,67.656250
94.951045,82.774531,60.361979,68.317708
95.523257,81.985524,59.880208,67.937500
97.409533,80.659114,58.739583,70.664063
97.272921,77.153804,58.882812,73.820312
97.662740,75.713430,58.822917,65.812500
97.619733,75.000160,59.125000,64.937500
98.457535,72.784261,64.679688,66.609375
99.762945,70.316127,58.330729,65.750000
99.808573,68.498599,60.416667,72.041667
102.420700,67.679825,58.093750,68.289062
103.979340,68.001282,59.406250,71.875000
106.354223,68.117264,59.005208,70.471354
107.599701,68.838707,60.125000,68.859375
107.569285,69.937444,65.666667,69.000000
107.055542,71.589584,68.445312,75.398438
110.679733,73.193398,65.895833,75.375000
115.564779,72.695760,62.315104,79.627604
118.120773,73.070984,63.531250,77.906250
115.216568,74.099449,60.484375,75.906250
119.145823,75.073730,56.752604,74.395833
120.585393,74.775772,56.520833,76.833333
119.941696,73.938171,56.687500,76.625000
120.466187,74.630819,56.476562,74.968750
121.465866,73.668411,58.109375,74.234375
122.428833,75.248355,56.947917,65.135417
124.382736,75.441689,60.656250,74.273438
127.293437,77.501526,64.453125,76.734375
130.598618,81.582581,62.140625,76.359375
136.722926,83.408656,56.341146,73.854167
141.617696,85.658969,51.666667,65.666667
147.341370,88.712601,54.156250,62.382812
151.365494,91.052940,55.140625,68.375000
152.542842,94.311824,69.692708,67.802083
161.519175,96.012324,64.500000,65.822917
164.281260,96.108134,68.057292,64.802083
166.734497,96.348297,66.843750,63.484375
170.370209,96.944031,66.929688,62.171875
172.307302,99.338079,73.265625,62.848958
174.387899,99.714279,72.611979,59.226562
179.727478,105.368922,69.265625,55.210937
181.410416,104.620646,70.260417,60.093750
182.805893,102.262563,71.776042,61.854167
184.118851,99.138611,81.203125,74.406250
183.477417,98.419286,86.625000,78.062500
183.512634,100.835449,86.500000,71.500000
182.510071,101.078888,87.625000,72.929688
180.989563,102.931188,87.809896,60.153646
182.293121,103.072713,76.104167,60.062500
179.290298,103.243668,74.427083,59.880208
177.215352,105.334890,71.544271,57.846354
177.962804,103.157323,73.265625,58.291667
177.051600,101.079961,69.122396,92.729167
177.779882,100.052551,70.416667,61.208333
178.330124,100.695892,65.500000,59.453125
178.636225,100.602005,64.164062,58.421875
178.859456,100.116765,72.575521,63.239583
178.599070,102.133377,72.247396,57.867188
179.391434,100.422587,66.364583,59.828125
179.172338,103.278498,71.953125,57.638021
178.401530,102.768448,66.364583,56.559896
177.717016,105.869578,68.630208,55.231771
179.098745,106.954473,67.937500,54.302083
179.615082,107.691086,71.687500,53.406250
179.922836,106.784587,72.291667,55.979167
179.273707,107.826909,71.078125,54.906250
178.862986,106.172099,73.213542,57.914062
176.399267,109.340464,75.010417,53.317708
176.823990,104.317418,73.265625,58.291667
178.747920,104.582698,74.125000,57.875000
176.596466,104.116892,73.041667,58.247396
172.498795,105.386780,79.239583,55.632812
178.150274,103.903280,74.427083,59.187500
176.545944,104.643987,75.450521,58.320313
174.373978,105.289093,78.695312,57.445312
173.211502,104.603119,78.031250,57.445312
178.705266,104.508153,71.489583,56.135417
179.243088,106.533783,68.070312,56.117188
178.365473,105.763809,70.953125,57.088542
179.763270,106.810308,68.841146,55.148438
175.752380,108.114029,74.671875,54.171875
176.080872,104.670827,72.437500,57.885417
178.267186,108.945435,71.145833,59.679688
174.755636,107.224202,75.000000,55.000000
175.867966,105.321518,72.611979,62.572917
174.243912,106.398570,74.968750,55.791667
180.119614,104.639954,70.875000,61.468750
176.609019,105.816294,73.096354,59.697917
177.120499,105.767726,72.611979,58.557292
174.210658,105.208135,77.216146,57.656250
171.081823,104.986786,78.981771,57.588542
174.783356,106.291122,79.750000,55.140625
177.227793,106.013672,72.770833,56.208333
175.594391,106.946381,78.031250,56.781250
172.013290,106.732361,75.250000,56.000000
176.676137,106.045792,76.156250,57.197917
176.715154,105.524841,77.023437,57.846354
175.353165,105.506836,73.726562,58.093750
178.198410,104.885783,79.463542,64.453125
